31.03434049353174,31.46232296114311,31.86716026538473,32.24114679380333,32.577709858099965,32.869794895533786,33.109282288500935,33.290484979951536,33.421199271765566,33.513751081944875,33.58121529188177,33.639030070559855,33.70234621131637,33.78527936957129,33.90838573436435,34.06101905395539,34.272594680099424,34.556590467850796,34.90099687006484,35.402629818899996,35.87699335668342,36.295113545588826,36.86913695029643,37.490817732080664,38.144221968514685,38.812463872872456,39.477388673203706,40.116227760112366,40.7052880933963,41.22688461981169,41.66802548180073,42.018322224974554,42.26754754825457,42.40988568992858,42.46281659453571,42.45255269772621,42.401842506577644,42.33057960439702,42.23881298586336,42.191234677420766,42.222761388781436,42.36525713066524,42.690826102352815,43.09909969764527,43.545983263910145,43.989839385505555,44.46233446259626,44.935812216221755,45.39211471079364,45.79515290583318,46.128169792697,46.352022005975584,46.44581649028901,46.4311626562857,46.31591096211428,46.133293382957575,45.90174742167993,45.650415412924616,45.38475862302895,45.14777420228815,44.953856796516966,44.829528346718824,44.78364348870602,44.803273927238074,44.89899231771641,45.05266780882807,45.24312584862406,45.478058316522365,45.742269299641364,46.04529876996021,46.37705862754977,46.65310842436172,46.8345747936936,46.95001728324449,46.981842698319106,46.90494642711052,46.73351271984325,46.49133722057101,46.20216882605843,45.890793004212426,45.58319735879937,45.305142500035885,45.07603438566165,44.89819320194104,44.76969495378242,44.692770573182734,44.67705606896881,44.73819643378948,44.895440843626005,45.17071481058074,45.56564528679281,46.013022763413346,46.46281131730322,46.903706682487275,47.34073896285132,47.75711478022451,48.10473197011729,48.353051120456065,48.50171560665756,48.554916728595174,48.49856612138023,48.32945156994553,48.085380672773674,47.79932552486837,47.52418887121054,47.3074884749435,47.17846443090443,47.17863132367485,47.33428270742481,47.61558170986636,47.986100992943626,48.42137678384587,48.890703335515944,49.35976769611444,49.7858513403941,50.116635263420605,50.316104763545376,50.39278524203663,50.364133047133045,50.24526720208288,50.041242659443135,49.793150285694516,49.51943761598873,49.20946727458557,48.88868522136523,48.63092498148147,48.488363469896235,48.45867630058256,48.52485474800855,48.6768810832637,48.90825928802018,49.233207681244004,49.59971255177402,50.01490744498672,50.503052082551626,50.996253120415425,51.4472078892363,51.8175665986251,52.09805614895699,52.28408727256918,52.368074811393996,52.343673712920186,52.20843255474871,51.98980923746057,51.72491222669424,51.46036337084411,51.20844147412594,51.03389981321684,50.94305043854809,50.96075869189688,51.10807601949757,51.38227252282035,51.73426238865836,52.12669782206899,52.49721501392196,52.838973713327135,53.14467908572178,53.33741912840371,53.369967192169455,53.15767169560404,52.95222784809425,52.80152508280534,52.651053595833915,52.42600464775439,52.06143772667402,51.63095846008495,51.24108103140278,50.984524705695854,50.866009118925874,50.86298628228078,50.96001488841238,51.146987712316715,51.415790904274594,51.7402636740617,52.0962143587179,52.43714218972762,52.70832573065559,52.863218172731706,52.898284110294014,52.835428863532066,52.687410446167966,52.4742086362702,52.21199543273188,51.92018850745843,51.617804933801786,51.32401977033628,51.05323083080476,50.82175591567358,50.64934654644281,50.54783465794369,50.53181189923757,50.614899874182946,50.7829694639227,51.02190133964552,51.31570499946468,51.64412722555518,51.9826699092611,52.3090417976744,52.592026899407884,52.807188446895445,52.92149707123936,52.92785364740238,52.83776953083471,52.674567169451485,52.46237746804816,52.226048938570266,51.9902557595745,51.77895251566812,51.61545446955207,51.53085288774649,51.52663623527746,51.606496992560615,51.757744885208595,51.986280874003135,52.273740713500885,52.60484741998992,52.96400987962084,53.33604182429411,53.69869936545088,54.01795380440949,54.259408855050566,54.40299843306291,54.45092887870272,54.41720709058394,54.32306022033064,54.17838336353446,53.996911449606074,53.79299042442671,53.58141113989993,53.377140971315995,53.19484313231624,53.04853626524325,52.949470508648524,52.90128295871965,52.90598364794386,52.967251031214865,53.09135819452769,53.28246817027459,53.52832420510702,53.811111880238315,54.111605037762715,54.409413311762655,54.68376208154717,54.9167749459332,55.102234712335076,55.237406137272494,55.32039530371608,55.350019072285725,55.32704382972674,55.257844088585856,55.148790805979964,55.006268077983066,54.83689804910807,54.64817329297915,54.44917852099811,54.25340544023076,54.07450729184971,53.922043158500294,53.8047863597761,53.7313324616116,53.70828039423543,53.74046554316444,53.810458527627745,53.92402890619513,54.078240710159214,54.26869850663982,54.490038342870754,54.73293617009115,55.000355722763764,55.269203671239154
31.13863699516059,31.556871065875352,31.949975961853475,32.31146945413339,32.63576779470102,32.91691734735017,33.14812046487451,33.32486461047206,33.454967761296786,33.55042600135071,33.62394104428329,33.69045884153631,33.76471354261884,33.85996417629858,33.99440062522568,34.16102935657039,34.385592217218985,34.680549371739595,35.035718234992586,35.52303973038342,36.00287699251809,36.4528860451288,37.0311066440933,37.65346777922152,38.30352508062699,38.96383970612073,39.61584233401976,40.237046245931005,40.804507863665535,41.30227673320976,41.71950128090537,42.047995011972716,42.27980060207481,42.41113286928886,42.45981680748437,42.4514793380387,42.408329474853666,42.349451904447,42.27862254869186,42.252787555656575,42.30456329516267,42.4661497116942,42.802616797549184,43.216405160961926,43.659922332377526,44.09978449824223,44.56271215738492,45.02303086343527,45.460861531464595,45.8430219984301,46.152521390317744,46.35486384190103,46.43221534135564,46.405249217860046,46.284361548621554,46.10009087482501,45.871076810975836,45.62398793167826,45.36852963957501,45.141458983023355,44.95897356315293,44.84670594431159,44.814553865699736,44.85014476691929,44.95806290434913,45.120455295157235,45.31821894331988,45.554829548542,45.81527560114757,46.10769382522315,46.4223062996683,46.67822681732876,46.84141918526882,46.93825004316009,46.952696791025645,46.86223278099053,46.681747546583686,46.43520257770904,46.14651537253206,45.84043378636076,45.54260720898957,45.27821434493824,45.065871704640955,44.90667286398487,44.79762851489826,44.74010244931979,44.74285498592322,44.820596905263905,44.99158478000257,45.27650895332448,45.67548373517789,46.12077482514592,46.56278685322697,46.991411975703016,47.412406528968965,47.809622864308224,48.136668355148004,48.36451541901849,48.49317328611094,48.52874113978182,48.460884523474526,48.289394466943826,48.051079482082585,47.77918152077818,47.523479512555554,47.32989842887098,47.22782152449459,47.25202845049449,47.42339224679666,47.71339008459798,48.08728877786179,48.51976895131708,48.97980458115335,49.43309047517299,49.83786961471562,50.14538374169128,50.323208768671606,50.38099976164805,50.336712196957485,50.20597625754995,49.99660730995655,49.74680386146721,49.47585215480275,49.17834140173762,48.87807527285525,48.642418458092926,48.52007737271688,48.50815375923501,48.58985518883376,48.75500188243525,48.99739148086814,49.32451746207515,49.694825064543245,50.113036157370296,50.59046475596079,51.06932410391504,51.5017340986011,51.85076046706788,52.10884068203263,52.27322521310423,52.33877076384824,52.301674221248945,52.16204792469762,51.947363806258,51.69298330451986,51.44193063970719,51.20928596582045,51.052057062703966,50.97984115513161,51.015901889919526,51.17702135555789,51.45611545885527,51.80598981427626,52.18986987921644,52.55033242270183,52.875847913924346,53.157202960070066,53.331360527749005,53.347536416896844,53.127392698461996,52.910863393793235,52.74443922089263,52.579682394092764,52.349589130938384,51.99581516255915,51.587218132183864,51.22473675677559,50.994302459844334,50.89700753991682,50.91064097846891,51.0207132857582,51.216588650189955,51.487690752001384,51.808053370612605,52.15311738689173,52.47866202511496,52.732967310855244,52.87197987094733,52.893877921587276,52.81977122435378,52.66352866747884,52.444799815940236,52.18034102978694,51.889458711960266,51.59104303939337,51.303989459275726,51.04350139397977,50.82601815652076,50.67000501688598,50.586639431682286,50.587462963596856,50.68318560175566,50.85928543508596,51.10133109434604,51.393315014406056,51.71424200048641,52.03998310293564,52.34916582946894,52.61363826827815,52.8107041091468,52.91090511723264,52.90696485219717,52.81138550250014,52.647324360804625,52.43855759401661,52.20940919216646,51.98399666761387,51.78572128802039,51.63726508131673,51.56713879853409,51.57815233956143,51.6713493596804,51.834230501476796,52.06969459058182,52.3602704810994,52.69036829241472,53.04399259279119,53.40553142836095,53.75305633639384,54.05474622290596,54.27897730756328,54.40728123594922,54.44343812005906,54.40157359376605,54.3014806709408,54.153845424992085,53.972426509844986,53.7715005865618,53.56570631116154,53.36979548444977,53.198212296696866,53.06477470023672,52.98032804426969,52.94718021604664,52.96590567809779,53.03880447690655,53.17068340452104,53.36448443546482,53.608237729934224,53.8847977319153,54.17567138357566,54.46132940141219,54.72191290315431,54.940416142374005,55.11129608168564,55.2324777946041,55.302724206187534,55.321475143657786,55.28996732292874,55.21470078565708,55.10236758424227,54.959660317345445,54.79351573945076,54.61168890375642,54.42309304675172,54.240255214836736,54.07576026492413,53.938230618242216,53.835448570670415,53.775288378955814,53.763970071312876,53.8051096289418,53.884101723134926,54.00505596915406,54.16487053181843,54.35900757474169,54.58197979792422,54.825180180684775,55.090181293523386,55.357095661267415
31.241919034684823,31.6507240717918,32.03258719495849,32.382187872977674,32.694880480876655,32.96575392224,33.18926138292457,33.36199803304166,33.49178873244542,33.5903014135189,33.66986860484068,33.74495368747357,33.829882081302706,33.93709079836099,34.08254883662748,34.26261369098191,34.499606329984985,34.80503095893216,35.17038268833754,35.64525394751707,36.13021741922146,36.60884276057683,37.190614844713394,37.81308928538189,38.45937575373155,39.11154051882996,39.75066302765196,40.354565942611316,40.90105874163479,41.375864020605874,41.77017625663283,42.07790754245852,42.293260704374056,42.414371061861814,42.45934210516233,42.45319132588485,42.41757431481891,42.370827725418216,42.320135434069826,42.3151467250368,42.38623434582886,42.56581087903672,42.912389280032,43.330999781508545,43.77085779323275,44.2063089985346,44.65953677311109,45.106740623359094,45.52647054846879,45.88825993499915,46.17502604932518,46.35671666755717,46.41842738804771,46.37994482527112,46.25396289448601,46.06848790690177,45.842296077711204,45.59979661918657,45.354360601401034,45.1371340562128,44.96586407439079,44.8653088213244,44.84629214115236,44.89692845801564,45.01625273963363,45.186679270713086,45.39102629727271,45.62886336960413,45.88533310242222,46.167233135692726,46.465066952852375,46.70147387111728,46.847028460089554,46.926063791083855,46.924051381951465,46.820944815592256,46.63227603013853,46.3821158671479,46.09448791396713,45.794050369967614,45.50608153349395,45.25516410720354,45.05913736220089,44.91794042199323,44.827592424009794,44.788647103435494,44.809031996478545,44.90255383615883,45.08649729516607,45.38034123877957,45.78274864670381,46.22556252690009,46.6596769719348,47.076150397524536,47.48143504386539,47.86003128846464,48.167242657391085,48.37553264569924,48.48527920255047,48.50437625066553,48.42605553408407,48.25289514554018,48.02064415905665,47.762692540783455,47.52590568720233,47.35463919254595,47.27827799347635,47.32523517540564,47.51128308288564,47.80915335593421,48.1857379259902,48.61496106925268,49.065529341612674,49.50318836448304,49.887153067364565,50.17213639469465,50.32918820580646,50.369026407015006,50.31006004602547,50.16840004531388,49.95442265577724,49.70360225339808,49.435915625532296,49.15075790237136,48.87047784553655,48.656257289601115,48.55344044822935,48.558553562161954,48.65500674219209,48.832517008113435,49.08519811548292,49.414527153679416,49.788092455655146,50.20812745175441,50.67487962101233,51.13955688253273,51.55384745588396,51.88221756671845,52.11875180309206,52.26247404433254,52.31057182348954,52.261663207477454,52.118281920827464,51.90782057262136,51.66392342573811,51.42620008399459,51.21222752266816,51.071750337217985,51.01734685458598,51.0707205706826,51.2446255142531,51.52792619423638,51.87523943168687,52.250395458213305,52.6005916859107,52.91011553907878,53.168114962092,53.324306351895366,53.32481498127528,53.097358973243004,52.87058302721979,52.689598174747516,52.511716801583475,52.27735613482386,51.934456709575166,51.54730102156652,51.21134577798729,51.005960517319444,50.928885262631226,50.95827849347223,51.08052990902287,51.284506533834104,51.55734750314661,51.87327703246872,52.207434055327965,52.51783421695332,52.755690093325,52.879391253052965,52.88873238593443,52.804070525264734,52.64026970850892,52.4166444112794,52.15046602091188,51.860919149636736,51.56675525703601,51.28658137962568,51.03628696823658,50.83238499906327,50.69214761799814,50.62612016430106,50.642943448046786,50.75053677787479,50.93401040762218,51.17867566971478,51.468528179273704,51.781907008741115,52.095062598930944,52.38755230883642,52.63414790821042,52.81386065950508,52.9006280922873,52.88707868261736,52.786599867206384,52.622142638100016,52.41710042994716,52.19525755554556,51.98016275951574,51.79465299461262,51.66077390931223,51.60459921272416,51.6301164225561,51.73590533588733,51.909619070161014,52.15135801091484,52.44448993239625,52.773160485619044,53.121027392848504,53.47210723561214,53.804804895685045,54.089443487966435,54.2970783194342,54.41080781364493,54.43585774138795,54.386435557600095,54.280985677494385,54.13089576983265,53.94991914403522,53.75223977488713,53.552325883303844,53.36470079202691,53.203579204251504,53.08256744388732,53.01211272751742,52.993269772017875,53.025261474013995,53.10908509035477,53.24815528602901,53.44425474446572,53.68570145195439,53.956007095540684,54.23739912111382,54.51119124801857,54.75842042042466,54.96293149654159,55.11983118602054,55.227675293729746,55.28585118443145,55.29438791343441,55.2549632022386,55.174185440662924,55.05903508763815,54.91648293769241,54.753748334916395,54.57881225820663,54.40042071209729,54.23018239970276,54.07964182560489,53.95651141400679,53.867643119933796,53.820228317406595,53.82012082065615,53.86981217418495,53.95731107636601,54.08519224536809,54.25019820363432,54.44765795769681,54.67197023460104,54.915191115208245,55.17761604440733,55.442371848656016
31.34421165654862,31.74390288462161,32.115006108917925,32.4533021080982,32.75503368144407,33.01627521340177,33.232661213887376,33.40182931237442,33.531596914059975,33.63330557757791,33.718922673990946,33.802438585125174,33.89777784085565,34.016589351154565,34.17276278720971,34.36571399970166,34.61458850793121,34.92999445185018,35.304959990584116,35.769149350728846,36.25889346392678,36.762989045713134,37.347682774185266,37.969719038519926,38.611824179840035,39.25562643319201,39.88191555815632,40.468850104671326,40.99499565738725,41.447687127961665,41.82007241848641,42.108060726035426,42.30790729549193,42.41956019959337,42.46133690581333,42.45762279634501,42.42950696146952,42.3946367839651,42.36329459689314,42.378270475662326,42.46774995291687,42.66423932763901,43.02015807277525,43.442914573417696,43.87882963411405,44.309467978100884,44.75287226808639,45.18701100581229,45.58900949163,45.93093109935016,46.19573751872595,46.35762022122785,46.40447719327095,46.355256137112086,46.22470867560934,46.03846512136858,45.81537556673341,45.577794783924745,45.34220904321292,45.13475369033677,44.97448281631706,44.88529476567603,44.87882655640892,44.943613335437064,45.07356796799623,45.25136195764666,45.461588977501926,45.70021383878631,45.95250446994683,46.22398252526909,46.505405572400214,46.722908061827425,46.85145338027406,46.913495447422626,46.89592563774006,46.78108151255918,46.58507596184809,46.332034354502774,46.046025820352995,45.75156863314667,45.47353842002133,45.23590856935332,45.055753340187565,44.931927896054795,44.859531758764284,44.83836429910504,44.87556227721907,44.98405812679304,45.18018529384404,45.482234943555845,45.88747917501376,46.32743765905637,46.75354102825629,47.15798400453854,47.54788504263513,47.908394572031206,48.19649817863683,48.38612920683235,48.478036422034265,48.481797829250944,48.39402816405331,48.21988069869079,47.99398769009278,47.74977033230584,47.53138468373103,47.381640009763515,47.3297868945826,47.39823182922135,47.59795837983011,47.90289471357545,48.28149061716062,48.707010554250594,49.14794529667392,49.5701332427106,49.933771003533344,50.19695373234947,50.334089945661006,50.35689488910612,50.28418647057795,50.13252627692238,49.91465758602229,49.663493669518964,49.39955827168989,49.126643511257186,48.86582554115973,48.67238279255172,48.58840405574635,48.60983919055562,48.720287624114974,48.9094199667398,49.17168730150489,49.50322535815811,49.879512497734055,50.300236073358484,50.75635335837126,51.20701021418069,51.603603178291564,51.911983724079235,52.127821133468764,52.25184694510903,52.28347032619986,52.22361200962256,52.077087710865385,51.87112097615746,51.63766892568547,51.41310494298484,51.21720782681237,51.092928392349634,51.0555311621751,51.1252005939032,51.31089836874383,51.597732654907205,51.94205350261663,52.308326161130104,52.64805848315851,52.94184407709911,53.17746144869552,53.316294309321165,53.301828681215014,53.06758684308129,52.83138505744368,52.6369731155414,52.44709925957368,52.209225976417116,51.87727372539082,51.511119578824555,51.20083270913455,51.019443477451766,50.96160681293688,51.00588171807607,51.139466885493164,51.350763179075386,51.624798537099984,51.935984056552755,52.25922040870793,52.55471620649709,52.77654817072328,52.88549844390421,52.88288301950961,52.78834748210692,52.61763880223201,52.38973171163523,52.12234520922662,51.834532027456014,51.5448933937829,51.27173943408894,51.031529660688015,50.8408044008087,50.71573315168762,50.66625109722953,50.698244581942106,50.8169611688891,51.00716789570233,51.25397195705699,51.54139197651684,51.84717553569293,52.14796236224679,52.424249520100126,52.65359511497166,52.81668475661385,52.890680270515944,52.86819382508048,52.76339569321005,52.59899091647416,52.39796336442333,52.18354331786424,51.978699363787804,51.80569381558683,51.68593323251236,51.64319397341413,51.68250215508674,51.80015373152787,51.98391760664782,52.23129402991836,52.52643724733547,52.8532755149302,53.19517556310075,53.53583531598304,53.854010283270384,54.12210506108927,54.31376184595693,54.4136144653852,54.42820992543722,54.37180176418261,54.261568783768396,54.10951368181754,53.92935632299287,53.73516539909003,53.54122113472019,53.36180600259826,53.21089519665695,53.101872906764726,53.04479484305973,53.03953686341295,53.08405241275223,53.17810996169021,53.3238047286853,53.52182065857892,53.76076433247642,54.024793093246366,54.29684232107637,54.559050792713165,54.79333152293298,54.98436007743414,55.12786883149859,55.22301521727081,55.269779220621736,55.26874606157134,55.22200580220333,55.13625850775681,55.01874127008698,54.87667359409952,54.717526245002496,54.549470586788566,54.38108961238935,54.223119010483984,54.08609060439217,53.976833206870246,53.90132767001496,53.86612004828232,53.87671042897829,53.93455806945415,54.0300818169816,54.16444292683179,54.33423830201178,54.5346728717531,54.760040584261574,55.00300837633543,55.26270519724032,55.525085395544444
31.445539905196117,31.83642841009396,32.19724484794995,32.524812217257036,32.81621316122045,33.068451814034056,33.27827612899916,33.44430251318444,33.57432703498895,33.679366752656186,33.77102795217113,33.86283751124468,33.96832683476541,34.09838995007532,34.26497489561231,34.47027222524139,34.730490240591465,35.05539907291533,35.43941990221668,35.89460282044658,36.3887839537673,36.915330254317965,37.502331654537606,38.12339382659369,38.76092055096407,39.3961575713988,40.00966472958886,40.57996198662899,41.086373541006004,41.51778670123874,41.869211775969426,42.1384554723069,42.323719815768044,42.42666021442947,42.4657456276812,42.46470788449951,42.44405734980168,42.42080879674205,42.4080429920576,42.44211709763402,42.54908552856359,42.76143375244729,43.12593769875288,43.55218055082202,43.98387784265963,44.40931652865918,44.84278260062247,45.26391152061381,45.64854609077199,45.97109987529294,46.21470954752669,46.357614241196906,46.39038931993109,46.33118981197613,46.19659256789328,46.010003160406114,45.79028562288979,45.557935734367945,45.332032499716526,45.13427215387552,44.9847842750183,44.906621565285235,44.91212535281444,44.990187734093546,45.13001473386327,45.31452557810893,45.52994805102686,45.768935015166015,46.016852370202805,46.278007817852426,46.54338714361,46.74258786555931,46.85474470794055,46.90058193258318,46.86833872503501,46.74264185353483,46.540125133052726,46.28491530538884,46.00106846167899,45.71291445401158,45.44489595628046,45.22036451390911,45.055641620447126,44.948567306258205,44.89339159680894,44.88921379990358,44.94242100472907,45.06510067748535,45.27265568076405,45.58221334426317,45.98971447375093,46.426452011995224,46.844438377020964,47.236974853331645,47.611817060372665,47.95476723434534,48.22447822067553,48.39633150875186,48.47144801062042,48.460981643542716,48.364751424226675,48.190278219351875,47.97102306158782,47.74032664276703,47.539833790721815,47.4108301243188,47.3823012845462,47.47099874275473,47.68342130176843,47.99463734722217,48.3745890312048,48.795974822908775,49.22712012611708,49.63399698852176,49.97779272841428,50.219896264574515,50.337960858946374,50.34463491889004,50.25910134685591,50.09834266392323,49.877280989808725,49.62642631786166,49.3667103367881,49.10592496316547,48.864050961475435,48.690736283490445,48.62491955458061,48.66197412560821,48.78567605063377,48.985704264755896,49.25686714857439,49.59060067761263,49.969082963404304,50.38941676740199,50.834942648702594,51.27174285677108,51.65105648303066,51.94010476565265,52.136080294496196,52.24135709428863,52.2574586078612,52.187491965701135,52.0384184625385,51.8372064564731,51.61415613969837,51.40257845595643,51.22416856039645,51.11553998368965,51.09435770316297,51.17932781929844,51.37584979219072,51.66556276681125,52.00647428879197,52.36371359003738,52.692798494055154,52.97110101629407,53.18528877678856,53.30736210850479,53.27860331262638,53.03809263111105,52.7932677935347,52.58653521444572,52.38577220933102,52.145118972724426,51.82417756767491,51.47858625454953,51.19312216431402,51.0346959395719,50.995136716701595,51.053433543065694,51.197526342455795,51.41538040173998,51.690081233251206,51.996223839787426,52.30853249171305,52.589365435000666,52.79559563570842,52.89034756835671,52.87636533848687,52.772622810722225,52.59564118162199,52.36405100635521,52.09595339785104,51.81025955238628,51.525409256687226,51.25940752536828,51.02917157844686,50.85122431926468,50.74072041986284,50.70700647189724,50.753357594637606,50.8824665411474,51.07878141349731,51.32725684767794,51.61195388858478,51.91010086671545,52.19873635788294,52.459305747583265,52.672019184328825,52.81920305911672,52.88107592603126,52.85030896600412,52.74175604876778,52.57783811106358,52.381103786028625,52.174215768279154,51.97955180893772,51.81878993108497,51.712695329890835,51.68288292370139,51.73528320797858,51.8640833569485,52.05713312632385,52.30952554250859,52.606150605861096,52.93076489567545,53.266498386855886,53.59678173940903,53.90073773909567,54.15279040377273,54.329077842425114,54.41573749040514,54.420516854954606,54.35768099561005,54.24322353353982,54.089678444708134,53.910705017534085,53.72023486885776,53.5323433438038,53.36106022471474,53.220111615590035,53.122649499438566,53.0783446755646,53.085966727011595,53.14227987137233,53.245896181043605,53.397662622123654,53.59722373910602,53.83347533280918,54.091208847164204,54.354055054162465,54.6049599766273,54.826693100254005,55.00474095404973,55.1354378242788,55.21851414784865,55.254511296932286,55.24453826802431,55.19106945736999,55.10088044109217,54.981434085508155,54.84016994164244,54.684779879206545,54.52359111996095,54.36502784298243,54.21899706283555,54.09504523178617,53.99914365790882,53.936459883362595,53.91293134290136,53.93371668299235,53.99933220530972,54.10240917464233,54.24281320553967,54.41700540335563,54.62007553315839,54.84622177826616,55.088671366740286,55.34549397384706,55.60528946407214
31.545928825071485,31.928321553938034,32.279315556272714,32.596718258216185,32.87840468502302,33.12225431733538,33.32606229949618,33.48936170018589,33.619913824080804,33.72841319788219,33.8261091398183,33.92607444258563,34.04145507651972,34.18242271051931,34.359117580475264,34.576230310112784,34.847263017499564,35.18120404454928,35.57373218371963,36.02149123709816,36.5197677158763,37.06587174017148,37.65458270779899,38.274150437561296,38.90671505911526,39.53319405564221,40.13397534600557,40.68796484300227,41.17524732257427,41.58620338639869,41.91761633858521,42.16909269087643,42.34067770554204,42.4356310383161,42.47251268900972,42.47438072542873,42.461155414811614,42.44927348040347,42.45432357445907,42.50664488105269,42.63021648490588,42.85739284840774,43.22974268093881,43.65882872785405,44.086042406507694,44.50590974192773,44.92933172903096,45.337511677582675,45.70514807571857,46.00883064663731,46.23199588473408,46.35673846574818,46.37618833093381,46.30775250845647,46.169608247239566,45.98308266619516,45.76699659102774,45.54017277899131,45.32378850561771,45.135643715309364,44.99672293658105,44.92924700807084,44.94615677171397,45.036639988895104,45.185599181661125,45.37619235425086,45.59614458486688,45.835080957820814,46.078439469671636,46.32937483734295,46.57907665177996,46.76057175841311,46.8569532052073,46.88736016697229,46.84130981047988,46.70562482016274,46.49740133509282,46.24071598542125,45.959555207934415,45.67801371067602,45.420072229980185,45.208448723392515,45.05872418482573,44.967790672692146,44.929117015791036,44.94115536940629,45.00958335559282,45.14567238855451,45.36391536065367,45.68029971751134,46.08949369655855,46.52265737609714,46.932428373058336,47.31318500049047,47.673291632172464,47.99920379474445,48.2512260852975,48.40616595779182,48.46551703436703,48.4419034615455,48.33817432544855,48.16401480047968,47.951663259938684,47.734273219588616,47.55117029675489,47.44213878000694,47.43577422010002,47.543516246818925,47.76767501283892,48.08440444657479,48.46507534795446,48.88191129182516,49.30312150972214,49.694851480582514,50.019287547199745,50.24102450128854,50.340847816373554,50.33227620733538,50.234814551100314,50.065836917864175,49.84226175625358,49.59234840645794,49.33730206433949,49.08852899286663,48.86508670823425,48.71125907896304,48.66293830404481,48.71492184851197,48.85115023777993,49.06136340860331,49.34074576633186,49.67664171414427,50.05680162529021,50.47572427910442,50.91070417267134,51.33381356821606,51.696262587307935,51.966626517941044,52.14356090750784,52.231017670726295,52.23252900435547,52.15327441373008,52.002227343573985,51.80601845317499,51.593321403113286,51.39455386218794,51.23305140556371,51.1395338668287,51.13379010281355,51.23308810658548,51.439489657754486,51.73144445589199,52.068544051939284,52.416609347005654,52.73487739821047,52.99795384497231,53.191643303279044,53.29754745792465,53.255164671419685,53.008892660466515,52.756229544562586,52.53825564263184,52.32767809212319,52.084955440752076,51.77507959409624,51.449613499333125,51.18813875762239,51.051662503010455,51.029439499793114,51.100916859226366,51.25471040719749,51.4783800176541,51.753232970990034,52.05404577909541,52.3554263490246,52.62183934371839,52.81288658093886,52.89398475126597,52.8692148590403,52.75691722695257,52.574282079652754,52.33959158478684,52.07126538990503,51.78806393139571,51.50825465280216,51.24952955616648,51.029154828625956,50.86359271193888,50.767068224432165,50.74836052973381,50.80827371548799,50.947060660998424,51.14887447517803,51.398567232882826,51.680261397926735,51.970736287182305,52.24743855083921,52.49276927560903,52.68945941204888,52.82144222565733,52.871829332945794,52.83342279180579,52.72166400213612,52.55865313700486,52.36647908334653,52.167224195946986,51.98266542347307,51.83388752124903,51.741012480421325,51.7236259066834,51.788433252056876,51.92768302249564,52.12927264457561,52.38607544360173,52.68366818791717,53.00568014318204,53.335057147421836,53.655012575825474,53.94505250310681,54.1815589775151,54.34307626413242,54.41721318793986,54.41280071268789,54.34408203397886,54.225943470585634,54.07136934226583,53.89393219847493,53.70740559387761,53.52564378894806,53.36241256692719,53.23117980272756,53.14485563247848,53.11273250970012,53.13254459959348,53.19994522693409,53.31246083854569,53.4697598559778,53.67050554734859,53.9038834142615,54.15530747942609,54.409091391071264,54.64897074089228,54.85855204196244,55.02411319538649,55.14256697052009,55.21418866808462,55.24005039553694,55.221753212749,55.16212850228569,55.06801169482247,54.94706148782116,54.806909635396735,54.65543964702606,54.501101088182516,54.35216349923102,54.21774857241255,54.10644433828706,54.0233904281988,53.97299742242535,53.960629972582,53.99111736941135,54.064119472311944,54.174288379008864,54.32030827348626,54.49851408407083,54.70388915816054,54.93054474797511,55.172219489096655,55.426027596052265,55.683037216378544
31.64540346061883,32.019603221883,32.36123037810432,32.669020288737705,32.941594017669,33.17765331650424,33.37597589661472,33.53695093809288,33.66829201018405,33.78037317238439,33.88409093736949,33.99207335590159,34.1170885796063,34.26861774788262,34.45512326043853,34.68353019682758,34.96485832818928,35.30736858917371,35.70786659557732,36.149691481111475,36.65172357738702,37.21461885705391,37.804457155998016,38.42202565938083,39.049257896305214,39.666796008114105,40.25491221146246,40.792921928309134,41.26167193217522,41.652977829403106,41.965308115837075,42.1999732913475,42.35876040515356,42.44643260319924,42.481582508042706,42.48657545421303,42.480731091495485,42.47996055160376,42.50207929899338,42.57181211601919,42.7111182340806,42.952115310466546,43.33158754230699,43.76289011864638,44.185363313296484,44.59930270962463,45.01258361162346,45.407880986537855,45.75888317629356,46.04418779719304,46.247650279354815,46.355032633165585,46.361898789184835,46.28495088514631,46.143749389549924,45.95768428091642,45.7454788159946,45.52445922627007,45.31743459562236,45.13882264311859,45.010253287091885,44.953128881951635,44.980889054452504,45.0829584347517,45.24032745581613,45.43638450822339,45.660219646041284,45.89870572582826,46.137328434834735,46.378149407640834,46.612539082208244,46.77691821648901,46.85812963419255,46.87386707099671,46.81485806071823,46.6700293940864,46.45688235930876,46.19939366021513,45.92142542910859,45.64679228125362,45.398985328829305,45.2000779803251,45.06492301516951,44.98953001544522,44.96665309335782,44.99414877118842,45.07702450639457,45.22576416031932,45.45397123824037,45.7765173399102,46.18685599707976,46.61610554174266,47.01757037119792,47.38667650260166,47.732369293129004,48.041758772565956,48.276785074293066,48.41565896028633,48.46024655933216,48.42453905126387,48.31424587856336,48.14101753503042,47.93582127154227,47.731521810192206,47.56531149041042,47.47549522062311,47.49015875797689,47.615764672227016,47.85072267717991,48.17221920133379,48.5529917472414,48.96487737759775,49.37601712726906,49.75276859755888,50.0583247650821,50.26039895241034,50.34279768865365,50.31984846541082,50.21133595955219,50.03499675029295,49.80956877447384,49.561208143339584,49.31126369785656,49.07438233513107,48.86886538318679,48.73389249551522,48.70241166345165,48.76864584045906,48.91668840158487,49.13639090472363,49.42333126441764,49.7613370698544,50.14266625601612,50.55921335368519,50.98369461094256,51.39328110642787,51.73927670833007,51.991594807446816,52.1502945938371,52.220841853276966,52.2086738515646,52.120930691726265,51.96846752169899,51.777498405869906,51.57510105126665,51.388964400957924,51.24379804445753,51.16485879735751,51.17379198639084,51.28646731548148,51.50182783859584,51.795405648092895,52.128305053784985,52.46706503410551,52.77436087523432,53.02247005144252,53.19657138507486,53.28688806605916,53.231538553505274,52.98000325428191,52.72026861959704,52.49210557127121,52.272759349217836,52.0286556975063,51.72989116232358,51.424113763766954,51.18580710315635,51.070287767098044,51.064479688079295,51.14831455734338,51.311021207004934,51.53978384264402,51.81429112970618,52.109499271399386,52.39995802532394,52.6521953739046,52.82847509907299,52.89645611748759,52.861467097343926,52.741251446639914,52.55356672929813,52.31634273627756,52.04825598850853,51.76790737145255,51.49338138918095,51.242049429186295,51.031421518338135,50.87785753633893,50.79473536730403,50.7902875121688,50.86298417384799,51.01075129479094,51.217470594915355,51.4679400039769,51.746361986992056,52.02913508246704,52.29412290611543,52.52468838850062,52.70595509389883,52.82342891487931,52.862954765372194,52.817533988903,52.70310262157166,52.54140490943451,52.3540466449605,52.162517890024425,51.9879855359015,51.85093276622103,51.77083696307754,51.76538276545763,51.841925958146824,51.99094153851574,52.200343176789694,52.46096662811403,52.75902817344773,53.078072772777205,53.40091312810656,53.71059389516776,53.987019815249695,54.208470243814645,54.355807066372485,54.418077857224425,54.40508368138489,54.33101366138549,54.209722138682736,54.05456565825196,53.87900483663153,53.696634983836844,53.52107374854625,53.36581213778645,53.24405109974632,53.168449716454184,53.14792863013432,53.179255717938325,53.25704985649735,53.37782102432721,53.54012731988147,53.74170764460821,53.97203753814227,54.21714211216395,54.46200540250188,54.69113502663947,54.88895523763302,55.042515870442514,55.14928507638142,55.21005536060005,55.226399498609574,55.20037957570109,55.135157271497455,55.037612723101134,54.915571430945384,54.77683033043797,54.62943595795862,54.481927721911966,54.34242467648958,54.2193055548701,54.12022655439499,54.04952117881645,54.01089794965192,54.00918370864256,54.04889027494827,54.12890476102119,54.24571465974182,54.39693332266604,54.578778920562264,54.78613696300746,55.01304042474874,55.25369214607841,55.504351285680606,55.75838181460303
31.74398885628233,32.11029431965805,32.443001457662945,32.74171836658363,33.00576692397558,33.234619404739206,33.427973091591014,33.587014291619525,33.719396322147134,33.83517493529125,33.94489804526174,34.060758227946096,34.195153357512886,34.35690517756124,34.55292435414207,34.79211382789749,35.08322766219443,35.43385192921029,35.84179289827421,36.27908043291439,36.78453036543273,37.36157695874547,37.9519762211633,38.5670562800104,39.188599254545544,39.79702355100639,40.37254013001553,40.89489649706755,41.34570229989196,41.718150676213604,42.01230911722834,42.23109818332358,42.37794735494223,42.45902484102483,42.492899503023935,42.50122620593277,42.502714314849484,42.51279972699731,42.5512531205564,42.63757709263438,42.791766188224614,43.04559983356992,43.43148680583139,43.86439573733161,44.28188055066419,44.68955052346809,45.092602206711625,45.47508895729836,45.80981912232073,46.07723571076998,46.261726480395524,46.352536481732905,46.34754525758989,46.26279160063884,46.11900967072607,45.93378864675061,45.72570264263775,45.51074838467936,45.31292830443632,45.14376320578347,45.02532981263733,44.978224974846384,45.01629044237508,45.12913140657331,45.29420570075463,45.49512426217753,45.72221430156946,45.95986337826586,46.193581932173544,46.42439735264625,46.64383942019311,46.79168571588715,46.85832475701457,46.860139565063264,46.78900264239361,46.63585455694937,46.4185459970409,46.16090559538568,45.88661849519088,45.61917604385803,45.38155334053662,45.1951690672284,45.07416009332463,45.013717354606115,45.00594490715653,45.0481537688251,45.144719633718616,45.30536689309855,45.54283021825174,45.870889488069594,46.28184052895781,46.70684829931219,47.09992372626925,47.45751141625182,47.78911057833679,48.08248668714727,48.301198489452524,48.424836922569405,48.45563965157393,48.4088641807025,48.29291509441551,48.12121351596032,47.923410082795414,47.731984161999485,47.58217466026859,47.510828689962416,47.545407954909706,47.6877243497921,47.93256745892973,48.25810480119958,48.63838040889734,49.04493049682446,49.445874658537846,49.80782021811689,50.09497368725367,50.278080127858686,50.34385734649769,50.30738140408496,50.1886754484525,50.005809872757276,49.77917093358657,49.53295373653843,49.288525480851874,49.063411724729164,48.875319588083656,48.758577849692685,48.74329099211384,48.823109582641706,48.982268758079975,49.21078025955842,49.504631752472115,49.84467534684434,50.22667462820635,50.63993873636377,51.05397064418121,51.450204229318665,51.78015406330379,52.01505546067238,52.15631297481748,52.21084282079558,52.18588548537057,52.090432137706586,51.93709216464067,51.75158775416462,51.559431419494935,51.38574331154492,51.25635015922123,51.19146353086682,51.214326979158784,51.339451305703555,51.56287420787537,51.857474269357496,52.185799556055485,52.51513225340745,52.811314604736616,53.044717124013424,53.200119379083965,53.27542164138672,53.20775075479341,52.95144073569144,52.68538332770785,52.44805617153524,52.220958421882585,51.9761400599934,51.68852363002574,51.40199949844261,51.18605181501253,51.09051633116526,51.1002218074279,51.19560952820198,51.36646086916489,51.59961369253591,51.873293088789374,52.162633713622064,52.4421835652924,52.680490966813664,52.842415282769196,52.897807791877185,52.85315756957187,52.72564618562616,52.53350036353198,52.294293750174894,52.026899996781424,51.749752079524974,51.480741272876756,51.23691104713051,51.03591375469622,50.89396674997246,50.823680650386784,50.83276166063179,50.91748019907236,51.07354620887372,51.28459328688026,51.53541205226539,51.81030313822998,52.08535053794331,52.33884338871137,52.55511137058128,52.72154552564558,52.82518978542626,52.85446649742309,52.802641243713325,52.68605497533097,52.52606234348907,52.34376385945406,52.16004613966807,51.99545747473066,51.86987184614292,51.802121056833236,51.808113343121455,51.895734997073696,52.05384771535527,52.27035173835268,52.534221990961655,52.83226874239683,53.14799429978824,53.464127612218036,53.76359176737128,54.026704915470155,54.23358366416964,54.36732020443895,54.418367797493964,54.39738794379336,54.31848465992642,54.19455308160815,54.039246676427915,53.86588990282001,53.68788044842277,53.518584500991665,53.37120804584344,53.258676848323155,53.19339016193526,53.18390332153521,53.22608531882578,53.31359513712193,53.44199382851886,53.6087959034684,53.81087159218649,54.037986665760336,54.27676586750965,54.51285115915351,54.731504775000175,54.917949576840435,55.059988048215914,55.15562094802169,55.20613080801629,55.21356158832408,55.18040603683633,55.11013009955237,55.00964398008163,54.88691186880026,54.74986968184176,54.606699221501685,54.46599825160809,54.33573947011264,54.22360002586333,54.136330510610144,54.07748357083802,54.05011912749096,54.058560322401405,54.107013186316145,54.19367296199769,54.31668324650185,54.47269354507356,54.65781448923478,54.86684216394704,55.09373973994737,55.33312874035946,55.58051026455687,55.8313764208851
31.841710056506145,32.20041575299232,32.524640939166744,32.81481254951599,33.07090916875993,33.29312317523879,33.48201005566131,33.639495825479955,33.773161488818594,33.89274674573119,34.0084551639321,34.13205303547269,34.27557542372719,34.447215114951234,34.65245328022582,34.901923145834246,35.202322509048805,35.560613287080706,35.97548085229462,36.40953497293476,36.918066907146695,37.50675139902637,38.09716112532349,38.70927908740811,39.3247893258479,39.92393680651096,40.48692390572083,40.99395180379551,41.42739335580768,41.78176257279179,42.0586413522623,42.26246827640811,42.398217995247684,42.473367683738815,42.5064080921972,42.51826711566829,42.52703501986978,42.54772072323856,42.60178799404395,42.70389810099912,42.872135759474844,43.13784511266408,43.52945499448595,43.963376598042345,44.375634106249045,44.77670827517629,45.16945147260708,45.539205099683215,45.85802364362385,46.108038771177924,46.27427823686286,46.349289749734005,46.3331522990547,46.241281313527224,46.09538276666972,45.911376405878435,45.70763841580453,45.49899356269438,45.31022716676547,45.150419671784285,45.04190699930394,45.00449307467389,45.05232917682676,45.17514723926992,45.34724006090295,45.55243383826427,45.782169618470746,46.01860797421113,46.24726262816956,46.46818449625939,46.673042651032716,46.80493273270765,46.85758933579159,46.846214569578706,46.763762722149565,46.603099290395136,46.38237003962956,46.12520905654809,45.85507377617059,45.59509087660294,45.367694352810915,45.19363876662397,45.08635740113718,45.0402847102635,45.04693753483442,45.10313012589151,45.21264391414924,45.384471487211016,45.63049920541531,45.96343943859937,46.37448644583589,46.79493743918628,47.17954779310187,47.52575179802763,47.8435760228903,48.121442057825824,48.32450963256615,48.433726250975084,48.45169937715046,48.394854617866045,48.27413098384943,48.10452983622557,47.914342680095054,47.735572022432095,47.60167709490956,47.54806843181998,47.60147486763133,47.759375610327275,48.01321252222676,48.34208443587264,48.72128351275404,49.122128066103244,49.51276178330851,49.86007822092259,50.12930361890687,50.29412853755232,50.344073660616814,50.2949047343264,50.1668428940422,49.978263996804976,49.75103712270882,49.50753339408626,49.26901765683799,49.0555438964313,48.884381924675495,48.78525645804114,48.785527649344104,48.87827655625219,49.04786952329667,49.2845249795492,49.58465534013565,49.926645147215496,50.30882451448522,50.71795517235962,51.12158895305234,51.504641694800604,51.81894986943581,52.03705430412015,52.16164767178244,52.20103375213706,52.16415624165533,52.06175008968787,51.90805444012612,51.728227937665906,51.5462488431346,51.384823833227436,51.270649431998116,51.21929682294733,51.25535870638134,51.39202593696881,51.622638638753784,51.9176782456293,52.24106982047723,52.560862606982035,52.84580426632726,53.06476255099369,53.20233364221426,53.26318589238571,53.18382707119441,52.92322142782932,52.65157197796478,52.40607861459534,52.17221775138514,51.92732884521967,51.65088835487147,51.38318315395174,51.18879750728764,51.112292794542704,51.13663038370671,51.24278466258749,51.42103152096407,51.65789138315599,51.9302762276293,52.21349850268617,52.48215901361137,52.70678356369997,52.85476122468586,52.89808589929033,52.84432179189821,52.71012215975326,52.51408821532817,52.27343391582633,52.00717221784359,51.73356026258111,51.470286110942794,51.23405831270194,51.04257364481298,50.911868310347096,50.853862875588796,50.875757216552294,50.97175302051589,51.13545316959557,51.350266065243645,51.60102026905358,51.87213233408979,52.13943593898472,52.381653963626796,52.58408650617422,52.736270003056106,52.82675149594176,52.8463788032111,52.788743242654306,52.6705041316707,52.51259435430506,52.335588115410694,52.159758234034626,52.00502656846819,51.890650941156686,51.8348170406621,51.85177748277231,51.94983403966274,52.11639036336065,52.33930534465115,52.6058644270608,52.90342807470847,53.21549623954241,53.52476188306419,53.81407226237138,54.06417304371408,54.256958700078435,54.37766563362544,54.41811930798359,54.3897356826611,54.306503811698136,54.18042984313886,54.02539168055511,53.85455436785649,53.68109939732269,53.51812732467762,53.378549399649,53.27500839013487,53.21963537949139,53.22062686857079,53.273018639035556,53.36958244586758,53.50499634125135,53.675796496372314,53.87803895138503,54.101779758424584,54.33423186759508,54.56168273172534,54.770131927105744,54.9455819491595,55.07656879770486,55.161603391599854,55.20243159295472,55.2015396468544,55.16182127611041,55.08702132099744,54.98406591991736,54.86103075530521,54.725965344683715,54.587159847152776,54.45323990772958,54.33203597545475,54.2305640010474,54.15469483743273,54.10722526533974,54.090618618391176,54.10872758517689,54.16546389022804,54.258408965801756,54.38718936894957,54.54759413270336,54.73563536649328,54.94602797722711,55.172673624931306,55.41056867461373,55.654549754505666,55.90207419736418
31.9385921057344,32.289988427615,32.60616096683384,32.88830289529684,33.137006516839314,33.35313522120151,33.538042960061865,33.69433960438828,33.82952223904689,33.9530168628327,34.0746869938176,34.205881755234905,34.35828079173691,34.539477675448644,34.75364245732977,35.01290009314956,35.32209435828622,35.687611885206614,36.108900218122955,36.54093198160046,37.05221202966217,37.650147531676815,38.240033090507175,38.84873086953207,39.457878302223875,40.04759589681971,40.59812834263434,41.09015110301097,41.50680003000552,41.84385416509929,42.10432683044228,42.29408448020459,42.41955176640953,42.48942106328718,42.52205269380629,42.53763231849996,42.55362314155259,42.58465325698189,42.65362687435187,42.770733431214246,42.95220235996811,43.22884984269519,43.62550663124462,44.059863714911145,44.46666396768927,44.860831056467376,45.24319536762147,45.600298923511374,45.90356447002674,46.13666136222668,46.2853592977635,46.34533217545275,46.318744476484966,46.2204266824047,46.07286235328263,45.89042820048066,45.691256480342325,45.489148068790264,45.30928871731572,45.15874630960132,45.059939333178235,45.031890969352915,45.08897349915253,45.2209942677515,45.399436680687465,45.60833545863457,45.840126663764494,46.07499357274166,46.2984331893042,46.50957666238043,46.700213760025285,46.81671774305069,46.855974132641855,46.83212900494982,46.73915746662964,46.571762576067236,46.34833227841516,46.09226130931748,45.82673064203707,45.574462657601984,45.35732645336101,45.195403861033384,45.10143692045334,45.06916410250602,45.08957605403874,45.15903760596287,45.280772524270695,45.46306884297548,45.71698510445864,46.05419046810936,46.46483290135719,46.88042475174536,47.25650192652531,47.59145970451569,47.895826161884024,48.15867940393904,48.34676180542427,48.44235335183745,48.44842880211978,48.38248613075912,48.25784255770955,48.09089358878243,47.90853204983806,47.74219713891166,47.62373608291351,47.58714368999094,47.65831255287464,47.83069878464564,48.09266103120934,48.42418129505338,48.80174323864326,49.19652750203206,49.576746181361,49.90961448464203,50.16138386523402,50.30860469141001,50.343493501722044,50.282448167103816,50.14584817256229,49.95234683398374,49.725136230957624,49.48489532401489,49.252670469327455,49.050705585007876,48.89598499471287,48.81386963710629,48.829072994455125,48.93411024248264,49.11346891326633,49.35761857113757,49.663410137048594,50.007235073069154,50.389113687477085,50.79331740689223,51.18660621822093,51.556652260785896,51.85571934393283,52.057637164292444,52.166330306065454,52.19142782615633,52.143478456300834,52.034855885687044,51.88130751588252,51.707360395980544,51.5354896575221,51.386139205284024,51.286637544931565,51.248307429189744,51.29685079332249,51.44417706899443,51.68113100439177,51.97604550285177,52.29415810877662,52.604307696899774,52.87789553961607,53.082673820692015,53.2032605313737,53.25021852753452,53.1597932986186,52.895361653829745,52.618832879437555,52.36614407162291,52.1264797789931,51.882142370191374,51.61689669452958,51.36757718088596,51.193968794078316,51.135561756560975,51.17366994278354,51.28982285128516,51.47473528968919,51.714638730330485,51.98527792561571,52.26214303551434,52.51994041496219,52.73113060581789,52.865567017481375,52.89733656458259,52.83499528049701,52.694700084863115,52.49533551766056,52.25375252257934,51.989047454814944,51.719294127589194,51.46196771043222,51.23343512860332,51.05134329580128,50.93151017497048,50.8852408448185,50.91924842135993,51.025793867533274,51.19647994330524,51.41451244417641,51.66480154564667,51.93189705702074,52.191444570964855,52.42260859586153,52.61166207960264,52.750167821897385,52.828140705069465,52.83870595684884,52.77583867214348,52.6564331588474,52.50096985701903,52.32947680141391,52.16160346228076,52.016638145621734,51.91321623140432,51.86887719353786,51.89633502750765,52.00419675673917,52.178558292878364,52.40721101107169,52.67591683132768,52.97254435032673,53.280630107366925,53.58287722395298,53.86210145010347,54.09948943992732,54.27865481303926,54.386893309225606,54.4173686879284,54.38214908073585,54.295079898797084,54.167345967051816,54.01297995439488,53.84496520255704,53.67624924022384,53.51965349799742,53.38778530775403,53.292997066858305,53.247143779692216,53.25806955590914,53.32004091534733,53.425013159794176,53.56684565265544,53.74115998822694,53.943251283505376,54.163465777443875,54.38959323455213,54.60855419091646,54.80706842408751,54.971899244164874,55.09229718790741,55.16726121327485,55.198974298036674,55.19033665637432,55.14461397347905,55.06580527037974,54.96083899676178,54.83787604437964,54.70505497403945,54.5707482444094,54.443579920735225,54.33124228787036,54.240129496077394,54.175258165362905,54.13869392339789,54.132354084801214,54.1596532682873,54.224220173396965,54.32309766299371,54.45722825674563,54.62164027754992,54.81225612874264,55.02371761909555,55.24987301106094,55.486051351515066,55.72651497735176,55.970528306179695
32.03466004841125,32.37903324925529,32.68757368488237,32.96218946168817,33.204044733030905,33.41462613582592,33.59602797602894,33.751489693058645,33.8884133016805,34.01591354572423,34.143518235355295,34.28216836398635,34.44319547502984,34.63362297444952,34.85642430409387,35.12498661235513,35.44249469944045,35.81480694600969,36.242020756243626,36.67314833933938,37.18684456011242,37.79177071047701,38.38061333874294,38.98544841434035,39.5879163756851,40.16806094412447,40.706218244812035,41.1835576492319,41.583977252568666,41.90446609909764,42.14938756127162,42.325947704316505,42.44192810876743,42.5071449116159,42.539777726095025,42.55925594950814,42.5824086148941,42.62352704488167,42.70671271637603,42.838041373380605,43.03194140184129,43.31861271860946,43.71965623908131,44.15388810207059,44.55501012262305,44.94197395905951,45.313897850066375,45.658439938601866,45.94650933135319,46.163167867726045,46.29502341210412,46.340703497173,46.30434635278638,46.20023436586443,46.05144210646652,45.870924672738006,45.676527181098514,45.48116521144222,45.31007049079285,45.16869738771488,45.07938130034681,45.06037644680228,45.12619165069743,45.266660826928046,45.45080170453453,45.662851345439385,45.89612650447004,46.129074232934926,46.3471562820589,46.548639674909595,46.725417732469005,46.82709922301644,46.85352990968363,46.81791979158339,46.71520604247743,46.541843395609185,46.31641050473805,46.062019619309005,45.80152846277959,45.55721726496882,45.35036772989571,45.200381132978215,45.11932063311926,45.10028755142232,45.13380554241675,45.21583597261433,45.34908064066727,45.54114986071071,45.802294820109246,46.14316585320938,46.55291904916493,46.96336202736997,47.330845481369046,47.65469719230265,47.94592153041241,48.19425324482432,48.36799830981722,48.45074463149052,48.44583099254004,48.37173448738633,48.24399882684023,48.080231866587106,47.90589117842133,47.75177125885979,47.64826891286063,47.62798370827045,47.71587406737247,47.90167420356037,48.17091615001573,48.50441856844228,48.87980176639677,49.268186221208865,49.63789553247531,49.956500887941196,50.19128373142747,50.32156909935058,50.34216374052443,50.27004141338587,50.12570116025376,49.92804609584132,49.701437147449965,49.46498773435607,49.23941416183278,49.04882352522931,48.910061399946436,48.84435870343392,48.87387838675958,48.990574122525295,49.17904514402043,49.43005454076512,49.740904252851365,50.08643372650667,50.467539919806256,50.86608018518099,51.24907912035205,51.60629468518672,51.89051770400154,52.07684986769173,52.17039249899993,52.182038221708375,52.123844465189,52.009720863720986,51.85680455963705,51.68892656871523,51.52709019799386,51.38962266699325,51.30425618016493,51.278444105184775,51.33876686524623,51.495890561497525,51.73836117795001,52.0326039669684,52.34510668268003,52.64551912523123,52.90765410421295,53.09851842141707,53.20294640347015,53.2365572553116,53.1356752329763,52.86787773682697,52.58716434119594,52.328223713789384,52.08368694597418,51.84050095191476,51.58646000666887,51.355094029836884,51.20149028948126,51.16026781655071,51.21130501052616,51.336706985080255,51.527574302626974,51.76987754988563,52.038335562138336,52.3086167090293,52.55558381402614,52.753589534421714,52.874886753814174,52.89560591260955,52.825213551542326,52.67940067679767,52.47724750350301,52.23523885978141,51.972500510815394,51.70691588151744,51.45573787839828,51.234985397537436,51.06216481477396,50.952840301350264,50.91777335998425,50.96320951648429,51.079593969479234,51.25663429635147,51.47735593784946,51.72679277334987,51.98964478947213,52.24142971925731,52.46176125041542,52.63788637518972,52.763278277936394,52.829384071453,52.83146223244895,52.76392621859838,52.64382512511764,52.49115776676752,52.32538730604717,52.16553111356314,52.030237534698884,51.93751389702783,51.90425379443421,51.94174582042493,52.05879681912822,52.24034031425486,52.47407575300082,52.74440209867854,53.03965574919565,53.34344741858908,53.63853491819234,53.907745400502876,54.132719344055786,54.298731464550386,54.39505318653311,54.41615223656349,54.37465032076545,54.2842217033197,54.155294997123974,54.00199078170861,53.83708937773778,53.673287386813506,53.52311429934439,53.39886487870935,53.31259422017022,53.2758737731074,53.29620166821828,53.3671373845408,53.479888655961496,53.627558852861824,53.80491726866603,54.00655014984913,54.22309368412705,54.44290309051272,54.65351960742605,54.842366207076765,54.9969483514313,55.107212287821675,55.17262321920561,55.1957755058835,55.17995559905774,55.128772808897935,55.04645628224639,54.939923664768344,54.817395689943005,54.68707622498446,54.55739482276911,54.436945521083686,54.33328650271396,54.25222852660841,54.19795912490081,54.171837206088746,54.175283189169775,54.21130514305099,54.283259822535925,54.38772394413386,54.5267951395507,54.69483717160779,54.887691352387776,55.09993430580026,55.32536882969654,55.559616173737325,55.79645115491987,56.03679190947108
32.12993892898084,32.46757112364234,32.768891237530504,33.036472306452055,33.27200958215192,33.47756651231053,33.65592127479879,33.810890156205154,33.94976940556792,34.08136505353425,34.214873588982236,34.36083683848053,34.53024548709366,34.7295811273499,34.96073123915809,35.23812464596269,35.5634750220453,35.94215769191162,36.37481222714098,36.80606092657937,37.321843325630674,37.93162628920718,38.51892309205943,39.119468509791076,39.714953738243175,40.285392070617185,40.81125841630997,41.27423469697626,41.658979953580264,41.9636390207485,42.19384555425361,42.35805885834732,42.465326462661004,42.52649916067091,42.55952760730718,42.58307214377316,42.61332137489046,42.664271803592364,42.76098847501223,42.90578021759904,43.11132829723126,43.407132435353056,43.81191834097001,44.24548077365327,44.64071255868862,45.02019207467088,45.38162287825346,45.71369765477365,45.98692595742698,46.18762267148587,46.30332432889137,46.3354434531786,46.289982490864695,46.18071102249964,46.03111570212309,45.852846464831174,45.66342086292043,45.47499829912541,45.31253002190279,45.18022717460523,45.10018738689618,45.089907294940744,45.163951872806486,45.312135251709556,45.50134127687046,45.716003720829704,45.95021020760671,46.180904013868485,46.39349457291514,46.58543935774703,46.74871955366207,46.836135648705024,46.85030742903516,46.803623849886186,46.691927616336486,46.513340730664495,46.28658250993858,46.03444125213787,45.77940660838754,45.5432805768171,45.34673627012383,45.20848736498,45.13993052098107,45.13358707710104,45.179571077615684,45.27348498942111,45.41754343992322,45.6187054407355,45.886435257094675,46.2303888705093,46.63878404290225,47.04380105644058,47.402637812462665,47.71552631797511,47.99392266356999,48.22821809981909,48.38826244753526,48.458926496268376,48.443909014469284,48.36257545575234,48.23254880208591,48.07247176259579,47.90633305224175,47.76420612969815,47.67519287333109,47.67051773045367,47.77411246785769,47.97228219788449,48.247981042784346,48.58281944573977,48.95550127584629,49.33716164023162,49.696277516431444,50.00080930948612,50.219072522679596,50.33308227129274,50.34013124773506,50.257714184141136,50.10641173335757,49.905349493925456,49.67990876130291,49.44775883314163,49.22917897786654,49.04982445186597,48.926543742126775,48.87666497356965,48.919895185570205,49.04763167757237,49.24457643159033,49.501826394873376,49.817145797184345,50.164229709629396,50.54410098409704,50.93629825244543,51.309064340110666,51.653627725915264,51.92340016684862,52.09473824082033,52.173865871919354,52.1728781176481,52.105246604201824,51.98631636180655,51.83449873911684,51.67286789547679,51.52098679988636,51.39520745763364,51.323447019841524,51.30965560652314,51.381070547416506,51.547152274195234,51.794339032589136,52.08738156392269,52.39395780391393,52.684548494046936,52.93514563972777,53.11236384147756,53.20143761541156,53.222239784195295,53.111498670177824,52.84078599995521,52.55656467230965,52.292288712266156,52.04378169359602,51.80232490739615,51.55948964895811,51.34564615139615,51.211286607593124,51.18635557384248,51.249500112802394,51.38341995475806,51.579550687064156,51.82362965764763,52.08948651658689,52.35296892015372,52.58914525548464,52.77421779076587,52.882774526342615,52.892940068226785,52.815012121208255,52.66424465139887,52.459829405829396,52.21788221678004,51.95750618896483,51.696387731334006,51.45154842189414,51.23865302220707,51.074980308843784,50.97580664699409,50.95141922299448,51.00761474335491,51.13314455570857,51.315923995083054,51.53882006043372,51.78703084346845,52.045423013893256,52.2894446692357,52.49916589228819,52.66280767725873,52.775640666940085,52.830508253735935,52.824661904124014,52.75300456843653,52.63266309873803,52.483126998687084,52.32327701789397,52.17149047703841,52.04577006420733,51.96349011816915,51.94089912232487,51.98796970462154,52.11360789765513,52.301725237836536,52.53990658582513,52.81134312402954,53.104800451259244,53.40399968853613,53.69179624909024,53.951070183505024,54.16392799604531,54.317248116110136,54.40219522084159,54.41450625312395,54.36726158549766,54.27393800736249,54.1442704771323,53.99240344625766,53.83089386421486,53.672171246779,53.528461007111815,53.41173722106584,53.33375119174745,53.3057837703066,53.334993490166234,53.41429328339564,53.53421031142937,53.68715303200124,53.86709922732332,54.0679771117179,54.28071243978297,54.494214557608714,54.69663305195325,54.87607721720491,55.02077616053351,55.12135316644577,55.1777182155511,55.19285179911657,55.17039945707858,55.1142864623228,55.028948691144386,54.92128037809047,54.79953764591469,54.67196675259444,54.547029991729424,54.43326393923376,54.338096715340086,54.2667931082956,54.222736346546654,54.20660277448856,54.219363593945495,54.26365098078629,54.34256062435793,54.45227269978251,54.59588524702534,54.767190006871445,54.961955613833574,55.174701253589134,55.399192012198434,55.63130254395448,55.86440350903467,56.10091816937776
32.22445379188734,32.55562295650531,32.85012576899638,33.11115148735054,33.340886829019546,33.54192694385388,33.71767902760764,33.87248505854195,34.01352527955766,34.14929964539119,34.28867775513544,34.441811155471,34.61935684141608,34.82728224954582,35.06649568116239,35.35225613648399,35.68498681563457,36.069623345334065,36.50724439129943,36.939546623748335,37.45708715335024,38.06971962164754,38.65498357248527,39.250827943842346,39.83904058190975,40.39964939848975,40.91331366118414,41.36224550076204,41.73186306312347,42.021413576013465,42.23772281889158,42.390418851900485,42.48972626842987,42.54744374239815,42.58124675568655,42.609015036375396,42.64629135653788,42.70681724976834,42.81639710515632,42.973908253970414,43.190338458274894,43.49440768787223,43.90230745988466,44.3346727437918,44.72381126352422,45.09554049501964,45.44643441049436,45.766141581845766,46.0248820780719,46.21009015731592,46.31031579713189,46.32959178175338,46.27567745362561,46.16186331090348,46.011876816154086,45.83617421894089,45.65190787065545,45.470600640314984,45.31662484535141,45.193289938752656,45.122312078912906,45.12044130168711,45.20222240682475,45.35740587700599,45.55106154212161,45.76781480695652,46.0024188401939,46.230536974619866,46.43751072835436,46.620041534792925,46.77018420890272,46.84388549621662,46.846357452814686,46.78927810026501,46.66934135485031,46.48625356287669,46.25882608535714,46.00948347341922,45.7603044488502,45.53257847126051,45.34635016175413,45.219639339560324,45.16318856588489,45.16899469963089,45.22681773728278,45.33194441995834,45.48613609862286,45.69572648336866,45.96941332014249,46.31588279661894,46.72246703621243,47.12179362933765,47.47193827463567,47.77400913811975,48.039890096451245,48.26062848826078,48.4075975203687,48.46692535250503,48.442665933965664,48.3549848038618,48.22344149429103,48.067540369764735,47.90977065769618,47.77941349884839,47.704425252905054,47.71467500033567,47.832980811063216,48.04250309843112,48.32385887365351,48.65940711664629,49.028883946823555,49.40351117569824,49.751959813009364,50.04261162794287,50.244819544182775,50.34320471715528,50.33744289406499,50.24549619033826,50.08798976811472,49.88424473978392,49.66051996163349,49.43315682840338,49.22189516094131,49.053635099688265,48.94536462300451,48.910729764059255,48.967074750199714,49.105246388816106,49.31004099200744,49.57292763990391,49.89214287968787,50.24061162453868,50.61879465297381,51.00402635390498,51.366618558161804,51.69871014088367,51.95442194968084,52.111348110180714,52.176782046157214,52.16396069283042,52.08767720922121,51.96461371796063,51.81434322204899,51.659125815871995,51.51711579853606,51.402826816483696,51.34415174610468,51.34189068879557,51.42372546509727,51.59794806680468,51.84907444146985,52.14040621965819,52.44075373420473,52.72144740541743,52.96043582577043,53.12427756918219,53.19878052410586,53.20730382266402,53.08728940613344,52.81410276634865,52.52703218184849,52.258310238224645,52.00670646312623,51.7675345536418,51.53589697906608,51.339145996155345,51.22328236251057,51.213769627766865,51.28821977548002,51.429944651103874,51.63066657028745,51.875916869442676,52.13876816835107,52.39524906581034,52.620680784019015,52.793072816104704,52.88928442772509,52.88938515628991,52.804426505668886,52.64925272450861,52.44308645761354,52.20167188292275,51.94403929238315,51.687671884007074,51.44935114797298,51.244381905315,51.0897318851236,51.000357169409554,50.98613723575752,51.05243834340134,51.18643685557599,51.37435680584878,51.59892832610011,51.84555264730768,52.09927921273333,52.33554270627365,52.53487648647967,52.68647427013286,52.7872942846754,52.83153991056192,52.81831924598667,52.74307240807551,52.62293014796517,52.47684646791419,52.323103325537836,52.179430841863265,52.06318106265469,51.9910910749703,51.978765456183595,52.03496652319491,52.16860366314518,52.36270187396993,52.60471052493124,52.8767628022969,53.16801663646155,53.46233843253534,53.74272249995463,53.992141869045284,54.19318063584176,54.33426422921678,54.408369367444685,54.41246703684496,54.36000505768024,54.2642375930219,54.13426595085382,53.98419723180346,53.82634563280436,53.672858229807595,53.53564489969299,53.4263514433744,53.35641932326683,53.33683218185942,53.37441530642099,53.46149384869152,53.58797950325759,53.745645280204414,53.927736753832484,54.12757373041328,54.33637100572054,54.543580757971974,54.73794859519728,54.90825339560323,55.043429561046224,55.13475889277785,55.18257500847022,55.19021976035722,55.161671212610685,55.10114361370934,55.01325683162077,54.90486959088162,54.78424986621415,54.65966421194497,54.5395841607878,54.43246240564416,54.345601021103256,54.28375525679414,54.24952846080065,54.24293828967353,54.26455296157712,54.31665855281155,54.40210036557608,54.51672882049993,54.664493808830265,54.83870397533547,55.03506348948489,55.248041678709974,55.471373489926954,55.701149864840374,55.93041726152087,56.16296024803922
32.31822968157489,32.643209653573415,32.93128942349814,33.186227062145626,33.410662238451,33.607678023654515,33.78125740569178,33.93621846478313,34.07961565249817,34.219645580423524,34.364855434251986,34.5250152917113,34.710455551484856,34.926656456433335,35.17365004874671,35.46732302643071,35.80698156974208,36.19716312869871,36.63928700920338,37.07348231127409,37.59245487040436,38.20605606157829,38.788816002049046,39.37956350445226,39.960227098696436,40.510893049934026,41.01244878349055,41.44765331510721,41.802681511281435,42.07783041085412,42.28104136468882,42.423028594579506,42.51510696641368,42.56993858874363,42.60487958947692,42.63701876239522,42.68124849483254,42.751093100064026,42.8728815617042,43.04238377259557,43.26894729710907,43.58043717111315,43.99083811879923,44.42149502661874,44.80434622476802,45.168074311823965,45.508396405100704,45.815841229637186,46.060445423111744,46.23063470902602,46.31605156583238,46.3231882211812,46.26145580397485,46.14369788966919,45.993719124461215,45.8208885772479,45.64195854915093,45.46792554348614,45.322312495844564,45.207839948637464,45.14570986248353,45.151936254960134,45.240971494097245,45.40246103772731,45.59996864471433,45.818306825970794,46.05279346925091,46.278027174266605,46.47926741485801,46.65251202994748,46.789876683489105,46.85040724165135,46.841730743140474,46.77491946312663,46.647466424662504,46.46058087388929,46.233119022334066,45.987103548768225,45.74416135415694,45.52503682641267,45.34912749249544,45.233753839240705,45.18901674967688,45.20644243910048,45.2754905990653,45.39117402780126,45.55483379335041,45.77220388892895,46.05123591398024,46.399670908148146,46.80400718273863,47.1973915364417,47.538806222717604,47.83020770932317,48.08388436415063,48.29153892948681,48.42604683010785,48.47476760653458,48.442104817087234,48.348938299719315,48.21662591429998,48.065364781050164,47.91611698118154,47.79730511373215,47.7358833401627,47.760384761711606,47.89243215372184,48.11231723601338,48.39855280676156,48.734204770862284,49.09999195916037,49.467292244206696,49.8050101019891,50.08197972197746,50.26859410112932,50.351996946856964,50.33414555022531,50.23341714294589,50.070445140766154,49.864719544964466,49.64323963755874,49.42112992817309,49.217492954569586,49.06018220346656,48.96645664433026,48.94649439144844,49.01536843996079,49.16338173744868,49.37541704130318,49.6433517822983,49.96590361000232,50.31556807333587,50.69161869906088,51.0693192347791,51.421798455170496,51.74160068800413,51.98363826970488,52.12672530227523,52.17917264304694,52.155299126110314,52.071128616129165,51.944584270200096,51.79629117616069,51.64764176950759,51.51541352927943,51.412413982822,51.36631204109776,51.375098107592784,51.46669524355251,51.648263799043,51.90257727775282,52.19170586011832,52.485536735278835,52.75626746141325,52.9835903419508,53.134327092839634,53.195021486460995,53.1917870791962,53.0630732367535,52.7878443591415,52.4985651788822,52.22625946283627,51.972403695832504,51.73605020765798,51.515593354661576,51.335506014706134,51.23740216833029,51.24245457765451,51.32742852442681,51.47626396490298,51.68092407958359,51.92676100109701,52.18621789682063,52.435506542921836,52.65024644431058,52.81021205169259,52.894470550619985,52.8849873016545,52.793492221098276,52.63444561196882,52.42702389182932,52.18659714755697,51.93207462419024,51.680730546504876,51.449097863688024,51.252115949564015,51.10636165072623,51.02643982610434,51.02188620018178,51.09765455805318,51.239462098436256,51.431940494997406,51.65770424901953,51.90239507617275,52.15126086844167,52.37977711574474,52.568946997989634,52.708934438135344,52.79827842690932,52.83250570057455,52.81244853214959,52.73412842393286,52.61460934105565,52.472285089585434,52.324823617562245,52.189301497194315,52.08241585854862,52.020262947573265,52.017805074984054,52.08269611924249,52.22375778642357,52.42325903300144,52.66849458570569,52.940684028396824,53.229342484746645,53.518515165913975,53.79137495409348,54.031026527059005,54.22054250339102,54.349839265368615,54.41362558163602,54.41007088696156,54.35290292006099,54.255129242394425,54.12527496206548,53.97735142210737,53.8234116543224,53.67530574558658,53.54461725548127,53.44265665418588,53.380549956405154,53.36897741833558,53.41443740165062,53.50872431720818,53.641197608506,53.80305268760207,53.98686073782732,54.185381567236846,54.390118343248595,54.59105481373444,54.777520307857216,54.93894668340307,55.06495544254421,55.14746853581598,55.18722240412192,55.1878959722268,55.153773847827956,55.08933294301329,54.999355038222674,54.890651757295224,54.771480304760786,54.65010625811163,54.5349877394418,54.434468150773625,54.35572751535794,54.303046987759075,54.278274098162896,54.280791412720006,54.31080895451328,54.3702956304451,54.461856832903344,54.58107719684646,54.73261605462605,54.90938426899435,55.10702955574662,55.3199787974107,55.54194419424245,55.76919753906892,55.994537634203176,56.222971307594875
32.41129164248762,32.730352120575795,33.01239434525394,33.26169908859938,33.48132157526349,33.67479034491093,33.846612580287456,34.002034439642834,34.147975253237945,34.29233111775972,34.443331326768906,34.61037322395501,34.803467630787694,35.02763386340849,35.28212676055103,35.58326725831458,35.929410773901594,36.32473626442724,36.77090984133716,37.207744869584566,37.727825303926295,38.340640962779624,38.92044160277936,39.50571197957892,40.07856348061481,40.6191831471419,41.108728587285206,41.53052139452972,41.87149022813733,42.132930171232076,42.3238232011487,42.455888995987856,42.54144799695206,42.59394363165331,42.63037052692213,42.667017456912966,42.71812272477062,42.79702907113379,42.93038479955163,43.11116506357536,43.34713022587064,43.665219580022004,44.0775248406876,44.50597863626667,44.88235743005824,45.23784861680202,45.56757282038408,45.86286610796691,46.093683722370315,46.24932071042596,46.320585383999486,46.316272509745936,46.247342104818124,46.126221417389964,45.976636302946254,45.80697018193291,45.63354324325425,45.46692631711406,45.329550508088104,45.22383147273991,45.17033522369459,45.18434994267866,45.280167375968944,45.44728906878354,45.648068729074986,45.86750200002348,46.101375161797115,46.32342867188624,46.51882729890751,46.68291666711088,46.807861962719436,46.85575936110939,46.83647806213076,46.760584858877806,46.626321992416635,46.436321645345814,46.20943911220976,45.96725874380002,45.73091669429704,45.520581520387246,45.354986350056585,45.25074764654277,45.21733705420319,45.24586231559847,45.3255347406105,45.45113357652502,45.623611700690184,45.84812855773516,46.13190994333543,46.481776481706724,46.883443636124035,47.270646568133216,47.60330101153797,47.88418408817201,48.12596600176264,48.321003942834565,48.44365367854303,48.482479664691056,48.44222872989208,48.344411711329506,48.21205107295716,48.06587208940827,47.925285009094715,47.817792721771006,47.76948442368423,47.80757625837665,47.95241955256647,48.18170494144437,48.47206600624682,48.80723559808821,49.16886749268848,49.52856226235496,49.85549606315057,50.1189854702559,50.2904654987116,50.35951947031659,50.33028608692704,50.22150675293267,50.05378772755291,49.846761621014785,49.62803667819567,49.41162634048257,49.21590260226391,49.06939249797129,48.9897524078546,48.98390017228292,49.06472761416613,49.2220012046623,49.44068279550897,49.71309232849814,50.0384360977681,50.38908765812231,50.76257089498258,51.13223164028723,51.47466071180176,51.78235812518888,52.011104344127425,52.14091564360626,52.18106928392197,52.1469065963427,52.055593160807575,51.92619935654183,51.780295769179105,51.638357195990324,51.515816327452875,51.42390219592709,51.389869586964096,51.40922661850545,51.50994350804621,51.69808533062737,51.95485741459874,52.2413084112466,52.52834906886263,52.78906026410493,53.00467486787876,53.14257990075856,53.19020685938481,53.175727262270215,53.03887595794831,52.76202710146804,52.47116197248049,52.19610755727244,51.94081583298251,51.70779218645097,51.4984901334134,51.33463865764011,51.253570639148975,51.27235502283603,51.367090885510606,51.52236078694058,51.730325342239276,51.97618386843688,52.23187308138528,52.47379074841086,52.677898281040704,52.82569293878385,52.89838698768573,52.87979262917611,52.78224478367051,52.61984402962147,52.41164694145063,52.1726473000302,51.92158698750603,51.67552592579555,51.45074037609247,51.26179905765685,51.1248117127645,51.05400257458605,51.05862491817569,51.143237628740025,51.2922115136441,51.48868282887768,51.71517134336289,51.95759502136889,52.20141546346754,52.42220118302258,52.601431391817904,52.73023646558933,52.80863238940883,52.833432282417455,52.80706403672528,52.72617130242607,52.607683746266005,52.469411778837355,52.328395282550645,52.2010517321883,52.10341978039672,52.050951916120034,52.05797025769996,52.131118335861736,52.27904393831552,52.483385525277505,52.73126578353505,53.003129697245534,53.28881617605853,53.57258140399926,53.83781489481467,54.06779022748159,54.246078838638994,54.364032686063894,54.41801381870927,54.407354102708865,54.34597735538771,54.246621737576454,54.117291054544204,53.971845300930724,53.82205889958508,53.67947120380321,53.55532935286991,53.46060196205112,53.406094432839225,53.402177890304685,53.45503006052318,53.55596992572526,53.69386600423437,53.85939234432494,54.04450206894155,54.241442183490186,54.442003413676005,54.63668984702798,54.815402260632254,54.968209021735746,55.0854006946021,55.15952116455829,55.191689208665146,55.18589701734666,55.14671034490424,55.078843130190286,54.9872176454971,54.87858733148474,54.76117691547406,54.64323054616998,54.53317113718894,54.43920840508089,54.36840429345863,54.32460031684553,54.30891188913361,54.32010980470419,54.35808923520263,54.42452998500523,54.52180781305274,54.64530271938238,54.80024721407337,54.97923607984258,55.17786838902369,55.39053582593921,55.6109350565052,55.835484969313946,56.056809848906326,56.281004510184104
32.5036647190697,32.81707126324163,33.093452678481896,33.3375676244738,33.55285060427424,33.743234500821686,33.913700722630914,34.069877047835185,34.218538810625475,34.36728451652822,34.524030133123226,34.69780892895563,34.898319092812365,35.13014458586732,35.39185823521532,35.7000307746473,36.05222591764692,36.45230197494128,36.902082648185214,37.3422111791076,37.863077281049286,38.47347967903177,39.04988159670485,39.62931015718039,40.19409991967653,40.72457981230525,41.20221787662411,41.61091299354756,41.93834414377432,42.18675350310893,42.366090337774494,42.489000965728984,42.56872880038464,42.61941880307311,42.657663986265916,42.69894525500903,42.75684398134834,42.84455487963205,42.9888497735945,43.18021041701063,43.424862656696476,43.748753609545,44.16238214852377,44.58815458686817,44.95788486703314,45.30491850167197,45.624027614656164,45.90728572665392,46.12466470567141,46.26621254532558,46.323971000639865,46.30888438573142,46.233360919061106,46.10944055265898,45.96062202751087,45.79439967517664,45.62663229781277,45.467556269673885,45.33829641678791,45.2412187795403,45.196142648632666,45.21764015276143,45.31977829378493,45.491878305084654,45.69536793962989,45.91542255126558,46.14820498485183,46.36679552655629,46.55625304698434,46.71132127018329,46.82420503189192,46.860000330690916,46.83065017190382,46.74631120792535,46.605927224756236,46.41347485888979,46.187764146324554,45.94990632412981,45.72050983925985,45.5191384312979,45.36384482214633,45.27053754398802,45.248071461309955,45.28718634921351,45.37689523956563,45.51178282970483,45.69244499722643,45.92349139010604,46.211442312935624,46.56222279390454,46.96081555001185,47.34161051479267,47.66548199592629,47.9360003312529,48.16619554438178,48.34907804764149,48.46046136746455,48.490087933308516,48.443040738438306,48.34138080669707,48.20966598110701,48.06898938779532,47.93718772783257,47.84078807038667,47.8051457920498,47.85617873412591,48.012896064329965,48.2506465455372,48.544401636247635,48.878522788024526,49.235552727239615,49.587378646740966,49.903485376273814,50.153700751444234,50.31050304212198,50.365832797452896,50.32591137488128,50.20979473126721,50.03802740471595,49.83035867948268,49.61487997266133,49.40459427336358,49.217054347536845,49.08119271797283,49.01518451532818,49.022888423108405,49.115103632128445,49.28106827164922,49.50581647065621,49.78214278494498,50.10974845262556,50.46115898099931,50.83164901336322,51.192818315648864,51.52526200872059,51.821041210350046,52.036875390155174,52.15396496067622,52.182503590115815,52.13879628238255,52.04106317913843,51.909430315002716,51.76631016883136,51.631213534926985,51.51826052839289,51.437224695077504,51.41476606584701,51.444224977124314,51.55343388384231,51.74739852127489,52.00592472516824,52.28924179898654,52.56923299668256,52.819877415563035,53.02375508316414,53.14910348124768,53.184382999785285,53.159162080364474,53.014723365628164,52.73666731646244,52.444820871713134,52.16782569270457,51.91188531584391,51.68268080702704,51.484498672990306,51.33645637554891,51.271712389063254,51.30341556264197,51.40717138459916,51.568218008002034,51.778872485541235,52.024207287288455,52.275771101434756,52.51015107920015,52.703692338890725,52.83957291863288,52.90108783158069,52.87384726371034,52.77071970955964,52.60546869330843,52.396960839451275,52.15981162968994,51.91255118545043,51.67202022884732,51.4542304922395,51.27337513229633,51.14502417835122,51.08299337236235,51.09631219164757,51.189161796891376,51.34467633055427,51.54459157383839,51.771353123301104,52.01118937420137,52.24979048026023,52.46286819348078,52.63238363296428,52.75042863681808,52.81839546794086,52.83434631473427,52.80218003382645,52.71919972997272,52.602136431852884,52.468195450806455,52.33377570908658,52.21463083600185,52.126138156706624,52.083104160752576,52.09921328330502,52.18019301615004,52.3344357896463,52.543070161144584,52.79303113380588,53.0641227037592,53.34647589034126,53.62458866211846,53.88210360542621,54.10249904024842,54.26985488153149,54.376903952800916,54.42158403395808,54.40435298332198,54.339250546408145,54.23872386066454,54.11030777206699,53.96765815203491,53.822254339408516,53.68531201414479,53.56773247025227,53.48013647552103,53.43300409424587,53.43639200833641,53.49616356770666,53.60321591102246,53.74598606750256,53.91468134050372,54.10069163680886,54.29579714047486,54.49207517831161,54.6805389799845,54.85164852422153,54.996092351732585,55.10481220679472,55.17095584800288,55.1960042282588,55.18423947833817,55.14048368601345,55.0696628551961,54.97681898799115,54.86863676760359,54.75328765227334,54.63897473119567,54.53406476352672,54.44661039902468,54.38355945075987,54.34834725970868,54.34138046421298,54.360841126702354,54.40635146609388,54.479329387810324,54.58193109273731,54.709390278667996,54.86738251683289,55.04826459987472,55.24759456572095,55.45973598054332,55.678377008075536,55.90005155824939,56.117279127455014,56.33711301794642
32.59537395576528,32.9033879873001,33.174476567400184,33.413832727530966,33.6252350903004,33.81298108458531,33.98247800395841,34.13969035407429,34.29124105350927,34.44443403585749,34.606876553752016,34.78724638346675,34.99493595104652,35.23411873920587,35.5027768913795,35.81755551794063,36.17537849051188,36.57981948266258,37.0327751902319,37.47675812027108,37.99808962890661,38.604577564114955,39.177157205854115,39.75039482521486,40.306886607893226,40.827143167616,41.2929814555633,41.68889136667869,42.00329818827556,42.23934105244631,42.40786478406953,42.522365413406376,42.59692881705105,42.64632403494904,42.68670438575211,42.7327362917637,42.797342199561854,42.893600242213225,43.048219438728644,43.24947812300222,43.50212000172347,43.83103795462834,44.245424565281674,44.66805389255589,45.030968523330884,45.369339058152,45.67782474622858,45.94916959551725,46.153456102838774,46.281374597534686,46.326262164760195,46.30106358742149,46.2195368096096,46.09336195406943,45.94566997405681,45.78315769915982,45.62119605767383,45.4697687096408,45.34850775664989,45.25995613751891,45.22308662338427,45.25176467312724,45.35977248889025,45.5362170815406,45.741872420805414,45.96209070184806,46.193324005434455,46.40818179735429,46.59160732556996,46.737791663064904,46.838970876304785,46.86318862649603,46.824297834577855,46.73213543067604,46.58630128832483,46.39203949616473,46.168071916018825,45.93500355537274,45.71288015903472,45.52063343725831,45.37562099647351,45.29304031409804,45.281141952843306,45.3303465600343,45.4295171735779,45.57308155091583,45.761308859543455,45.99828328636043,46.28983992750838,46.641033121351455,47.036162078045315,47.41033516680055,47.72540853071212,47.98571849515249,48.204633527102516,48.37581576324502,48.47651319866268,48.49761881872097,48.444543908784055,48.339821353826586,48.20941964959395,48.07464376916746,47.951738123792005,47.86620290700074,47.84278473383958,47.906121432754524,48.07381474574518,48.31912237910496,48.61556286090236,48.94808953037163,49.300089842645534,49.64379881396266,49.94904572113881,50.186197444208496,50.32877603655286,50.37099743818465,50.3210682847991,50.198310788918164,50.023174048496216,49.81549843191589,49.603738410072744,49.39998193484798,49.22087843390095,49.09550959824156,49.042685568501625,49.063400460470596,49.16644785316047,49.34054641960163,49.57079628277629,49.85049665808036,50.17984878421507,50.53177064406826,50.898850826827136,51.25113400608344,51.57365902659199,51.857708701399815,52.06100662499487,52.16591907998751,52.18350718296192,52.130981363084736,52.027531007003695,51.89424848359962,51.75428754284457,51.62615222592433,51.52268246743593,51.45231471955177,51.44094315988987,51.48004193904011,51.597129996204806,51.79618923070267,52.055789082622034,52.33553394928162,52.60823078046507,52.84877051785807,53.04089666741691,53.15396532261572,53.17759626457034,53.14212924195735,52.99064125570337,52.711781327258905,52.4195401856499,52.14138504030405,51.88555458568431,51.66063638639248,51.4735303310611,51.34087161902415,51.2917520321698,51.335580796402965,51.44763454756027,51.6138185188726,51.82656763677623,52.070853073477956,52.31794933635876,52.544636932212406,52.72768466254202,52.851909432494054,52.90262717496324,52.86719733011279,52.75895251493978,52.59134031887167,52.382970818805155,52.14807942588367,51.904942021143285,51.670175662628374,51.45952001918229,51.28678807618523,51.16694115459921,51.113360176940844,51.13490682250583,51.23540130393685,51.396847778521526,51.59967449622833,51.82627310300509,52.063215025975424,52.29643340126898,52.501831432492956,52.66185768642852,52.7695592361448,52.82760695827239,52.83527445616855,52.79781079756574,52.71321239299034,52.59795046607287,52.46860502062928,52.340922285753535,52.22998809779161,52.15051631598603,52.11666586161289,52.141486430773,52.22988000320483,52.38990701124117,52.60230175094917,52.85379765190479,53.12368594285405,53.40235980753887,53.67458845559889,53.92430236923606,54.13521903529484,54.2919358720144,54.388512527077985,54.424386182676024,54.40110382803602,54.3327446758701,54.2314443937551,54.10431865841083,53.964769259181345,53.82396494460883,53.69278558629861,53.58177788602159,53.50120930314646,53.4612302823019,53.471578183000396,53.537808207869055,53.65044750987947,53.797559175370324,53.96893676626915,54.15546033106302,54.34848799949252,54.540382598464326,54.722655334735876,54.88631316932422,55.02264861452496,55.123236868696765,55.18181165514792,55.20019626906188,55.18293993782267,55.135096853329436,55.06178079798643,54.968133400251816,54.86076051980521,54.74776046907808,54.63727646826427,54.537599027952666,54.45660136306376,54.401121082616136,54.37421983200361,54.37561845390116,54.40293303979073,54.455553309635704,54.53466161017872,54.64220445867009,54.77332476526362,54.934017192565165,55.11647502108531,55.3162226622433,55.527602477470964,55.74430098031382,55.96293670854916,56.1759906916739,56.39134999302124
32.6864443970185,32.9893231984804,33.25547815622694,33.490494455532904,33.698460798159225,33.884000689400324,34.05290059550619,34.21141842307429,34.36601671073779,34.523707934875986,34.69179528909229,34.87860956424191,35.09324421897793,35.339486438820174,35.61481514768357,35.93578343070628,36.298819982030246,36.707248010012755,37.16295722796162,37.61126257350287,38.13274117463154,38.73393997180936,39.30228965225577,39.86900277164034,40.416973737276486,40.926933335266014,41.381084128158754,41.764519768441076,42.0664072917242,42.2907334652058,42.44916854953709,42.555983248623505,42.6260274872909,42.674619259227,42.71743614362448,42.76832470225739,42.83954731440733,42.944094875531704,43.10843674984991,43.318926471651,43.57887767308846,43.91207131021821,44.326666613935274,44.74570756746235,45.101648386589744,45.43116537796027,45.72902817341296,45.98858722437587,46.18012564369624,46.29487125086308,46.32751262536711,46.292849853100016,46.205894339369245,46.077992280214495,45.93177381848581,45.773224896063184,45.61720486768483,45.47351694548998,45.36014206237987,45.27999781515602,45.25112163403596,45.28668129169486,45.400118202629876,45.58029373306139,45.78758831702789,46.00752867392192,46.23677329056431,46.44764154335778,46.624952801145795,46.76239366965592,46.8522244812562,46.865382724624915,46.817471812271144,46.71809444753665,46.56746334976604,46.37201453881414,46.15034021263295,45.92250770314399,45.70796702361093,45.524992416382084,45.390232960746886,45.318172739394385,45.316470510649395,45.37527496814944,45.4833456202946,45.63498950373323,45.83017846422551,46.0724951468171,46.36710969178122,46.718230740657255,47.109522373867584,47.476872314537346,47.783139970725,48.033400636457394,48.24134048501934,48.401271608982555,48.491852473927764,48.50509872726252,48.446741306987356,48.33970912072272,48.21126108926238,48.082762326480974,47.96884918336991,47.893948979034896,47.88231853763377,47.957333598057616,48.135128653544996,48.38711277296075,48.68555284434934,49.01595901483001,49.36252101873797,49.69788018061801,49.99224477752554,50.21654742721473,50.34535378719652,50.375073902430636,50.31580368739157,50.18708463685412,50.00923753513472,49.80216858986216,49.594580879546974,49.39773753296754,49.22730510486877,49.11226987354791,49.07218816912549,49.10537760091521,49.21871163657487,49.40039912971172,49.635600447900636,49.918147454345856,50.24874520217701,50.6009112494305,50.96417410799867,51.30723345681043,51.61990844608101,51.892419356250386,52.083553265853176,52.176823828042494,52.18411168379375,52.12347501730423,52.01498898028531,51.880625200349414,51.74418105894593,51.62311470858915,51.52901847991844,51.469105508628424,51.468342551236006,51.51662625984352,51.640995470397634,51.84444331862789,52.10446036012077,52.38021278807536,52.64538468193652,52.87579117306057,53.05616530024688,53.15723291317132,53.1698930106479,53.12466645552728,52.96665542408426,52.68738545699167,52.39531822336053,52.11675677124233,51.861766083771414,51.64157924155357,51.465496465294564,51.34779683865744,51.31361418256531,51.36879532344964,51.488444900261726,51.65914521033754,51.873412923230944,52.11614304283161,52.358445165547,52.57729770437031,52.74993129667588,52.86275992162171,52.90305911049182,52.85988895323902,52.74697871598501,52.57747962215311,52.3696821124861,52.137439977958906,51.89873429770453,51.66995443410688,51.466560763974066,51.30198179202631,51.19050474862127,51.1450509458292,51.17436761265888,51.28193039130601,51.448717086900594,51.65393936239623,51.87995479664578,52.11370886799629,52.34139170894308,52.53914418543268,52.689907517210436,52.78767654789273,52.83630615617037,52.83624336536395,52.79397060205572,52.70820797789648,52.595108917182536,52.470609403442374,52.349792401135,52.247072806714264,52.17649958674252,52.151583198842935,52.184741979077586,52.28013914012358,52.44543127392533,52.66106910503766,52.91357235321835,53.181842309446296,53.4565061075954,53.72263229976775,53.964472469552156,54.166016282556235,54.31238705003359,54.398917870393376,54.426470220156816,54.3976429360861,54.326481926521346,54.224792118944585,54.099317257352695,53.963157906131386,53.827157686002124,53.701849329951955,53.597416878571224,53.523769553478296,53.49072433868415,53.50769482486629,53.57993426567846,53.69764995907598,53.84858670489751,54.02217571175196,54.20883904133774,54.39955632184471,54.58697463544296,54.763092033414,54.91945026663948,55.04792975124419,55.14072156988296,55.19212765499145,55.204294137233276,55.18201497842153,55.13055282902613,55.05518563851701,54.961135216826214,54.854919042243054,54.7445433198077,54.63807341245139,54.543704339964286,54.469108527656836,54.42101728438194,54.40215004938546,54.411564488698346,54.44633320504561,54.50565242827679,54.59049442342875,54.70260569756408,54.83709106972954,55.0001464709309,55.18387253546882,55.383767254995604,55.59415853296997,55.808737904580376,56.02417982288709,56.23298976338776,56.44376859754798
32.776901087273515,33.07489780251165,33.33646958918032,33.56755286624162,33.7725134926679,33.956263908465246,34.12492466851052,34.28500531954931,34.442800511159525,34.60503447271216,34.77871103958112,34.97182244803466,35.193169910094326,35.44617780010629,35.7279054227675,36.054656455455934,36.42250188173584,36.8345467794135,37.29259852185876,37.74560141923083,38.26691074535733,38.86157225589521,39.42530015793842,39.98517078441497,40.52441149983794,41.024010437447174,41.466590698466476,41.837861453352716,42.1277263842034,42.340971387348986,42.49002364368056,42.58985538098386,42.65600425144385,42.70426440785301,42.74980367812687,42.805644621570444,42.88338926088102,42.99596849624188,43.169444661854136,43.38851375305779,43.65511108292836,43.991852371260826,44.40612281745849,44.82114662572014,45.169964444447864,45.49045255281494,45.77770185452089,46.02560812304877,46.20474105806762,46.306766889120546,46.32777613146732,46.28428292105084,46.192458071245774,46.06333818968742,45.918927236699595,45.76458190806745,45.61462907269312,45.47875428569663,45.373156868683715,45.301298080931936,45.28020216667431,45.32234779638314,45.44078367634887,45.62409659455702,45.83252177272367,46.05175868963807,46.278593907260706,46.4852288236443,46.656352140193306,46.785193113856515,46.86403083204434,46.86664110117774,46.81022286710194,46.70422517891395,46.54943257572338,46.35339896848156,46.13454682750727,45.912376033058685,45.70570980297785,45.53214124678292,45.4075988026753,45.345851602398625,45.35397911657438,45.42190359364761,45.53832565736296,45.69746645173224,45.89902898785686,46.14611787179479,46.4432585104817,46.79383892843179,47.18093559112186,47.54127374838355,47.83873567079441,48.07910881175424,48.27637695322671,48.42550010419151,48.50652249505007,48.51255406526722,48.44963599910631,48.34101987539008,48.21513931095668,48.093272152692066,47.98843389296319,47.923938033910716,47.92366449201253,48.009744473830324,48.196790844462264,48.45459805791769,48.754374750726846,49.08215443110011,49.42288843534873,49.749680163304944,50.03315022521398,50.24482257912893,50.36030559924537,50.37812270010964,50.31016445336972,50.17614598604378,49.99622774087247,49.7903568648692,49.58737627020099,49.39780927575402,49.23626460395281,49.13140027866224,49.103624918950416,49.148761160988,49.27184634168435,49.46058988317174,49.70020718206068,49.98508868018307,50.31644581615178,50.66856939918735,51.02761662950215,51.36117141304927,51.66406694785266,51.92523193281395,52.10457052993682,52.18672503134358,52.18434871394473,52.11629042389599,52.00342943486519,51.868531803269015,51.73594388486259,51.62204242252818,51.53720490117688,51.48753030158604,51.496905922028745,51.553926695125256,51.684993931684815,51.892146644767685,52.15194843082512,52.4233062413112,52.680736962823346,52.900990983241115,53.06962666126392,53.15897374122317,53.161319594925835,53.106811429552636,52.94279166668116,52.663496028794945,52.372153293914764,52.09391205669082,51.84046225137286,51.625429689516565,51.4603084333595,51.357144485040415,51.33722345434645,51.403003743112556,51.52956696857137,51.70418097318214,51.9194104721921,52.160099011175646,52.39729596838923,52.60818279259653,52.77048828597369,52.8721818272702,52.902437730824786,52.851968257944606,52.73483382886935,52.56390731899468,52.357099953467994,52.127882575263094,51.89390281825407,51.67131875025107,51.475304533668016,51.318900182522334,51.21565706753026,51.17801363653505,51.214653364015106,51.328723300428436,51.500275485046195,51.70739393869088,51.93242171839406,52.16270779156916,52.38471288573182,52.57485973767358,52.716587090309865,52.80482885638501,52.8445323574018,52.8372797009641,52.790673721409,52.704185171108655,52.59359485343844,52.474177514382276,52.360343443814436,52.265834251926485,52.20403329748373,52.18780235258475,52.22893220719247,52.3309302700037,52.50098224852402,52.71936103375653,52.972362253133085,53.23861469845212,53.50895297045491,53.76877170995231,54.002675189682435,54.19495685196801,54.331273655534964,54.40817944424534,54.42788610169412,54.39400660670731,54.32048448110969,54.21877581832948,54.09529711266951,53.96280337664637,53.8317995344045,53.71246065479208,53.614600726294476,53.54776633506737,53.52143760506939,53.54470034450376,53.6225120258029,53.74480849539167,53.89907003314393,54.07441526708286,54.26085865726678,54.44904366883302,54.631900250556406,54.80190219815077,54.95111388686643,55.07198770302156,55.157313199928005,55.20194291653163,55.208326638931936,55.181481182756045,55.12685459527733,55.049866056743475,54.955798772261396,54.85107278907057,54.74358415838162,54.6413032188326,54.552311109059104,54.48405912326267,54.44317615141177,54.43206992750933,54.449157199104675,54.490989283543264,54.55660648446579,54.6467955988787,54.763112596132316,54.90067408262607,55.06576558159071,55.250462335019776,55.450242920382784,55.659427363288245,55.87171871223545,56.0838203039371,56.28832156442125,56.49442199366607
32.866769070974456,33.16013270512308,33.417463010478436,33.645008017419165,33.84737893864363,34.02974133497862,34.19850639420764,34.36039510821347,34.52152718362295,34.6883419084945,34.86754850565555,35.06680901159853,35.2946390378834,35.554122938460274,35.84198013527121,36.17411653470134,36.54637567916243,36.961675013286474,37.421668832407676,37.87965153788286,38.40047716821721,38.98747977015271,39.546209944930695,40.09893565149682,40.62925008758919,41.118434596351385,41.5495659705425,41.908979675931526,42.18731039579634,42.390095464837486,42.53045207600322,42.62398272009091,42.686838549849526,42.73521941277303,42.78375140750302,42.84463018478323,42.928797973979044,43.049150820998165,43.231186129637145,43.45819825732346,43.73079564337999,44.070379832702336,44.48380769882528,44.89440208146187,45.23595668454351,45.54725567443418,45.82390974786406,46.06030180135495,46.22737007577665,46.317125896116934,46.327106432067424,46.27540252955782,46.17925256814492,46.04940634108137,45.907123904599885,45.757209377353355,45.61343901754605,45.48543403873587,45.387509710267295,45.32381120332692,45.31028270738583,45.358721975110804,45.481737151392245,45.66761400093742,45.876678932319116,46.09480297114754,46.318826922543025,46.52099769729137,46.685868009193925,46.80625581956687,46.87445491396744,46.867022232254634,46.80260176118849,46.69056454521472,46.53222813284044,46.33619176681051,46.12066955198218,45.904565810732024,45.70604786712476,45.542005806574444,45.427636609967564,45.37599368563231,45.39358975246437,45.47016445661747,45.59440236243024,45.76047215848802,45.96783560702179,46.21914236161234,46.51829328833733,46.86788096128491,47.25044088345135,47.60359125871965,47.89225498574989,48.12290507762968,48.30980346681914,48.448555768209296,48.52056656381994,48.52001123906908,48.45323105119903,48.34372938583331,48.221003325521316,48.10610034075696,48.0104052389687,47.95608181904984,47.966739885556024,48.06328330386782,48.25875437522984,48.52155856478891,48.822031744173294,49.14669896888236,49.48123427230952,49.79925617862145,50.07182974398413,50.27109477861715,50.37370077789176,50.38020434114041,50.30419745344462,50.165524547455725,49.984154541950396,49.78005096848481,49.58209347115187,49.40014537123926,49.24768717466566,49.15282754835494,49.136928419727,49.19349245723464,49.32580332780161,49.521082161173894,49.764594701287805,50.05131384203352,50.382958735779724,50.73473369544018,51.08917616396189,51.41300262001945,51.70619121257193,51.95620518900267,52.12411363445248,52.19566851639314,52.18424989474833,52.109440761714914,51.99284470662531,51.857939630375284,51.72952918832165,51.62287680734816,51.54717806654768,51.507522337703115,51.52657495441143,51.591892000476044,51.72908900533029,51.93928506883917,52.19826316789578,52.46484223493269,52.71432988485197,52.924421550470214,53.08134643007795,53.159255295079966,53.15192237431211,53.088601872511845,52.91907577940433,52.64012936580297,52.35004370638234,52.07282206782091,51.82158552975631,51.612108047287734,51.457877592924696,51.36882700876469,51.36250446160989,51.43815065472234,51.570965278356944,51.748908698191656,51.96456241094642,52.202742794336274,52.434539124275176,52.637341593813794,52.78941167511677,52.880232590693886,52.90081712862056,52.84348136908516,52.72255336976692,52.55064412523831,52.34522957472471,52.11939650714374,51.8904223859118,51.674230818029095,51.48570313531732,51.33748715037608,51.24234021843898,51.21219620656601,51.25572287848287,51.37575427273368,51.5515142023131,51.76004599146103,51.98369738242082,52.21024868799933,52.42644441408449,52.609031374589236,52.74195037072656,52.821064445944906,52.85232485773362,52.838410121612576,52.787934429738236,52.701142659044415,52.59339134309723,52.479278268585524,52.37253280237535,52.28622172258494,52.23306277671732,52.22526950298026,52.274009394091394,52.38221323594263,52.55653360586247,52.777166347452216,53.03017436703561,53.29402600478775,53.55973857606142,53.81305820147985,54.03897181293483,54.22210681346552,54.34866092846437,54.416356710132206,54.428683782581516,54.390231139134734,54.314774522382876,54.21340427400626,54.092251768138276,53.963684954487725,53.83785746063208,53.72457697050627,53.63328070758465,53.57314875646457,53.55332142313444,53.582553152482454,53.66551177291037,53.791908355606274,53.9490105371694,54.1256725223926,54.31155006848386,54.49699160175904,54.675208405113516,54.83913895107807,54.98135810070425,55.09487441098845,55.17305864840667,55.21129650876651,55.21232258031681,55.18135513344762,55.12400513425696,55.045810732621554,54.952098401104415,54.84918221444119,54.744830938719275,54.646903542483486,54.563349744734644,54.501380380339945,54.46752577906014,54.46391148203034,54.48833521562034,54.536848936359924,54.608373140651345,54.70353290784692,54.82370294108782,54.964058694513504,55.130869754205236,55.31624961173272,55.51566423480973,55.72343218467365,55.933274334639464,56.14189755437309,56.34203131659912,56.543363343515
32.95607339256551,33.24504881204383,33.49847056433947,33.722859966827606,33.92304290090362,34.10440356213899,34.27360194383382,34.43753185378087,34.602131456976586,34.77355850135142,34.95823238775259,35.163493231687085,35.3975776158329,35.663251969278136,35.95697170383468,36.29410561095422,36.67039286384386,37.08859193405338,37.550137920092816,38.01328980988681,38.53331927034447,39.11166786836209,39.665040235261195,40.21033416084405,40.73153969254191,41.210265934170536,41.63007474844283,41.97793769069553,42.245214256586145,42.43814634363293,42.57047585600837,42.65836617554811,42.71850982284755,42.76744420593297,42.819223749996745,42.88521552697606,42.97570338869762,43.10357156645498,43.2936041080948,43.527938274548866,43.805906766580264,44.14765238948901,44.5597357810096,44.96550494882015,45.299665094514886,45.60162983453617,45.86771581175404,46.09273776911345,46.24808042664714,46.32601265566204,46.32555727617414,46.266248416904816,46.16630239297238,46.03620339298953,45.89635749808839,45.75108794610158,45.613605047090985,45.493509513082884,45.403158121836505,45.347491450821266,45.341317742257075,45.39576161579664,45.522946869105056,45.7108342871126,45.92006594024055,46.1366837406013,46.35751340343062,46.555002223376526,46.71356307462912,46.82564761068718,46.88356171232372,46.86658459395576,46.79465925664902,46.67714946684577,46.515869187760714,46.32039191544448,46.10868617739803,45.89903430177916,45.708920586041025,45.554511973870355,45.45026447033243,45.40851577161701,45.435224400165524,45.519989577147676,45.651520813143684,45.823966387575744,46.03657349830459,46.29155951658851,46.59222093007572,46.94038011582645,47.31807740449926,47.66387663592612,47.943757270420996,48.164851490670344,48.34168056089111,48.470493120373355,48.53402798202763,48.52749665500217,48.45752952932362,48.34781342005708,48.2288021438007,48.12117398363185,48.03467620778334,47.99029208187399,48.01146200684444,48.11787933196519,48.32097230258065,48.587974624387456,48.888526988827,49.20961581787719,49.53760070945212,49.846665643165444,50.108351013615966,50.29543590434543,50.385608628328036,50.3813793354417,50.29794955832739,50.155250032058596,49.97302781460951,49.77123861225669,49.57870137151665,49.40469402745507,49.26150306051984,49.17647841739644,49.172031273205896,49.23951280620086,49.38053395423938,49.581839444910386,49.82874122161342,50.11681644633881,50.44829207070123,50.79939274029033,51.14885048400224,51.4627818229404,51.746337920903855,51.98539788272872,52.1422377966069,52.20370010969363,52.183846847538064,52.10293920961595,51.98322713144764,51.84882001968506,51.72489013705029,51.625559302655944,51.55887431136735,51.529014856258215,51.55729133052742,51.630470931486606,51.773244316597996,51.98584445055948,52.243414444493396,52.50484869488331,52.74620570974882,52.94613447681841,53.09139028629884,53.158145063050426,53.141747705714664,53.07007549288325,52.89553355816412,52.617301791149906,52.32898776983304,52.053457975804,51.8050783601894,51.60153463187341,51.4581153016589,51.3827568604219,51.38938181845228,51.474180657609594,51.61260435548626,51.793311276151385,52.00887086678067,52.24409620813969,52.47021201259452,52.664823504944785,52.80675750878651,52.88696965314718,52.89825139653751,52.83447441151626,52.7101728548518,52.53771075672591,52.334076209230076,52.11197106294833,51.88826780379761,51.67865284440915,51.497708375975186,51.357686598290385,51.270496308460245,51.24754661342973,51.29753495797057,51.42299754965131,51.60242446805608,51.8119032870555,52.03380530289703,52.256368448592035,52.466633776450315,52.64171238155331,52.76605132346033,52.83643160089563,52.859722952932785,52.83966128595301,52.78576700115606,52.69907912812134,52.59448145441545,52.48588058118863,52.38631786540129,52.30818450784627,52.26353335295093,52.26393083017148,52.31992581874806,52.433947881037774,52.61205901676597,52.83447385647119,53.087015710312514,53.348099123369366,53.608901104358964,53.85554328967762,54.073423622617376,54.24753223698413,54.36461410876763,54.42350912955226,54.42891321811266,54.38635283260354,54.309374233088704,54.20868626807137,54.09017476753599,53.96578192341682,53.845298435500965,53.73815568678186,53.65340810083504,53.59986592622076,53.586327134556164,53.62121165937199,53.70890379166891,53.83893477649938,53.99840959403368,54.17596456781188,54.360944164622694,54.5434416819244,54.716948060423164,54.87485541432778,55.01023697885212,55.11664181627617,55.18800480489368,55.2202275006943,55.21631076754681,55.181653413117616,55.12200742813892,55.04300834610701,54.9500084379023,54.84920777250834,54.74823161474006,54.6548120384797,54.57675065648839,54.52099952934747,54.493994262681575,54.497606728603685,54.529037168745546,54.58385982457183,54.660910059282216,54.76067412165178,54.884354519143635,55.02722979595214,55.19545421843509,55.38123955760218,55.580045774681274,55.786196213374026,55.99343570315269,56.198450976868955,56.394164241746054,56.590645809234154
33.04483909649079,33.329667029003076,33.57950439498156,33.801108772228936,33.99949114426508,34.18022118314487,34.350167488625296,34.51635962096566,34.6845480600689,34.86061251041139,35.05068738630932,35.261799085053866,35.501911657430554,35.773495007955944,36.07281254709788,36.41456562672629,36.79450492531389,37.21525676413589,37.67797554539851,38.14639311567057,38.66531587887237,39.23414190430354,39.78181225095854,40.31940310041473,40.831330506707666,41.299564573096504,41.708181836223446,42.0447987521627,42.301492896655986,42.48516466969689,42.61011699319934,42.693006656958936,42.75099751077756,42.80089871927883,42.85616512385184,42.92733478322934,43.02403544003292,43.159160449266714,43.356641552122944,43.59769209483484,43.88041986466604,44.223668736567,44.6339215869854,45.0344862419275,45.361129662000224,45.653630124839076,45.90918400450252,46.12298553614322,46.2669398405029,46.33349155156568,46.32318241279408,46.25686032137564,46.1536321086339,46.023736004005116,45.88662169306687,45.74619825649291,45.61509750617532,45.502934017212866,45.42005963809721,45.372293091895266,45.3732617573746,45.43342450635946,45.5643810708323,45.75374578799256,45.96268894091432,46.17742322015033,46.39469441694283,46.5872964609773,46.73950000298035,46.843434311117626,46.89141621241133,46.86538666238127,46.78644611560182,46.66401686421387,46.50037490712781,46.30599839602703,46.09857449509516,45.89573877181526,45.71426732971597,45.56958562678427,45.47540047147873,45.44333464287427,45.47880504152398,45.571310975326874,45.70962608715052,45.8879089025706,46.10521783828951,46.363360237042066,46.66504834042435,47.011359668666266,47.3838843079088,47.72218167038347,47.99330187963724,48.20501010746286,48.372068770537126,48.49136668002111,48.5469500514635,48.535036719400544,48.46253449953817,48.35324774606598,48.23848477663922,48.13842017427299,48.061159785804,48.026480569804725,48.05774814445795,48.17346180191758,48.38339768324747,48.65382656752646,48.953863648826314,49.270928167785065,49.59202992660826,49.891965973534894,50.1427817138895,50.31791783497977,50.39609845574657,50.38170819293231,50.29146763872907,50.14535215082104,49.96285743509077,49.76390750773265,49.57716886041236,49.41140345243322,49.277642505027934,49.202279620557086,49.20886608113768,49.28676352443236,49.43598958031037,49.642825215573446,49.89262495906894,50.181589999540485,50.51245393055666,50.86253513583912,51.206637362247506,51.510563767031606,51.784563753513446,52.01286877190427,52.15899823360677,52.210865637747375,52.183171193647354,52.09679894645406,51.97456904521412,51.84114430921527,51.721979898775665,51.63003134805822,51.5722299709723,51.55194109652986,51.58899673252003,51.66961224374765,51.817423490751956,52.031810649645756,52.28741213377866,52.54335354710656,52.776406699240304,52.966181364356224,53.09982390953646,53.15571053344323,53.13084194604139,53.05126999914532,52.87219079887082,52.59502962797002,52.308983793336616,52.035790951811535,51.79088318393981,51.59362976027982,51.46093291723094,51.39884649060364,51.417780138970315,51.51103835110493,51.6544487258271,51.83737159784661,52.05233796698153,52.28418106841216,52.50435201273701,52.690677922912215,52.8225818316642,52.89245045588441,52.89479462723404,52.824993510093485,52.69772780029806,52.5251279292994,52.32364508995796,52.105595532024374,51.8874138750314,51.68454703635943,51.511272062694815,51.37944242896796,51.30006744470686,51.28401281463384,51.34004840438661,51.47042737261091,51.652997511629835,51.862973591823035,52.08276899399358,52.30110396465247,52.50532845527857,52.672956043939365,52.78894391351097,52.850978605560385,52.86676593876625,52.84105985262902,52.78418570977506,52.697993264756924,52.596848255649725,52.49395336732814,52.401656021475674,52.33167189686715,52.2953903546922,52.303732514300386,52.36663376013619,52.48609404838658,52.66753215205972,52.89127237115991,53.14289329835035,53.4008569491132,53.65647873529158,53.89627848987287,54.106091902037925,54.27129919245925,54.379198436390695,54.429696164003744,54.42862436358121,54.38240798634878,54.304305795974955,54.20463058262129,54.08905965463957,53.96907356719503,53.85408942982728,53.75315421330608,53.67493418443897,53.62786695288685,53.62040608101131,53.660634275742076,53.75265836674655,53.88587299485076,54.04726858079666,54.225308493471424,54.409071835317036,54.58843547063064,54.75716817779421,54.90910471003181,55.03780459200916,55.137341860016086,55.202198558963744,55.22877496131304,55.220320006780895,55.18239260438735,55.120864459097064,55.04144757715552,54.94950321720216,54.85110991742549,54.75373414036343,54.664966361896795,54.592444253817874,54.54284380074396,54.52250969763055,54.53308768288439,54.571201688980466,54.63196960925526,54.71417490280705,54.81818701161161,54.94504511701277,55.090172277502326,55.25951420394095,55.445437364622656,55.643402116402356,55.847742665637305,56.052233749135475,56.25351997409855,56.44476556168674,56.636322552963
33.13309122719447,33.41400826173001,33.66057664662282,33.879754491385214,34.07670943354522,34.25716479119478,34.42815919981834,34.596822474481954,34.76871172174837,34.94943219480289,35.14483820176277,35.36165054845244,35.607567176164075,35.884782169889725,36.18943508370076,36.53543852452924,36.91866335310631,37.34162872595564,37.80515146880916,38.27883833566198,38.79634582093416,39.354907231757274,39.89654721405133,40.42617925816694,40.928672722098085,41.386390635321185,41.78395203794039,42.109626114850954,42.35620124608904,42.53119108899096,42.64939749707947,42.7279050739269,42.7842810539792,42.83554288475656,42.89451994731211,42.9709220886234,43.07372406298115,43.21584718608776,43.420241416617415,43.667418008282226,43.95431034977416,44.298427568882495,44.7063796397266,45.10137697491654,45.420390374637684,45.70331163706105,45.948378284421075,46.15111461226326,46.28401604716772,46.33962696763762,46.32003559093396,46.2472779812542,46.14126627803516,46.012010832721316,45.87791016543702,45.742520950708034,45.61788673964639,45.51366085960098,45.438171793755245,45.39817039502919,45.406069238824955,45.47166843471803,45.60600799791901,45.796336838487264,46.00455407876677,46.217043631945565,46.430411030099,46.61793446917122,46.763741460729015,46.85968174475839,46.89808339952849,46.8634869136313,46.77801310016512,46.65120365772575,46.485764457585276,46.293010190201656,46.09031229641399,45.894636486455475,45.7220274681389,45.58715264342984,45.50296270111529,45.48036708192567,45.52425365838588,45.624060671243704,45.76866326209802,45.95225946704779,46.173743803560825,46.43453542329182,46.736782424110785,47.08084289641415,47.447900747323125,47.77855815247217,48.04094816822811,48.24344298459385,48.40102863085162,48.51123096648993,48.55937607391783,48.54265783859826,48.46824902790074,48.36000813186467,48.25000023488129,48.157766005636574,48.08976895942758,48.064559030263695,48.10551558697676,48.22995995752015,48.44598357396323,48.71909472501904,49.01804488830954,49.33065920830644,49.6445641036097,49.93521458632777,50.17518952458468,50.33861244918621,50.40523956533969,50.381251423531005,50.28479856536067,50.135860614711696,49.953653279635176,49.75804536646036,49.57746482695599,49.42022185420549,49.29603575170243,49.23015789260733,49.24736544527297,49.335185928474885,49.49212156532723,49.70400295435525,49.95622412968578,50.24562800808014,50.575452424986395,50.924149484187915,51.26253457132202,51.5564031975125,51.82092539106573,52.03867661444157,52.174450162658786,52.217210927056776,52.18225455440962,52.091033151084154,51.96686278380667,51.83488383698278,51.720751641224915,51.63623438316175,51.58718138069899,51.57623429779662,51.62163284253264,51.70926469284986,51.86159015305611,52.07716952581512,52.33026610891226,52.58038471754592,52.804975115052805,52.98461381515424,53.10671297940067,53.15201919456703,53.119251452200196,53.03222309977642,52.84907329743475,52.57332919939752,52.290030085962776,52.01979216701493,51.778942442275195,51.58831374951325,51.466241797309586,51.41700834990155,51.44762403726067,51.54866833453892,51.696462915247274,51.881072554062584,52.09496583883573,52.32301919097985,52.53699650409241,52.71495424463874,52.836940688431206,52.89673244015992,52.89050091336854,52.81508478967239,52.68525372227975,52.512916358800766,52.31394144988222,52.10025920371931,51.887835402733074,51.69187560084812,51.52634600252939,51.40269854511159,51.3309957342917,51.321542767686,51.38322201963936,51.51801798304205,51.70322456238912,51.91326467211236,52.13061196988136,52.344492127485914,52.5425759330186,52.70281564712101,52.81068210587829,52.864753744262394,52.87349311100101,52.84263248028421,52.78320482970785,52.6978837553687,52.60047481505659,52.50346554214062,52.41850465918203,52.356633178804266,52.32857911044874,52.34462073550897,52.41408549722949,52.5386115810865,52.72292668256894,52.94755070186478,53.197814146535656,53.45232237693545,53.70250964880333,53.935315317392856,54.13703793450447,54.29347374982622,54.392479151279396,54.434977274984966,54.42786717428082,54.37843289960559,54.29959139378941,54.20124599975247,54.08889997322601,53.97353916958371,53.86419741442714,53.76952995976621,53.697810236789735,53.65710094501363,53.65550960417674,53.70077941216232,53.79674578281134,53.93270824744007,54.09558887451811,54.27372138950197,54.45596397020061,54.63201452917937,54.79591771853552,54.94193996032205,55.064115010874524,55.15702648333946,55.21568680019158,55.23697795962088,55.22437910417799,55.183589289878185,55.12057920930525,55.041117105722755,54.95055707355102,54.85484910334606,54.761286469508775,54.67730416781033,54.610360946220624,54.566840424988115,54.55300017926156,54.57028636052762,54.614767406825216,54.6811259514865,54.7681253336745,54.87603934904468,55.00575252140823,55.1528710297243,55.32304494038343,55.50884822478866,55.705747836377874,55.90809475771136,56.10969940394809,56.30714394873576,56.493880498245936,56.68044673684097
33.220854829120675,33.49809341595381,33.74169946348144,33.958797182058454,34.154683533561226,34.33520497948726,34.5075332486492,34.67886447904388,34.85455717086348,35.03994581365436,35.24060953454998,35.462971598636344,35.7144701855212,35.99704357047553,36.3067717322833,36.65666624687483,37.042819636754956,37.46766704193433,37.93163545080917,38.41050235028894,38.926287923663104,39.4739692045035,40.009266346568175,40.530699422058795,41.02361653072478,41.47080424303644,41.857450157649644,42.172483033278304,42.40939423496847,42.57626624747677,42.68833937715204,42.76306233605541,42.818339892792075,42.871336634312144,42.93423263862134,43.01591157823861,43.12469919253848,43.27356149357252,43.48434665647405,43.73707430499188,44.02755363404152,44.371927581381705,44.777124462207176,45.16620816191987,45.477487220065534,45.75072946292027,45.985362609821365,46.177194507292555,46.299376776465365,46.34448328768772,46.31617055960042,46.23754113482431,46.129229464081845,46.00103453773132,45.8702165911006,45.74003667092767,45.62194309235158,45.52564334872239,45.45745212351649,45.425077628703335,45.43969467269469,45.51045118879117,45.64779589171023,45.8385957735067,46.04566749822427,46.25556719813802,46.464704309918446,46.64697030703583,46.78635011435663,46.87445573550967,46.90362825897341,46.86094382380605,46.76941097245716,46.638746767788255,46.47205700577666,46.28142627961187,46.08387737269484,45.89568471131499,45.73214037129916,45.60713890192074,45.53286924695088,45.51952987129277,45.57149223259737,45.67817068498685,45.82857741563344,46.016977844582485,46.24212657070283,46.505075975656524,46.80743008586257,47.148853075679966,47.51016587638547,47.83305787257272,48.0867554910232,48.28021217864995,48.42862067692911,48.53014049911729,48.57134935118092,48.55038641892937,48.47467618046943,48.36807034545774,48.26329752937136,48.179138570678845,48.12041671505093,48.10443921067254,48.154681622981,48.287303042568006,48.508683031460755,48.78375942767829,49.081073871415015,49.38883212914176,49.69524542028821,49.97646889814198,50.20564212548152,50.35759162563078,50.41310126229979,50.38006953715655,50.27798920893333,50.12680513469918,49.94542522448372,49.75363989998759,49.57955816026459,49.4310974408037,49.3166130440559,49.260039968317535,49.287461967362354,49.384721334874136,49.54888126860269,49.76533614244804,50.01951694949534,50.30892397839931,50.63729566363082,50.98422438743806,51.31653988385014,51.60035485960256,51.855479514225706,52.062880168252725,52.18864880096964,52.222781804124246,52.18112855115838,52.085655002361186,51.960100683107264,51.830009941004455,51.72115853212519,51.64410984757333,51.603664875883894,51.601827699337015,51.65514134270853,51.749377034384004,51.90570792877443,52.121906938784726,52.37198624305485,52.61597013214488,52.83195321891277,53.00148343128296,53.112123175501345,53.14713853473055,53.107022581099024,53.012972503254964,52.82620684976623,52.552216828566614,52.272124956781305,52.00543279258557,51.76919857646321,51.58550691657996,51.47395329956363,51.43715488890726,51.47883812741999,51.58701520724218,51.73861144961455,51.9243970355846,52.13675660962998,52.360632391669,52.56818286605037,52.737701867047086,52.84989012376887,52.8998730472281,52.88542434759941,52.80479437510858,52.67278613697095,52.5010967610719,52.30497052197674,52.095951367380664,51.88950719002254,51.700600744843435,51.5428820025321,51.42739884942409,51.36322328432753,51.36008443009382,51.42701460563721,51.56574362237429,51.75309684968867,51.96278429427232,52.17735774473129,52.38656982839757,52.578423692119614,52.73134447647182,52.83131986556207,52.87780530132482,52.87994376540403,52.84440582756222,52.782838635067066,52.69874928637424,52.605344200892695,52.51438602076257,52.43682116710381,52.38301764281428,52.36304494872818,52.38654167393923,52.462233309001654,52.59146032223495,52.778216279118894,53.00329765893227,53.25178527025503,53.502518301752325,53.74703202483823,53.97270528756486,54.16632300332497,54.31412197902045,54.4045214933796,54.43941192399421,54.426691605505106,54.37446387160901,54.29525320927986,54.19854130156135,54.08968926707227,53.97915801434424,53.875589360116614,53.78724033584955,53.72198753628065,53.687517011152,53.69158904572923,53.7416054792024,53.84113632453128,53.979425771047,54.143371852257836,54.32122034603424,54.50165145890714,54.67422041887216,54.83324564395593,54.97341428733038,55.08922230614737,55.17574762737767,55.22851641815193,55.24487556461589,55.22851686589706,55.185260052211454,55.12115466093739,55.04200561176448,54.953144341495936,54.8603857844235,54.77083655609554,54.69176311129598,54.63043114319417,54.592916632538675,54.58539380292911,54.60913477718848,54.65967295278004,54.73127651234176,54.822719014333224,54.93419890526939,55.06645451904307,55.21531094317841,55.38604165742318,55.57147733009472,55.767097511012665,55.96727570584402,56.16586359895091,56.35936230345448,56.54155427324833,56.72307152300747
33.30815494671358,33.58194339740363,33.822884989775545,34.03823690201074,34.23339920913032,34.414312341220864,34.58824580635411,34.76242969936554,34.942019136262736,35.132081626094255,35.33792608510801,35.565686212359104,35.82254669898964,36.11020932510941,36.42475491148544,36.778190736274766,37.16692526579362,37.59333093449365,38.05739725188292,38.54126203997932,39.05502101419246,39.59133317632244,40.11999087053771,40.63300038004842,41.11621212459941,41.5528655184342,41.92874099940723,42.233432761962725,42.46112679337738,42.6204307911159,42.72696464292038,42.798479352948,42.853153467555835,42.90823989989151,42.975247616023324,43.06223738715531,43.176890763701095,43.33223308837541,43.5489002265887,43.80661927506466,44.100125129605,44.44416746901084,44.846170577401075,45.22901081707007,45.532460185921984,45.79593869413492,46.02020093901503,46.20129473105016,46.313089758219654,46.34812489552575,46.31164106780011,46.22768952036982,46.11754622967976,45.99081377762833,45.863534645959305,45.73872605933255,45.62723690913823,45.538834793052274,45.47785816208685,45.45296906139798,45.474092545070356,45.549730556497636,45.689712993550984,45.880510927960835,46.08603534371316,46.29301614087865,46.49761532342057,46.674458033648655,46.8073886303446,46.88782210727162,46.90811577604429,46.85781586900561,46.760690494596204,46.626683114808145,46.45927171834549,46.2712456459012,46.0792475152781,45.898840712008955,45.74454540918608,45.62947028037065,45.565038196694296,45.560739793497106,45.620442746004585,45.733573036644955,45.889313625404014,46.08202379874984,46.31034131629979,46.574972794455014,46.87699823040725,47.21541348307357,47.57071884873905,47.88573262106558,48.130783202852,48.31537974621781,48.45490544386409,48.54814979724058,48.58291318504309,48.5582488667279,48.48181902330239,48.37741015484989,48.2783256709538,48.20246496235601,48.15301603907097,48.14603285845293,48.205163541050865,48.3454203008563,48.57144911247295,48.847801006317304,49.142953762281145,49.44547011999147,49.74411605647552,50.015786325575505,50.23420719635998,50.374927242979545,50.41975285181921,50.378223043727694,50.27108644015808,50.11821542175211,49.93818314587734,49.75067881986214,49.58341774945524,49.44397842025966,49.3393046256009,49.291852582458056,49.32908824915648,49.4353110601758,49.60622004944949,49.826788261044044,50.082481634529046,50.371471416939585,50.69799175613031,51.042748447690904,51.368651072456146,51.64247349852126,51.88828280365837,52.08553819124995,52.20164936574607,52.227624095452185,52.1798248052271,52.080677679140074,51.95427507899787,51.82649395929719,51.723153739203596,51.65359918089976,51.62161679186345,51.628654540429594,51.68946391519106,51.78989802394075,51.94974044317091,52.16600874827172,52.412582409367076,52.65013771684696,52.85738327254661,53.01684181481293,53.11612017744843,53.14113604224249,53.0942016896458,52.99355591805932,52.803617251775556,52.53170883861151,52.25526671486195,51.992683999694904,51.76159402777149,51.58512957848627,51.483978781661854,51.459198558212364,51.511347023544964,51.62602356854535,51.78085885479673,51.967327933197936,52.17771240665105,52.39704248630582,52.59794847800063,52.75897018705994,52.86148618235857,52.9019297183433,52.87961902258503,52.79416839125764,52.66036056054579,52.48968985195471,52.29673753921535,52.092661312355915,51.89240404001967,51.710684675313544,51.56083186975616,51.45348724460821,51.396692201927195,51.39958575936496,51.471384964288575,51.613578532037195,51.80260560288325,52.01154022465163,52.2230298327143,52.427373958692705,52.61291921503092,52.75859581736545,52.85091115756211,52.89018156107094,52.88615719774223,52.84640655310664,52.783101399965375,52.70058854419108,52.61143948141462,52.52668371833052,52.45656293382457,52.410774578053804,52.39873319803823,52.42944150973311,52.511029474426465,52.644600114929354,52.83337461253485,53.05850205270886,53.30481368489509,53.55146761848001,53.79008404334033,54.00849991571612,54.19400839180739,54.33330994997729,54.415390702637175,54.443059572529776,54.42514761254772,54.37053720159424,54.29131342519408,54.19652527014446,54.09142107995535,53.98590938523803,53.88823223771186,53.80624275124342,53.747417361305004,53.71906425985288,53.728595747345615,53.78307088743195,53.8858002765744,54.02601080245123,54.19061889107566,54.36782245319894,54.54616519107037,54.71509470101063,54.86920091536437,55.003580813188684,55.113180548526884,55.193557233262084,55.24073430241954,55.25250684529624,55.23276209809701,55.18742147400857,55.12259379616735,55.04410177523639,54.957239355584,54.86768041481127,54.78233235404313,54.70828084742931,54.65258525423599,54.62099965385441,54.61961866398775,54.64956494852214,54.7058569573451,54.78236895289731,54.87791360723197,54.99263345160408,55.12712889663033,55.277476908424916,55.44849958472082,55.633329872535384,55.82746571671163,56.02530872628317,56.220757265504275,56.41021444092866,56.58783210851858,56.764250073601964
33.39501662441733,33.66557911180864,33.90414536972327,34.11807370900407,34.3128422250697,34.494457469594096,34.67025304416935,34.84746220016109,35.03103234679464,35.22576789125105,35.436712553873875,35.669718366374305,35.93172273005712,36.2242095491874,36.54331703994712,36.89995393524076,37.29093172975609,37.71857962605525,38.18240663251479,38.67099428516099,39.182423919655506,39.707004500994294,40.22874200798854,40.73311892009387,41.20650969573355,41.632634583706334,41.99788936726916,42.29253855542216,42.51145385139898,42.66372536586998,42.76529530388782,42.834157034208104,42.88870121861008,42.946212613440636,43.01750929776184,43.1098336504539,43.230228711465195,43.39179168715085,43.6138450818572,43.87601120860141,44.17200024860147,44.5151459267161,44.91353250828224,45.28981595449971,45.58534925984523,45.83899442242316,46.052957230313666,46.22348479335501,46.32522272225436,46.35061617496158,46.3065008645397,46.217762876174596,46.106241137734564,45.981355211005535,45.85785800591486,45.73856975810341,45.63373853485371,45.5531885010658,45.49934744417217,45.48179896159341,45.509217342038475,45.58946432575622,45.731727544786295,45.922070636759656,46.12566375965976,46.32941268231845,46.52918513762468,46.700451708087236,46.82691967517439,46.89984668394445,46.91161093603933,46.854161525330206,46.75190242870048,46.6150496191922,46.44742776193539,46.26246727071319,46.076400515504105,45.90406175415255,45.759181951788975,45.6540726568932,45.59938763805438,45.60391363106026,45.67102718045367,45.7901997463067,45.95081696905697,46.1473570931251,46.37836321693598,46.64421678000605,46.945493762472374,47.28054739520477,47.62959881802702,47.93663418833125,48.17309065854405,48.349007743884066,48.479943466751024,48.56531338019726,48.59411087729461,48.56627158832791,48.489680622457676,48.388003328045734,48.29503367047305,48.22767227362429,48.18747991788458,48.189251721026466,48.25687862976656,48.404240976180155,48.634234873732666,48.91119979174918,49.203687725046215,49.500596370555975,49.79121819200339,50.0532242852263,50.260952417000105,50.39069117989848,50.42526363909032,50.37577245316323,50.26413712974603,50.11012118683917,49.93193692005705,49.74914983763172,49.589012483644936,49.45881300060515,49.36404073984998,49.32552246979936,49.37217689240595,49.48689642092563,49.66408926718029,49.888322791335455,50.14509640081827,50.43326383014252,50.757548812125215,51.09971026704778,51.418865909764406,51.682813859488014,51.91939194002876,52.10670944134541,52.213507074194766,52.23178362754299,52.17837493794919,52.07611436027576,51.949378307360426,51.82430722987785,51.72669043018735,51.66464382274774,51.64097346397414,51.65664806035286,51.7245422421236,51.83077641711085,51.99365132150948,52.2094608139932,52.45206448100964,52.68291539759565,52.881307537680755,53.030740567814696,53.11876966485174,53.134079205411524,53.080835134748455,52.974011052667926,52.781330299373046,52.51182155266643,52.239453669274475,51.98151695951431,51.75607123746772,51.587102052238414,51.49622960127305,51.48305180840851,51.545075339732264,51.665638017778974,51.823169656661634,52.00984813768789,52.21783535718563,52.43227129071654,52.62633071933292,52.77880860160001,52.871784908881615,52.90295989475988,52.873139030983815,52.78325296297518,52.6480125091783,52.47871634729114,52.28924773457193,52.09037832799258,51.8965007558444,51.722089599226635,51.58014741125476,51.48090763336675,51.4313445942035,51.43999471300704,51.516291897501794,51.66149695346036,51.8517420513276,52.0595402295991,52.26765174800132,52.46694140967655,52.64610998420175,52.7846229551755,52.869509946878196,52.901930807823945,52.89217270378262,52.8486613155611,52.78400739851534,52.70340021523676,52.618743724878925,52.54032754998103,52.47768734792776,52.43985327367957,52.43558918688644,52.473266423032634,52.56042627247757,52.69799080226715,52.888375353642004,53.113152693541,53.35690640584236,53.59919322203473,53.831703884253656,54.04275071717393,54.22015538325964,54.351103732632126,54.42515201899798,54.44597968208992,54.42328515070232,54.36668918879635,54.28779422427984,54.19520668759822,54.09408895565223,53.99377256602644,53.902093018028985,53.82649461563505,53.77405099025611,53.7516917996671,53.76648105070272,53.82513404742064,53.93070792360876,54.072448578432464,54.2373313680314,54.4135448011268,54.58953605632401,54.754678936896354,54.90383249406965,55.032492660028865,55.1360438087122,55.21050724212395,55.252387342569115,55.25991087066002,55.23714360693677,55.19009013789085,55.124899597169026,55.047394276094174,54.962816450362226,54.87669344866276,54.79572181727101,54.726795031285896,54.676753688843604,54.65101671939405,54.655602857791955,54.6915088901837,54.75325805102052,54.83435093422943,54.93366677481934,55.051310759367034,55.187753440883014,55.33935381602416,55.510413951937,55.694411044105145,55.886867029879674,56.08221703527671,56.27441133496848,56.45973976383214,56.63275922588146,56.80403555076391
33.481464906676045,33.749021464898036,33.98549274754278,34.198307660800474,34.39299834619658,34.57561095780549,34.753511133331166,34.933906046144635,35.121531531307625,35.32093286825319,35.53689364128466,35.77499203743548,36.04192429221139,36.33897435810555,36.662390536308365,37.02189778628452,37.41479051817615,37.84337233904081,38.30663335318916,38.79957596626179,39.30837546718548,39.820988532299275,40.33554098094925,40.83109183015329,41.29455943613882,41.7101715610447,42.064960065291416,42.349863668174585,42.560430339116444,42.70619061770058,42.803353369557655,42.870096289439225,42.9249625862945,42.98521470690548,43.06096210208071,43.15863450321469,43.284642970826944,43.452167006553196,43.6791241771754,43.94520839570297,44.24315440316776,44.58486164944365,44.979224777824605,45.34865458834138,45.6361944294735,45.879951739503134,46.08369544202891,46.243834204026136,46.335843398393294,46.35202150980493,46.30080369882587,46.207800940522475,46.09533875115196,45.97266549645615,45.853180346869024,45.73954840942096,45.6414183143454,45.568657781238166,45.5218775044783,45.51152159776993,45.54502354968564,45.629610284485715,45.77380778676118,45.96326323481317,46.16455889049044,46.364779044608355,46.559454819550126,46.72500538942911,46.84500591532744,46.910595289428336,46.91417872425671,46.85003926887996,46.74309753688828,46.603883201347195,46.436544303189855,46.25509013569133,46.07531416471327,45.91130510336091,45.77598936909715,45.68087190960203,45.63583565873992,45.6489681665038,45.723167517790785,45.847982834060694,46.01303252423959,46.212937491283405,46.446167449195656,46.71279883262836,47.012923586785476,47.344278088683375,47.686844937892616,47.98581436475022,48.21373721292885,48.38115822823531,48.5037952806844,48.5816857673247,48.60498572972585,48.574480990063485,48.49826404399335,48.399825633049865,48.31337053877351,48.25468759743991,48.22372133788866,48.234007545814784,48.309744177708225,48.46369431233473,48.696993371972745,48.97393611478705,49.26327892384855,49.55423407053577,49.836594006703585,50.088840193692306,50.285945467181804,50.404955315053634,50.42970292930545,50.37277827538192,50.25718814840818,50.102552140928964,49.92669642326385,49.74904066484405,49.59631125195068,49.475549389871944,49.39075163031565,49.3609763651118,49.41666049886136,49.539418733669336,49.72244028110779,49.94990321451448,50.20733946439446,50.4942947244497,50.815974941255924,51.155098447610044,51.46718216839924,51.72143068772231,51.94886360400192,52.12645267645132,52.22427714352242,52.23530622689901,52.17681057065815,52.071978224623216,51.94540270407686,51.823421090763325,51.73172177280356,51.67718521272407,51.66167122755238,51.68574149838542,51.76031800564945,51.87196096948498,52.03740418905415,52.252248995666335,52.49044233114324,52.71433110033442,52.903768276041575,53.0432312923588,53.120137317321145,53.12603551254634,53.06696927331488,52.95437561555915,52.759371788469025,52.49257129386562,52.22468412908859,51.971902843215226,51.75257264681954,51.59134465484267,51.51061711606598,51.50862709008731,51.579947690078555,51.705803154273696,51.86550838107704,52.05194053983968,52.25712758852042,52.46634062072737,52.65336696943698,52.79726650758995,52.88084234801934,52.90302101773221,52.86603846545413,52.77209421511672,52.63577749904254,52.46819696292312,52.28250634102032,52.08909170363808,51.90177214061662,51.73477772355093,51.600780434081074,51.509603918402455,51.4671225682693,51.4812592485277,51.56169420718529,51.70947312807334,51.900497424376454,52.10679207546345,52.3112470047632,52.50530907265432,52.67804348208144,52.809479175275534,52.88717019851015,52.913101325907014,52.89802957929214,52.8511967735692,52.785570904829584,52.7071829859288,52.627239999542184,52.55528643085064,52.50015179799687,52.470203018848224,52.473558243780495,52.51796259397978,52.61037598212869,52.75159222734578,52.94319217326558,53.16723839177507,53.40807044848342,53.64571800733267,53.871929727522286,54.07550920726548,54.24482526098967,54.36756939692035,54.43387068240792,54.448231714172934,54.42115417526254,54.36295613245042,54.28471778928495,54.194594336019094,54.0976864379398,54.00272684047082,53.91713867188406,53.847953338711726,53.8018397015273,53.785348739145476,53.80519629747732,53.867753369738104,53.975829550302365,54.11872433577039,54.28351066018486,54.45840447994857,54.63179494430181,54.7930146878309,54.93718934138063,55.0602029499828,55.15786615740246,55.22664959509464,55.26352242817537,55.26712670970531,55.241690198575306,55.19328262647961,55.12807504611626,55.05187179429356,54.96984996037771,54.88738534013145,54.810952899698556,54.74724331794132,54.70286685651457,54.682895059616314,54.69327447969618,54.73489861782824,54.80181486430653,54.88717011741434,54.98993617954406,55.110198599876604,55.24830593851412,55.40092655653643,55.57177998873237,55.754726036798516,55.94531602692171,56.1380238490725,56.326856738703825,56.50797767483877,56.676380847161646,56.8424811166327
33.56752483793391,33.832291362400966,34.066939267452184,34.27893881516201,34.473853337328165,34.657743399053565,34.837976245075815,35.0217053020303,35.213451418650216,35.41750481622913,35.63839404777737,35.88143120229619,36.153077398940134,36.4544338672599,36.781907819209074,37.14396423191779,37.53845312058763,37.967668295871995,38.43004717439043,38.926883963709635,39.43275448391563,39.9332906240176,40.44040901144847,40.92695589818474,41.38041153782687,41.78553657264125,42.13001789753004,42.40547135473796,42.608111186612895,42.747867192569316,42.84116084943323,42.906298028244834,42.96191701094866,43.02520611223202,43.10555044722373,43.20857408051805,43.34006347678257,43.51328876323689,43.74468046743914,44.014169126470186,44.31356300544078,44.653313332139696,45.04326190900212,45.40555773272767,45.685035682445005,45.91886573709303,46.11247953247242,46.2624124728825,46.34501951646023,46.352405283865686,46.29460331966524,46.19784345169734,46.084863632837695,45.964751292573354,45.84949534472351,45.74164265546594,45.650246592460654,45.5851959420445,45.545405877711104,45.542091238407785,45.58146565409833,45.67012622060492,45.81592196082068,46.00407705703134,46.20272688063154,46.399137449899385,46.58846543621626,46.74817313675178,46.8617100172852,46.92013374762349,46.91588412599463,46.84550757575499,46.73432658127781,46.5932207816799,46.42664050875247,46.249113222479146,46.07596625424593,45.920528025249226,45.79490703109995,45.709793916610806,45.674300346459695,45.69582018234926,45.776785739862035,45.90685431999561,46.07590536859913,46.27872475679996,46.5137291896631,46.780709852640804,47.07929460807407,47.40662884011928,47.74249636197901,48.033324940703,48.252782220835954,48.4118932558582,48.526521420758705,48.59732147796031,48.615581044127055,48.582903478268626,48.50757235396754,48.412852837866964,48.333285286699606,48.283438026759086,48.26165328548009,48.28021208023955,48.36367747345604,48.523709553115125,48.759677663926055,49.03599030624402,49.32173052282653,49.60640640963129,49.880285680407844,50.122691467571485,50.30925402668512,50.417791527111056,50.433140027656975,50.36930102030256,50.25028636685562,50.09553799499012,49.92247153173867,49.750339013046904,49.605282943489556,49.494135796091875,49.41936754051049,49.39814100316576,49.46247167027332,49.592819314952614,49.78122445054471,50.01149301177332,50.26918904128902,50.55455760630266,50.873278253162844,51.208901591479034,51.513597620984974,51.7583787284436,51.97675447624283,52.14482665447983,52.23401479093573,52.23823772002265,52.175163324687404,52.06828245103735,51.94234060502912,51.8238068799705,51.73820093477937,51.69116479043549,51.68364641793466,51.715868093805774,51.796732887912,51.913400436653866,52.080962671068846,52.29435915300826,52.52772583292852,52.7444127510068,52.92480774935552,53.054365590515744,53.12028881446657,53.11707245195562,53.05265046225297,52.93468731521144,52.73776751497377,52.47397438534325,52.21095640337407,51.963812821969036,51.7510406970946,51.597777703305354,51.52705268370949,51.53583685384038,51.615888688680535,51.7464635773601,51.907839553910726,52.093588030438625,52.29559122794219,52.49927229216455,52.679094607702524,52.81439330195249,52.88871454445312,52.90217052851464,52.85837141865441,52.76073827253791,52.623691046312636,52.45815241469261,52.276518591534426,52.08879072863994,51.90819299745622,51.74871125525456,51.62268274528831,51.539520002418094,51.503968231237366,51.52332732343457,51.60755069524744,51.7574812973057,51.94886295138454,52.153303528593504,52.3538391171709,52.54251383893128,52.70876719111922,52.83321776303919,52.90394587745775,52.92374139964342,52.90376712003777,52.85403958577455,52.78780619302075,52.71193554268475,52.636911373661015,52.57152927607588,52.523913672615414,52.50177310271641,52.512585697228,52.563476202716515,52.66083088235355,52.805364233262665,52.99779874223086,53.220747957757595,53.458312828204846,53.69106486929007,53.91079975309023,54.106826901318094,54.26807930830546,54.3827730127773,54.44161193281287,54.44987513027712,54.41880464152201,54.35937433179155,54.28210630295718,54.19469699750355,54.1022070705951,54.01275149233258,53.93333617009323,53.870576330160745,53.830734773511864,53.81998418683894,53.84469282934625,53.910887264954,54.02113544132326,54.16482331124468,54.32915814459585,54.50241857979495,54.672972744637505,54.830143515115886,54.96932041860619,55.086764805182426,55.17870166529683,55.24203623330549,55.27418644881306,55.27419343143026,55.246430679171546,55.19701552239625,55.132123125182964,55.057523009790216,54.978314220177516,54.89971654337078,54.827973555245215,54.769563362471196,54.730855166746345,54.716561904979926,54.732561625055,54.77966614711092,54.8514660277033,54.94077416352835,55.04667948385475,55.16926474445113,55.308764176236714,55.46218002052206,55.632592924767536,55.81428004261002,56.00282728424257,56.19275238391842,56.37812440807067,56.55496757662249,56.71874219418385,56.87963993334779
33.65322146263505,33.91540971004664,34.14849707366968,34.3599672298507,34.555392963281626,34.74082538653689,34.92360455063954,35.1108040325322,35.30672673767091,35.515411994307335,35.741138473789064,35.98895983770996,36.265108063731105,36.57051819204648,36.90180130728924,37.26609521465228,37.6618710265243,38.091426718970524,38.55261785660301,39.05279515793239,39.55543979697925,40.04391612992948,40.543367321514815,41.020747912146355,41.46411619280931,41.85878974068782,42.193127668041036,42.45942486963032,42.654551323971496,42.78879573643782,42.87873975301781,42.94276316022839,42.99954393291224,43.06614676136618,43.15121875143467,43.25958651744434,43.39642016432819,43.57508667385634,43.81045690754424,44.08285169100392,44.383201467557384,44.72049966975046,45.10565842478875,45.460556401791195,45.73191300639797,45.95579150691103,46.1393734599558,46.27928910974316,46.352818806278954,46.35183188095362,46.28795347606452,46.18793014798298,46.07484034569747,45.95761925795034,45.846796675380006,45.744833138419054,45.66019371404683,45.602756291960006,45.5698900985765,45.57346215198729,45.61849814136316,45.71096992203258,45.85803830830985,46.04450043832412,46.24017387450941,46.4325101203425,46.616258054642444,46.770009009132814,46.87709464752914,46.92852788243005,46.916792126551314,46.840624922055476,46.725640323987335,46.58309928059713,46.417735545266765,46.244535512720155,46.078334575442426,45.93168778543264,45.81587430778675,45.74076455603322,45.71469978892254,45.74438646111821,45.831803828513586,45.96674622420012,46.139380579782774,46.344678653249936,46.58102361492261,46.84794074036215,47.14461373106576,47.467622926122324,47.79659224392941,48.07921770657004,48.2902850370949,48.441274883339396,48.548182422068436,48.612275031441555,48.625940122288554,48.59156545927743,48.517608618438366,48.427060710501664,48.35472692509575,48.31385065453802,48.30118874705574,48.32777707172237,48.4185958055902,48.58421594231651,48.822240806325496,49.097342696933154,49.37904568611847,49.65713657754296,49.92233539294792,50.15483552346178,50.33094577529002,50.42927169473678,50.43564423933727,50.36540119784385,50.24347865579944,50.08910845999127,49.91927212172252,49.75303259378805,49.615896447378574,49.51452042729675,49.449818713947046,49.43694311873168,49.50954300839247,49.64703948132119,49.840393134803776,50.07305566430424,50.33062334753333,50.61404598214299,50.9294668574863,51.2611083007561,51.558110040145934,51.793712726871355,52.00312123741649,52.16189013334313,52.24277523364144,52.240623933416344,52.17346482137047,52.06504021837307,51.940184346099215,51.825435935516225,51.746081083841936,51.7065239954888,51.70683537045742,51.746961085892444,51.833728571054536,51.955043574208254,52.12429039281757,52.335777145736074,52.563924859526146,52.77318827555627,52.94446821934903,53.06419506435612,53.11928983589786,53.10725751194807,53.037925058470734,52.914983860103135,52.7165432747976,52.45604715023356,52.19826880120067,51.95721806694717,51.75141782956059,51.60632151463272,51.54544766187232,51.564593550259346,51.652822949634825,51.787563886368794,51.95012770103049,52.13477350026999,52.33322840273763,52.53108812085425,52.70355101351926,52.83023838161031,52.895457542864314,52.90046586836156,52.85019198324299,52.749231260094284,52.611788667162635,52.4486034184415,52.27128971908804,52.08946469234566,51.915738129483096,51.76385240130575,51.64580615192967,51.5705997881165,51.54182369022054,51.56614689523531,51.65382016359664,51.80549570258702,51.996829861706644,52.19908235533801,52.395451599395315,52.578592599812644,52.73832859376437,52.855892003840076,52.919890948720806,52.93389931335633,52.90942462178645,52.857216410820804,52.79072753720148,52.71765657192218,52.64774091549202,52.589025000793264,52.54893036036688,52.53451281444082,52.55261687573664,52.609753429384845,52.71174325212591,52.85926666311524,53.05216873136306,53.27367020183502,53.50764056039321,53.735256702823094,53.94835214090151,54.13675531465901,54.28997880851498,54.3967806501384,54.44844101015863,54.450969391900756,54.41628650477439,54.355980086054906,54.279981948044295,54.195523454148066,54.107644397395084,54.02382580537309,53.950652483472595,53.89432099966941,53.8606874846031,53.85554725129836,53.88492198798633,53.95449414363798,54.06659588133945,54.210730741635,54.37427519832419,54.54560419079663,54.71310034696481,54.8661069800529,55.000274687055196,55.11223134775957,55.19860440309448,55.25671909788786,55.284426294056914,55.28115010483298,55.251393854884434,55.2013054082621,55.13704681654302,55.06433660253989,54.98818356430865,54.91364751253416,54.84673173783039,54.793692819951175,54.76064902903648,54.751944485943675,54.77339238922286,54.825743493686886,54.902150171710986,54.99511073364767,55.10385435020019,55.22847696440896,55.36910594076379,55.52309909854128,55.692847989703125,55.87307825353421,56.05941537824714,56.24642585606233,56.428245274429344,56.60074887185721,56.759888488772766,56.91556516304862
33.738579825223646,33.9983974135642,34.230178310413386,34.4413929626286,34.63760298887421,34.82482751345396,35.010352221258586,35.20114630236447,35.40129221721815,35.614582661616254,35.84505161975678,36.097501920430346,36.37794230007204,36.68715744786136,37.02200341918881,37.38823267699971,37.784995725519984,38.214606830758015,38.67431516031125,39.17718642935792,39.6763102335096,40.15287040381512,40.64443713317692,41.11250465999623,41.54572359309773,41.92999118737632,42.2543541808804,42.51178746736957,42.6998056812754,42.829016895267664,42.91611208981476,42.97949259499334,43.03782279252484,43.107996586253954,43.19791143295734,43.311605949073936,43.45364296846005,43.63749045506592,43.87639645238657,44.15121437940504,44.45204520165447,44.786419357222115,45.166428848158425,45.5136816096645,45.77686638897062,45.99078414067528,46.16444118279069,46.29453362442706,46.359308997673274,46.35036568487857,46.28090791703034,46.17810076766331,46.065293452637,45.951276051180294,45.84507801474028,45.74910050046105,45.6712300239513,45.621292139459854,45.59528770178033,45.60558860698872,45.65607549756663,45.752099176687516,45.90012507057366,46.08452171360153,46.27690601655039,46.46491927808867,46.642873741848014,46.790567065649725,46.8912224725407,46.93584351774824,46.91696771122496,46.83544978388161,46.71708952713511,46.57355561850564,46.40984857937633,46.241355988057876,46.08239691964317,45.94474164952633,45.838830569146815,45.77370970598289,45.75695207383724,45.79458378533222,45.88814376559157,46.02759056676287,46.203403235437854,46.41075894420851,46.64802590155844,46.914482396111154,47.20888786048806,47.52728362330231,47.84917173738704,48.12354445273184,48.326305016535194,48.4693651672655,48.56883881970806,48.62660094710584,48.636106266000645,48.6004933394239,48.52837590346387,48.44242501895859,48.37764446480636,48.34585257373299,48.34224070901251,48.376614267684936,48.47441646269086,48.64514272373399,48.88463585590391,49.15797361766759,49.435227577862726,49.706447763971234,49.96278532415556,50.18532977796114,50.3510883927765,50.43946769659681,50.43728486953867,50.36113931792463,50.236811885950694,50.08329324690106,49.91710806945637,49.757109118615205,49.62812065273476,49.53665149151833,49.48203539413784,49.4773094465799,49.55780711496941,49.70202054932077,49.89989769319766,50.13455465329941,50.39162059915884,50.67275335841226,50.98454886386668,51.31170717754258,51.60071719850646,51.827487428225034,52.02802056818796,52.177701870953385,52.25061368884623,52.24251069358245,52.17174668204077,52.062264705485354,51.938926263169066,51.828279595417406,51.755315387718404,51.72320426749074,51.731174420457116,51.778953713924,51.87124673722042,51.99683913773881,52.167350979564276,52.376488833566945,52.59904928409681,52.80068559992632,52.96279194774847,53.07277131595043,53.11720606122491,53.09665818083238,53.02283941887604,52.895302958712676,52.69572486385086,52.438805911670755,52.186619631638145,51.95208974932106,51.75364648548514,51.616896405831035,51.56571340822325,51.594809629935824,51.69067508703812,51.82904868063037,51.99233734830414,52.175479840119095,52.37004124019349,52.561809922622686,52.72677356627691,52.84485114348612,52.90112738793423,52.89796447852733,52.8415542518783,52.737619302641455,52.60010587776664,52.439570690011735,52.26682495665509,52.091102884102725,51.92438233981716,51.780163368672696,51.670102461058356,51.602787178200415,51.58063105233166,51.60966592143754,51.700461414141266,51.85349058534685,52.0443893846975,52.24413632204574,52.43610796560739,52.61358224660369,52.76677517246619,52.877555183051776,52.9350593772991,52.94362335136898,52.915041380305155,52.86075390735154,52.794349211484345,52.72434476005859,52.659711693291776,52.60774252013935,52.57515924983475,52.5683714431781,52.593597107814034,52.65674045412673,52.76306537041942,52.91325936000094,53.10627581148744,53.32599393435376,53.55606066043512,53.77831640284797,53.98462507090021,54.1653459626155,54.31058504492614,54.409658378938985,54.454423154391144,54.45157396054212,54.41364972031333,54.352809694475546,54.27836690729409,54.1970824880491,54.11399196211673,54.03592906335373,53.96905458283828,53.91914475692498,53.891649113194326,53.891987041074565,53.925835115074385,53.9985324163597,54.11218115501897,54.25643186372108,54.418863198429655,54.58797840308443,54.75220864091747,54.900946643943534,55.03010110803652,55.13665569984616,55.21762844149456,55.27075012997303,55.29428885348164,55.28803579891157,55.25660853187289,55.206168866698526,55.1428491023703,55.07230125249831,54.999432327318225,54.929138701775095,54.86717540137354,54.81956934545676,54.7921788528825,54.78897003296623,54.8156948675543,54.87306267321121,54.953805926829794,55.05012748884858,55.161418441028935,55.28780303106842,55.42930901880842,55.58366868115445,55.752540413199824,55.931125861565576,56.11509488534038,56.299067481752125,56.47725026914016,56.64536096321676,56.79986495275311,56.95030996787465
33.82362497014381,34.08127537868283,34.31199512190145,34.52321607125772,34.7204691789231,34.90972037300332,35.09817542816924,35.29267617624123,35.49708258614044,35.71494507728436,35.95005818611758,36.20698142721091,36.49150612145064,36.804281750100564,37.142446573547765,37.5103185614718,37.90777870710848,38.33716785365617,38.795108845999536,39.299934658414074,39.795244620639885,40.26015879945472,40.74363966846335,41.202262929692445,41.62528393070378,41.99920103489862,42.31376224010413,42.56262240247368,42.74392918860777,42.86857131502043,42.95329986932738,43.016487242143235,43.07673303012613,43.150715518841295,43.24557291003555,43.36456651048715,43.51166182417432,43.70042982352003,43.94244205686198,44.21921548177435,44.52006961986887,44.85107108950085,45.22558770208511,45.56496437048019,45.81993581780111,46.02389873010395,46.187746659288706,46.3082155267532,46.364557820467,46.3480710794503,46.273520391569384,46.16839504902215,46.05624751656199,45.94572833085643,45.844333038706054,45.75442538377263,45.68332586702144,45.64075679984903,45.62155622202844,45.63842487189236,45.69415220879533,45.793471772488516,45.942150488957175,46.124129217773564,46.31292945118084,46.49638714528888,46.6683535648523,46.80990136538005,46.90415615880129,46.94214647747824,46.91647586531376,46.83004063733348,46.708724952839404,46.56462671581219,46.402998777724704,46.23957363013584,46.0881310781885,45.95964688314546,45.86371518516948,45.80855524457349,45.8009752889126,45.846328937512844,45.94572753294214,46.08931936777251,46.26791841321155,46.47692539325087,46.71471122615486,46.980325720206615,47.27212390106849,47.58563420826907,47.90027399599504,48.166356969568895,48.360901513986356,48.49622616422314,48.58855114877206,48.64035374429055,48.646122777053634,48.609713525042146,48.539877275102164,48.45892153124236,48.40198691667583,48.37937087730016,48.38472215774728,48.426635415548816,48.53105673333821,48.70641914116272,48.94681586939416,49.21786339926044,49.49027936219762,49.75436315861658,50.00167765386255,50.214231647667525,50.36974955892452,50.44845141135717,50.438131223453524,50.35657589046367,50.23033292802043,50.07812206668812,49.915989251181216,49.76255629907612,49.64192444867514,49.560477196788405,49.51594782459542,49.519166721480836,49.607196591754715,49.75770383549707,49.959689485039064,50.19595345995105,50.45215901219693,50.73067324155203,51.03853238194437,51.36068682393982,51.64141686869086,51.85975757772408,52.05150914922222,52.19232062522283,52.25758537375678,52.243943827023365,52.17004052803175,52.059969091229135,51.938558692120594,51.8323091976909,51.76585701413594,51.741147046048084,51.7565999032702,51.81177921717898,51.90922906855299,52.03873588283628,52.21010805657295,52.41648007621801,52.63310897980119,52.826932650060456,52.97982119628029,53.08014594736924,53.11410317005759,53.08534194691722,53.007439900376795,52.87568231951844,52.675338078043815,52.42226699278906,52.17600720375623,51.94839904026209,51.7576691061359,51.62942269390656,51.5877612804311,51.62639754346145,51.72936971498713,51.87086255947546,52.03443302159947,52.21568994077114,52.406031867596475,52.591459513296144,52.74879964536522,52.85828098450258,52.905780124344226,52.89472380026624,52.832512317218736,52.72594852503498,52.58867819429867,52.43107494524523,52.26312953720937,52.0936945932586,51.934100431578315,51.797606364323585,51.695523479727534,51.636026075372605,51.62033242468352,51.65383235954889,51.74743324878972,51.90144018701477,52.09153274971182,52.28847319506545,52.47583172997799,52.64751967060961,52.79415440967393,52.89826058604789,52.949505128192435,52.95296179800455,52.92065669136088,52.86467873401039,52.798685489981985,52.73199879351154,52.67280677531684,52.62765074925066,52.60255772960251,52.60329827808494,52.63547172196777,52.7043834570842,52.814749516207826,52.96730216701721,53.16009365342919,53.377707965660285,53.60358014371708,53.820266864280924,54.01965672303035,54.19265036051478,54.32995930084691,54.42147226911445,54.45962360545625,54.45174829769946,54.41094424343245,54.34989945628858,54.27728336345434,54.1993828813031,54.12124330853698,54.04904055003585,53.98850943900638,53.94500501161473,53.92357093767883,53.929252664718454,53.96738355228719,54.042960493688796,54.15786154702989,54.301911914282606,54.46292352197214,54.62955830678898,54.79032851612923,54.93470406808934,55.05884864285899,55.16009098357408,55.23582785119618,55.284181270692336,55.30382101666197,55.294889582664155,55.26210351629584,55.21162248032685,55.14953296483866,55.08140563962113,55.01203484375327,54.94615056524696,54.889252499794054,54.8471305940636,54.825375047781904,54.82756577650638,54.85939715540382,54.921555701339045,55.00637192355987,55.10577209020735,55.219329418789734,55.347210715747835,55.48935119708355,55.64387365892185,55.81166542491826,55.98842805869863,56.16988038192711,56.35070047723566,56.52517032356342,56.688843253375076,56.8387168079496,56.98392750996528
33.90838194183971,34.16406451113171,34.39395965235202,34.6054366135001,34.80397729824552,34.99547455838348,35.18703034260772,35.38533771887659,35.59403257328629,35.816427500440106,36.05608287330848,36.317322334805205,36.60572554135464,36.921821214160126,37.26306318900605,37.63229481058025,38.030171460823546,38.459069010086644,38.914968674152284,39.420916725528755,39.912121785503444,40.36578667062851,40.840996149402734,41.290059509193114,41.702847397639054,42.06647940544663,42.37141664976824,42.61199292946065,42.7869767760518,42.907499641657765,42.990325101058986,43.05374801128148,43.11625408605569,43.19426349107417,43.29414760091307,43.41840233676438,43.57040666646717,43.7638344958731,44.00853667586629,44.286813288212706,44.58725013433746,44.9144535615329,45.28314950954272,45.61443569837085,45.86116128052772,46.05519036691522,46.20935384776148,46.3204043265406,46.368633004483875,46.34501244847865,46.265844648688294,46.15885273034337,46.047727100378175,45.94098275557196,45.844555423179024,45.76078843053452,45.69645158810458,45.66110696566442,45.64865319402672,45.67192521517851,45.73268276113578,45.83504549735436,45.98408280480542,46.163311285750154,46.34825032282708,46.526935944094085,46.69273859067465,46.82806596740132,46.91595837279242,46.94750258552022,46.915381574115905,46.82445595851129,46.700597363218414,46.55634949292361,46.397205306955435,46.239187420597545,46.095514842418794,45.97636075190519,45.89046752584409,45.845227049918655,45.84668752185742,45.89953870018166,46.00447711241143,46.151864647317694,46.33287119075115,46.54313776395224,46.78105476529615,47.04546161296731,47.334328757534614,47.64269795763246,47.94993817339666,48.207707047461696,48.394133884277934,48.521919930798944,48.60737994435494,48.653587942333154,48.65603295723784,48.61925242246615,48.552115799411354,48.47652601535763,48.427703291548596,48.414332658195754,48.42854607965695,48.477752262735684,48.58843390611241,48.76797443839782,49.008733903529105,49.27699237252476,49.54420420326148,49.80090595117943,50.03905456190059,50.241598549178896,50.38699695351409,50.4562947176839,50.43825260627421,50.35177142537968,50.22408865271974,50.073624630321056,49.91592554313802,49.76936184671854,49.657276724316766,49.58594575113881,49.551486248832354,49.56244167820489,49.65764404049903,49.81403065639582,50.0197198696407,50.25721556545137,50.51221680267901,50.78779913800386,51.091425521359746,51.4080366071279,51.6802070897794,51.890577920587944,52.0736436611843,52.20580515406359,52.26374550557983,52.24496916024148,52.16837798067689,52.058166554459355,51.93907396883577,51.8374960803536,51.777659130821654,51.7602937707676,51.78304815423315,51.84537083493591,51.947617247195595,52.080682565091365,52.25252524910756,52.455736733406376,52.666113819799925,52.85195735190214,52.995598226670865,53.08637056068307,53.11004684200578,53.07337629851131,52.991772859880946,52.85615965099885,52.65540871328682,52.406446716722684,52.16642982662467,51.946117110941685,51.76342813278053,51.64382069586562,51.61150263616464,51.65926974142783,51.76883144757844,51.91295012223465,52.07637924678426,52.25538669301143,52.44120241223331,52.62005870870079,52.76966663017387,52.87057730158241,52.90947179677564,52.890801274832754,52.82312027192268,52.714265052130465,52.57754113293284,52.4231368999839,52.26020869372481,52.09722910916077,51.94486720788644,51.81614359522658,51.72202101499044,51.670260382335876,51.66086991438894,51.69859416707701,51.79469446945036,51.949318749020385,52.13825118610435,52.33210074074592,52.51464640667805,52.68044176313565,52.820513787836866,52.91806149820205,52.96328216640061,52.96196293758628,52.92630985072053,52.86901754944094,52.80375064680704,52.74061735869854,52.68700922982384,52.64871860326375,52.63108318825366,52.639242608317964,52.67818604670556,52.752628618399186,52.86674796846481,53.02135492726145,53.21359592801359,53.428801106101034,53.65020602562572,53.86113098203812,54.05348527723595,54.21872002368414,54.348162859585194,54.432288390600185,54.46410760329982,54.45155186487113,54.40822002942541,54.347285670729114,54.276753499272836,54.202433416006535,54.12939198043284,54.06313954918085,54.008984022793,53.971859173425955,53.95640423644994,53.9672932307809,54.00951864130156,54.08773678619495,54.20360734204019,54.347156130099236,54.506457546011376,54.67036099204106,54.82749086223379,54.96742081379192,55.086566252831496,55.182590321075224,55.253256702898554,55.29706446117713,55.31306967317263,55.30175052508884,55.26790761431227,55.21768283176846,55.15710138612199,55.09163844386407,55.02596544816085,54.964643557103216,54.91291098701136,54.876314220847256,54.86016802323219,54.86765894702282,54.904427348125914,54.9711545937255,55.05978679240139,55.161992198800206,55.27754494593123,55.406667789765514,55.54921026230228,55.70369892240381,55.87021825451904,56.044990036927906,56.22378644441222,56.40134805876084,56.572036369059475,56.731235145005996,56.87648927618694,57.01647095145992
33.99287578475549,34.24678571664001,34.47608404598323,34.6880546471178,34.888113111658654,35.082060662793,35.276873135810305,35.4790749949847,35.69207690750419,35.918958190211946,36.16305038176655,36.428448619966744,36.720526573271755,37.03970595543613,37.38378568420363,37.754103366836816,38.15212547619903,38.580269522471156,39.033864405253865,39.54001505701569,40.026820892854126,40.4697593711167,40.93652779802371,41.375931186456334,41.77846418591519,42.13188642121223,42.42738221392876,42.659962302848456,42.82900337369061,42.94584252114125,43.0272097945129,43.09127581201158,43.15636540065319,43.23860043489853,43.343579923833694,43.473047562985975,43.62980743033481,43.82763418877952,44.07462326429534,44.35396608882099,44.653562157197136,44.97656546826443,45.33912879350524,45.66212660746906,45.90058276478864,46.084714142827266,46.22932670652066,46.331169533608254,46.37160227954772,46.34125417577342,46.25793443739374,46.14951354991079,46.03975676699125,45.93704598392004,45.845738844060975,45.76817028292747,45.71057753204811,45.68230815414083,45.67653615248104,45.70604390532745,45.77162164067454,45.876778139203815,46.02589025946344,46.20205625244132,46.38287477591549,46.556587896655266,46.71606988633445,46.845114930791084,46.926691780995505,46.95197766577437,46.91374982292959,46.81875422351516,46.69275752039042,46.54876087024664,46.39248733371209,46.24019634108655,46.104526003674415,45.994840521420684,45.91902696115998,45.88365100013208,45.89400686038052,45.954129855860195,46.064314485845586,46.21515842548708,46.3982066457039,46.60935581988774,46.847031695566585,47.109880974712034,47.39550933461398,47.698498148002315,47.9982034232351,48.2476464767907,48.426061482239454,48.54650852357957,48.62538574155118,48.66635806057104,48.665880108343565,48.62913643803002,48.565094542449536,48.49521423930903,48.454742600269064,48.45066500937603,48.4736254611384,48.52987655666719,48.64646526959368,48.82973785923444,49.07034301504163,49.33534086827372,49.59700526519269,49.84609933136021,50.07495822810149,50.26748789909317,50.4028982563252,50.46306949424305,50.4377183231931,50.34678643259148,50.218125930759676,50.069830648768566,49.91692682156779,49.77751347309023,49.67414636877667,49.61300536260132,49.58858091036116,49.60706105152245,49.70908206295298,49.87094232856273,50.07994020631527,50.318304450992606,50.57177218663652,50.84412455420932,51.14323639175317,51.45377227575866,51.71711900389533,51.920003010398624,52.094480784739204,52.21821421538787,52.26914930152208,52.24563251973919,52.16679066130966,52.05687027403091,51.94046442919655,51.84381158142239,51.790674905502726,51.780585881256044,51.810455508682374,51.87966180647335,51.98635295529156,52.12262794009478,52.29456618243204,52.4942446648492,52.698073677253724,52.87578763139494,53.01016530064665,53.09149675796245,53.10510275667933,53.060828723923315,52.97588465429642,52.83677266163228,52.63596256549017,52.39136140660587,52.15788580931325,51.94521513253126,51.77086600668669,51.66001072871444,51.63684883309266,51.69333867442661,51.808984898908804,51.955255968238525,52.11814054972629,52.29455298762529,52.47555500139072,52.64762932466282,52.78941190009262,52.8817894916483,52.912258449909835,52.88625434348117,52.813432208648535,52.70261500878348,52.56673020984324,52.41577727006972,52.25806765917521,52.101695721156766,51.956657471861455,51.83573726834991,51.749546873900236,51.705434001792995,51.70218562856077,51.743899301529545,51.842203878031626,51.99710051279321,52.184535923229866,52.375026725435944,52.5525755098785,52.71238541548708,52.84590078940427,52.93701120488786,52.97644445692341,52.97067505443739,52.93204015415112,52.87379701228684,52.80955895607211,52.7501991420372,52.702302125069366,52.67091499731514,52.66069301437169,52.67615372303386,52.721685410534995,52.801422118213715,52.919013006164136,53.075377483831105,53.26675630606589,53.479262166022494,53.69594532154762,53.90093165103576,54.08614891346106,54.24360646745085,54.365257004449035,54.44217281333153,54.46794038786773,54.45104412355539,54.40552703358585,54.34500463703227,54.276799497497365,54.206242874255885,54.13843152158125,54.078205344550106,54.03044530501428,53.99966465204595,53.990100287900965,54.00605784781276,54.052191723794344,54.132819704447776,54.24938882471792,54.39214974795068,54.5494666476072,54.71040354897137,54.86372656886489,54.99913844235291,55.113302899262926,55.20420683448147,55.26996906730082,55.309451642558756,55.32208171258837,55.30865769518375,55.27404963208108,55.224366503644696,55.16555734839419,55.10298834518287,55.04119847508803,54.984578131497315,54.9380988169449,54.907057880883364,54.89648818873092,54.90917677497432,54.95071354107509,55.0217913660257,55.11398916385454,55.21873547570343,55.33602268490214,55.46614202443983,55.60886400117762,55.76312936216059,55.928194131662806,56.10081698824795,56.27682764920063,56.4510334425755,56.617879336988636,56.77257604078346,56.91322757928985,57.04799345449809
34.077131543335305,34.329459900936904,34.558380447013235,34.771070229872834,34.972862383979724,35.169449279430374,35.36765997901325,35.57383206927966,35.79115031764259,36.02246540572833,36.27088541192883,36.54028425944912,36.83583523068972,37.15786608932458,37.50454647778046,37.875686172753184,38.273592242768714,38.700728613231334,39.151765799788656,39.65718782580319,40.139268064468155,40.57208225469949,41.030255836354854,41.459914749440216,41.85218448754381,42.1954822043873,42.48172373664166,42.70659377715502,42.870063911607375,42.9836405994325,43.063975959192426,43.129071553936996,43.197046414258246,43.28368628226034,43.393814297041224,43.528436324232295,43.689794050773415,43.891758618893704,44.14064477704498,44.420632173700035,44.71898110058475,45.03740550464165,45.39354007694659,45.708068111907416,45.938240258222095,46.112525149558245,46.24772919387786,46.34058065777513,46.37353337548233,46.336860645144434,46.24984350669241,46.14041724600828,46.03236107930696,45.93392467449387,45.84787697725358,45.776551583132175,45.72567404369939,45.704327305979255,45.70516263209728,45.74073521081943,45.810923333498145,45.9186274859557,46.067541094276216,46.24035245275702,46.416808954872394,46.58536522512343,46.738388518851,46.861102314626855,46.936419049892,46.95563754214087,46.911645597053045,46.812993908445286,46.685256186473694,46.5418977681881,46.38886402463822,46.24259937324634,46.11514235329572,46.01504345730712,45.94933286110644,45.92375297332739,45.942851392190676,46.01001918707002,46.12516163509073,46.27913272236934,46.463869855717036,46.675539324632595,46.91261719355044,47.17357470575957,47.45567253703413,47.75305805598846,48.04510889915354,48.286227047936435,48.456743662700426,48.57005399915165,48.64262907545523,48.67871861834165,48.67570753216112,48.63939197806779,48.57881657027478,48.5149619711012,48.483053853681646,48.48829502379718,48.51987328858853,48.58292004476495,48.70506811236214,48.891638647467715,49.1315962606646,49.39288921732037,49.648685712129534,49.88996648885938,50.10943083229695,50.29195711400833,50.417521147137826,50.46884761970064,50.43659767940252,50.34168142201783,50.21249163285131,50.06676983299921,49.91900296271149,49.78699888973892,49.69250227117187,49.641604239207744,49.627162052694416,49.65295157620391,49.761443260867146,49.928380168543505,50.140301854375494,50.379183597766946,50.63080338010083,50.89964299661,51.193973102765014,51.49794202223493,51.75224851305089,51.948084030704585,52.11407720055197,52.229606567107844,52.27385197879022,52.245979732018924,52.165310191263515,52.05609342879881,51.9427224090849,51.85122703891414,51.804857505906305,51.801964817120194,51.838758301954385,51.91458537106983,52.02537787498422,52.16452076343725,52.3361944818104,52.53198973026361,52.72899842532324,52.898451414482274,53.02356467993407,53.095576141277945,53.09933659368817,53.047766711461946,52.95982164053114,52.81755905989715,52.61702543056415,52.37702738557281,52.150373460891686,51.94566427620221,51.779925169122066,51.67791310945935,51.663711228883955,51.72851679304937,51.84975468307485,51.99772469681772,52.15968145629339,52.333171715397945,52.509091762355425,52.67419317700851,52.80807283451118,52.89196695162296,52.914196128428145,52.881140447465874,52.80350222005469,52.69104451984962,52.556280941203916,52.409016771344575,52.256711666534464,52.107083718594026,51.96944602662325,51.85634959066175,51.77805286351011,51.74149083644672,51.744221674311795,51.78969572041411,51.88992027644186,52.044759719762844,52.2303781904431,52.41725891548426,52.58964255375022,52.743387518969094,52.87036289682545,52.955162991478886,52.98904596476065,52.97914643288107,52.93788689741958,52.8790437811917,52.81612469188982,52.760742829944974,52.71866852930998,52.69420884654137,52.69134459654012,52.71398091138931,52.76591514196372,52.85071013666976,52.97149690827946,53.12932967982363,53.3195484584113,53.52907995577107,53.74080504686929,53.93969176619011,54.11768581164974,54.267361207142145,54.38130301874631,54.45119160724391,54.471187199105835,54.45028453525049,54.40291521120743,54.343092654433136,54.277443540875694,54.21082003814761,54.14835547575921,54.094217219904976,54.052860256486305,54.028378857161975,54.02461037042522,54.0454956243649,54.09535414144233,54.17816765901695,54.2951762797311,54.43687800461662,54.59195220381943,54.74970306771063,54.89906652565627,55.02989851507386,55.139107543462075,55.22499364592472,55.28601901510213,55.32139475596853,55.3309040244839,55.31565016194698,55.28055837576121,55.231690078576904,55.17490383382912,55.115444023533215,55.05770825908187,55.00591474258272,54.96476394351408,54.93929922924748,54.934265953775586,54.95204649081958,54.99818382960583,55.07339803389478,55.16891766841952,55.27594958199327,55.394720298151114,55.525601191089116,55.66829020042255,55.82214986875253,55.98558828601024,56.15591410465325,56.32901857269721,56.499779844927545,56.66273015871126,56.81290534338135,56.94897693908299,57.07854818121917
34.16117426202331,34.41210796975157,34.640860999660184,34.85448341952725,35.05821088002592,35.25761100149417,35.45934704345279,35.669553006475596,35.89118753254998,36.126877406117735,36.37951266423235,36.652753230005864,36.951577527096255,37.27623173122153,37.62527798837651,37.99698517084108,38.39452325006639,38.820405504788866,39.268642618241074,39.77244802207735,40.24948410288879,40.67276067515708,41.12220148642481,41.54204698610285,41.9240584945365,42.25732687716373,42.534506021963,42.75195060689837,42.910213319885244,43.0209345224931,43.10064560460088,43.167136146661214,43.23827656721049,43.32948096510555,43.444795138779455,43.58450275558367,43.75029646277917,43.95613750287004,44.20654416901107,44.48676983295067,44.78348237663718,45.09697236561075,45.446397882840735,45.752291225818496,45.9741737484663,46.13867847882632,46.26462526814472,46.34870720886025,46.37449402211146,46.331896240401484,46.24162560559091,46.131603556919714,46.02556460023099,45.93162548588668,45.85096349865857,45.78591297332937,45.74171146790578,45.72713136188071,45.73449016758128,45.77595340013479,45.850542325693155,45.96055132552877,46.10900355058882,46.278188221607266,46.45005900412415,46.6132901516495,46.75973555524368,46.87608217798617,46.94520284596336,46.95854803851992,46.90913388178445,46.80723348940177,46.67814412358645,46.535797107154735,46.386354546377376,46.24639549872042,46.12734168262308,46.03692682517965,45.98132459567282,45.965458847618244,45.993139204996716,46.06712347633272,46.186940541993046,46.3437195580531,46.5298058984378,46.74164804176198,46.97778643583199,47.236533706428695,47.51482526952261,47.806400958200754,48.09069375479517,48.32350055127935,48.48623978049039,48.5926184141018,48.65917048116163,48.690724134982375,48.68555853048076,48.65004544891349,48.5932849489452,48.53574497873878,48.51258606263076,48.52714979441542,48.56720254840422,48.63679447445061,48.76415972299799,48.953606046892766,49.19244669713087,49.449617750477834,49.69924870821039,49.93253061337739,50.142514554318765,50.31506361052234,50.43093330573195,50.47370097272269,50.43495998009484,50.336516903577476,50.20723262970569,50.06447189398166,49.92216384281009,49.797805808212345,49.712313320619394,49.67169058898987,49.667159919344634,49.70003998701967,49.81466023599214,49.986285492883866,50.20075617313406,50.43981648696661,50.689288599103385,50.95434797164744,51.24364376403568,51.540596032779185,51.78569902561103,51.97486928704172,52.132489589287594,52.2400409671357,52.27790875459097,52.246056623583,52.163968191871895,52.05584919761793,51.94584024438274,51.85971379084572,51.820160099759505,51.8243720179668,51.867892869385614,51.95007476800387,52.06463368841693,52.206309790709476,52.37737377250661,52.56895778936676,52.75889793716916,52.91997662710768,53.03583862625949,53.09866031270006,53.092814032642146,53.03425774943588,52.943630175492984,52.79855655427185,52.59862310441909,52.36346097675769,52.143891090429726,51.947435713125984,51.790548061354265,51.697448155106585,51.69200118120728,51.76471654788776,51.89106541417327,52.04030090730281,52.20096649235333,52.37122576711469,52.54181482241415,52.69977208156403,52.82568681281928,52.90115907842906,52.91534087701193,52.875517028041216,52.793384398799525,52.679599710184455,52.54622884318896,52.402876119650436,52.25614594877643,52.113382390820064,51.98320767529173,51.877942769130286,51.807490790873295,51.77837478899986,51.786920158754846,51.83593138123836,51.93780246658948,52.09227061135888,52.275769217098784,52.458805077239646,52.625871052464134,52.77348496488697,52.89394759254964,52.972570143348776,53.00114065491211,52.98742535724055,52.94388937629289,52.88478451479913,52.82346212837282,52.77224710883946,52.73609151080227,52.71856906607897,52.722995323342396,52.752673462540955,52.81082056949939,52.900438853909286,53.02415195378455,53.18317135833642,53.37194605587505,53.57824328569324,53.78479221697735,53.977434222417315,54.148134151746014,54.290035758085324,54.39636218578499,54.459410842272675,54.473913276960026,54.44933256145476,54.40043451758375,54.34158602216683,54.27870781215561,54.216173689778174,54.15915738674366,54.11115445900687,54.076195848025186,54.057959198461326,54.05988576241598,54.08555566898818,54.13895723592235,54.22373906047212,54.34093999174777,54.48132613687673,54.63391559170787,54.78827663838957,54.93354162224165,55.05974259325635,55.164029146737874,55.24500387753684,55.30146061700164,55.33294574253775,55.33958349843393,55.32276699437663,55.28746265151161,55.239670139186444,55.18514382460066,55.12899415887081,55.075469134689435,55.02861384451281,54.992854320638315,54.97297592101524,54.973431727863684,54.996195325017396,55.04676630907267,55.125906612987855,55.22451093659647,55.33358217874599,55.45359544812681,55.58501306103169,55.72746664675016,55.88074533273992,56.042395947221934,56.21028657813833,56.38037379130684,56.54761048206483,56.706619765587625,56.85226245547353,56.983782577391125,57.1081882937626
34.24502898526364,34.49475082881317,34.72353784814221,34.93829427384308,35.14414436461446,35.346516422182894,35.55189050036518,35.76618187128665,35.99212328107488,36.232122450508605,36.48885683911417,36.76577950839052,37.06767947597909,37.394732996523025,37.745912634631736,38.11794230361224,38.514869987625865,38.93925941956543,39.384464621095475,39.885809858327875,40.35750119130717,40.771799986269706,41.212385970262176,41.622364684402335,41.99413639890493,42.31748056173341,42.58579387394874,42.79609604659644,42.94950652860738,43.05776493628468,43.13724074024161,43.20547049978771,43.280035299849565,43.375944415380154,43.49646686729219,43.64118099212049,43.811244601348264,44.020700557362936,44.27226439508943,44.552337356673775,44.84704139749128,45.15526474611793,45.497716734161614,45.79482696333488,46.008423223159454,46.16322922234965,46.28007888763285,46.355618696682605,46.37455194925896,46.32642534535439,46.23333448309596,46.1231122209289,46.01939189266906,45.93015507669164,45.854992084177695,45.79623509569978,45.75866014951465,45.75068726254614,45.76447629363891,45.811652741753775,45.8904331033461,46.002507445841836,46.15024586974626,46.315551893902004,46.482631068097085,46.64038489838449,46.780152062531805,46.89010857994656,46.95310583569102,46.960774978811706,46.906279662422,46.8015314424848,46.67147209384695,46.53049580755332,46.38497806557312,46.25158369915236,46.14110178299686,46.06044789065342,46.014941534848454,46.00869450111831,46.04478838650744,46.125359506169836,46.249573188398635,46.40885095262704,46.59595985151346,46.80764173485108,47.0425145989955,47.2987488770382,47.57297443680696,47.85855013124904,48.13499714380322,48.35951877719996,48.51460919043887,48.61426382501666,48.67507049376484,48.70242912983064,48.69547640509284,48.6611232569012,48.60850274451888,48.55753903022637,48.543288237960816,48.56715641418699,48.61552622698236,48.691411593145794,48.823657390081415,49.01556930130474,49.2528473811733,49.50550679855923,49.74869741757359,49.97381489461468,50.17425157399867,50.33686480523311,50.44320241188757,50.477701431975234,50.43287453046242,50.331353387189225,50.20239579203392,50.062966542684556,49.92641933810459,49.809921940058295,49.733548406236295,49.703212619979475,49.70850475382438,49.748253018740115,49.8686655900786,50.04459961812953,50.26125452190366,50.500166599783824,50.747206059675555,51.00823298576322,51.2922564852055,51.58178449361387,51.817573949940744,52.00040699248168,52.14977463161109,52.249576173383616,52.28137484613101,52.24590902093386,52.162796284468286,52.05615075934321,51.94981027097202,51.86924317523402,51.836535854789496,51.84774892340265,51.897795546312494,51.986063236554045,52.10406207773304,52.247943777502186,52.41806767978461,52.60513470187576,52.78778208595215,52.94039119521465,53.04702940134936,53.100800874299374,53.08560075315113,53.020369326153805,52.92735661608992,52.77980285323477,52.58078138296533,52.35067850329479,52.13843700699716,51.95050061447395,51.802677124650955,51.718536182662426,51.721630047731466,51.801850389533406,51.932841706300714,52.08292919902442,52.241960183773905,52.40869803356079,52.57372630885362,52.72438785415564,52.84229121440663,52.90941526898931,52.9157487403425,52.86944152646157,52.78313283754144,52.66832670464358,52.536609431972444,52.39737603082919,52.256375738874944,52.120581027182354,51.99791722098679,51.90047901072369,51.83781246304296,51.81602976215516,51.83022318900275,51.88255424150992,51.98580925038284,52.13960742901082,52.320700232551665,52.49967297705089,52.66128452019116,52.80271464454592,52.91670235902614,52.98928594587111,53.0127824923776,52.995560111839026,52.95008688653802,52.89104587175273,52.831585539633686,52.784710665138185,52.75455413780286,52.743964571064495,52.75560258336202,52.79218066564548,52.85634702164962,52.95055445007429,53.0769304216531,53.236862362466944,53.42392276928241,53.626740966135415,53.82791384725838,54.014181914633596,54.17753211369391,54.3116816356076,54.410495788873035,54.46689658835319,54.47618386137615,54.44824766366645,54.39813490800848,54.34052103946844,54.28061449408491,54.222312611244014,54.17083079831159,54.12899634561714,54.100419050447044,54.08836308563129,54.09587774226656,54.12618709023348,54.182952348911186,54.269492319382934,54.38665024543597,54.52547938151071,54.67535818833237,54.82614135113893,54.96718274825479,55.088712238202,55.18811667039916,55.26429065144976,55.31634794369848,55.3441565433978,55.34816702401322,55.33004726147087,55.2947912654912,55.24832326809467,55.1962803028827,55.14362743115139,55.09445543645776,55.052635891441085,55.02231790223707,55.00802561126219,55.013915920492764,55.04155050802644,55.0963890748301,55.179249118960044,55.28070759888558,55.39158092703784,55.51260579727795,55.644345405585895,55.786371126873405,55.93890064468305,56.098612344958525,56.26393960069772,56.43090788143443,56.59454857023524,56.749579088978074,56.890686779733905,57.017689716038916,57.13696695426785
34.328720757500435,34.577409383850885,34.80642313667747,35.02250285058235,35.23064860256253,35.43613613469509,35.64524652098669,35.863662728426924,36.093892292065746,36.338128798029395,36.598842637011316,36.879287071356615,37.18406709082594,37.51330000062512,37.866382835186094,38.23849951357837,38.63458394498093,39.05724957998269,39.49920156883625,39.99728754704452,40.463351512914414,40.869205541817564,41.30083050989555,41.70090463229678,42.06246839266067,42.37600338028824,42.635652096654894,42.83909335076721,42.98799846785694,43.094172486768805,43.17378337561789,43.244075522919935,43.322302052515084,43.42303656503007,43.54877390082321,43.69840516892309,43.872568401476876,44.08537749902679,44.33774841017589,44.61729303497018,44.90963357528395,45.21228134110939,45.547511153883185,45.835706338589155,46.04102866993978,46.18623247184643,46.29415401065388,46.36138463106121,46.3737748867486,46.32051234381295,46.22502388821419,46.1149829763197,46.01386751952688,45.92952010550194,45.85995640971266,45.80749859242413,45.77649043337336,45.7749619486766,45.795078544976064,45.847787504156685,45.93055015254355,46.04445363481369,46.191236293093574,46.352431804551244,46.514531291217565,46.66667168747936,46.79967910773474,46.90323557958558,46.96019068555644,46.962384186916395,46.903147924263905,46.795946243794525,46.66529085937344,46.52603078979069,46.38475374886901,46.25816295618563,46.15640044575742,46.08556391934362,46.05012304862265,46.05338581194124,46.09771702443163,46.18464405910293,46.312981556153645,46.474458926179786,46.66227679259125,46.87348016747507,47.106776859625256,47.360211117906864,47.6301269436147,47.90952885174312,48.17805821982087,48.394333516078746,48.54191124737541,48.635052288482854,48.69038964835933,48.713888122223885,48.70550445778766,48.672651808364954,48.62447302305391,48.58031989356864,48.57510939051624,48.6082419760681,48.66475731071981,48.74668314827218,48.88347840219259,49.07745765449876,49.31275136952476,49.56053669237764,49.79703500435746,50.013842522271695,50.20468407116842,50.35741811473863,50.45439614538466,50.4809208761243,50.430410635697605,50.32625138277181,50.198027990547025,50.06228349007652,49.93177932483595,49.82333499682448,49.75617641713959,49.7361185402084,49.751126799646194,49.79751740613564,49.92339192487711,50.10326386082619,50.321748259997015,50.56019741741079,50.804533977848784,51.06129154539888,51.3398193759149,51.62155759096141,51.847976694405006,52.0247453600961,52.16598900818747,52.258270943763776,52.28430547061708,52.24558275057389,52.16182609038613,52.057011292829614,51.95462482473471,51.87978653009591,51.85393793872342,51.8720369730345,51.92840266807151,52.02248401599886,52.14360472507586,52.28937147940606,52.45823982890838,52.64050632750776,52.81566074483288,52.95972304474667,53.057179266930106,53.1020494281464,53.07776243482503,53.006168929924414,52.91104731922985,52.76133566526434,52.56352606211312,52.33869628831828,52.1340095196637,51.95483015141757,51.816254800279815,51.741097509133155,51.75250918612527,51.83983076857791,51.97500817355387,52.12555417131314,52.28262705642291,52.44557140552154,52.60482834896056,52.74806231060952,52.85792341866294,52.91678492022639,52.91547576310125,52.862971383981304,52.77280162893884,52.65727162808256,52.52745822372845,52.39253722072279,52.25740626980391,52.128668917028406,52.01354946682834,51.92392052241021,51.86896968707231,51.854399658615435,51.87407287216833,51.92951225873642,52.03389942973036,52.18674441414829,52.3651624661565,52.53987038126674,52.695906471102205,52.83111344925119,52.93867467870419,53.0053636844195,53.02402544215692,53.00359898099973,52.956518723921924,52.897854510696135,52.840509199785046,52.798132185258694,52.7740394785683,52.77036427663445,52.78912376518251,52.83245180985953,52.90243982692205,53.001003105306786,53.129784590858826,53.29036253531261,53.47545226945859,53.6745618074441,53.87017695309894,54.04995773775518,54.20591787743749,54.33235035503625,54.423765111318396,54.47371491542085,54.478064192300096,54.447089303383876,54.396066337775274,54.3399340055731,54.28318576941133,54.22924558464164,54.18336925423997,54.14772216349718,54.12549683456799,54.11954792835914,54.132537588370276,54.167338996651665,54.227290822085685,54.315385846319046,54.4322773254637,54.569322975298235,54.71628137075266,54.8633142960894,55.0000207933294,55.11684901121237,55.2114190757548,55.28290708979536,55.33073506589186,55.355079099680005,55.356701490796475,55.337530032227754,55.30257302385893,55.25766604792292,55.208316250849116,55.15933252033062,55.114641498933885,55.07794133752095,55.05310264222972,55.044385955063966,55.055648941160314,55.08803927030548,55.14698022223261,55.233357567466484,55.337446285787024,55.44989348794507,55.57170900805315,55.70356599607004,55.84498142750536,55.99660069514225,56.15423270888068,56.31687836432591,56.48063541948485,56.640617325686655,56.791639060242936,56.92821771883635,57.05074357685109,57.16493732487431
34.412274623177865,34.6601045405939,34.88952900948411,35.1071092075071,35.31770935868736,35.5264407322293,35.739371276553555,35.96193964261054,36.19642929437108,36.44482470780858,36.709394758360844,36.99319989565776,37.30066638512456,37.63186285892384,37.986621008679556,38.35859874325118,38.75361661166539,39.174335208462345,39.612823221947814,40.10689530071705,40.56706725090167,40.96498269558087,41.38755632735357,41.77770361774429,42.12910466781537,42.43295545502009,42.68414549413751,42.88100577392865,43.0257440677171,43.1301978199071,43.21029552023306,43.28295212566139,43.36505626554669,43.47071734600131,43.60166065761632,43.75610942107184,43.9341977981612,44.15009804451603,44.402939169166345,44.681595157940734,44.971234322152036,45.26802084553131,45.595795664979384,45.87496036571394,46.07203007644551,46.20774331903482,46.30691459551946,46.36607452181503,46.37223056440414,46.31422161958698,46.21674756995226,46.10725556137599,46.009016043710204,45.92972723091079,45.865850151165205,45.819684105683145,45.79517266432928,45.79992236097303,45.82625445629861,45.884311955823804,45.97084795937204,46.08634768036309,46.231943061975784,46.38881628846496,46.54576581791193,46.69217274108508,46.81835775787182,46.91551723598073,46.966520062041084,46.96344148673419,46.89980365260836,46.7905363694311,46.65965118228418,46.52243897427356,46.38570076290862,46.26613225146379,46.17321546224513,46.1122321768654,46.08680850698476,46.099458658200696,46.15184320647811,46.244893917653556,46.37708762710423,46.54047549880004,46.728701799318436,46.93912310320914,47.17054839430552,47.420911329353466,47.6862896946734,47.95936039629282,48.21991613649131,48.427996558296186,48.56820530612951,48.65504586108703,48.70518848003959,48.7251556314995,48.71568599035551,48.684657509638825,48.64119885060839,48.60406333677022,48.607998531141426,48.65033357301497,48.71480878601349,48.802520887251355,48.94354004791167,49.13920035026997,49.372111718918134,49.61468776274619,49.84426463270035,50.052636686048885,50.23385422565977,50.37678095563683,50.464582186003234,50.483431183835926,50.427637600992774,50.32127140024403,50.194176095956095,50.06245244712618,49.938253679245186,49.838032690058654,49.78016624244631,49.77035655770841,49.794956300322625,49.847759883976636,49.97877184213829,50.162219537519604,50.38218874672681,50.61987242103973,50.86125056965448,51.11351715699604,51.38634054580421,51.659965511044255,51.877010667368815,52.04793260295659,52.18118939968178,52.266184036188356,52.286755845255854,52.24512363900548,52.161089230958886,52.058443976932075,51.96027624155276,51.89131519344828,51.87231951928844,51.89717760646909,51.95965056999912,52.05927034561689,52.183203312588745,52.33054165201184,52.49785384514191,52.67505852597988,52.84254378697204,52.97800010164723,53.066330484728105,53.102457576311686,53.06936475727369,52.99172404905641,52.89474864182069,52.743192698838925,52.546882937772814,52.3275306549624,52.13060693749912,51.96039549512821,51.831223529508506,51.76505245152505,51.784549954057496,51.87857013561292,52.01748943002942,52.168120423499566,52.322931636168136,52.4818287737822,52.635123070021685,52.770817266751884,52.87262080497796,52.92331742906301,52.914577989969466,52.856164041854754,52.76244486565013,52.64648060535701,52.518810734631046,52.38838040517315,52.259242774537135,52.1376353497057,52.030079215936254,51.948229511157976,51.90091427001452,51.89342838108343,51.9184113153644,51.97675339042552,52.082031806540414,52.233655808200844,52.40914714726802,52.57940505623597,52.7297604193682,52.85871827030802,52.959912034033124,53.02085664436755,53.03492346924983,53.01159024904587,52.96322418421155,52.90523709027294,52.85024738293956,52.812510355618514,52.79453060135519,52.797737097925406,52.82351625738733,52.873436184339795,52.94904431382433,53.05173099974871,53.18266674037541,53.34363171997086,53.526508227228845,53.72169461996574,53.9115885498856,54.08478458669824,54.23332962292078,54.352093431698535,54.43623143642904,54.47993189341103,54.47961950967772,54.4459169421053,54.394278762177755,54.339861219715885,54.28644382088272,54.23698139206747,54.19676629830575,54.167311196408335,54.15139617120412,54.15147113633217,54.16981657912045,54.20896049679359,54.271923997122634,54.36137805185012,54.47779151649902,54.61284215501901,54.75668651602863,54.89981256337174,55.03208664709919,55.14419447358905,55.23398532411364,55.300906314705486,55.344676054280875,55.365765352515666,55.36523378835845,55.34525437564544,55.31083673277375,55.26771506129255,55.22125465067378,55.176098106364236,55.136001656664945,55.10449063690585,55.085156494535696,55.08199460749615,55.098561199363864,55.13558884231324,55.19846784663473,55.28816397416226,55.39466562780097,55.50846752254397,55.630862742901144,55.76264260380251,55.90327533535907,56.053830374677794,56.209252268648996,56.36910806101746,56.529570981862975,56.68583996466692,56.83283061074253,56.964894675454794,57.08298938165237,57.19215256772145
34.49571562674008,34.742857204771376,34.97286761078027,35.19211340237939,35.405312397806135,35.61740080798401,35.834220938302046,36.06095667855164,36.29966901683936,36.552138438974595,36.82043790359981,37.107441958047445,37.417403372362635,37.75035168681523,38.106559573752065,38.478181935142416,38.87191947721305,39.290475527426054,39.725299340914525,40.2146473318352,40.66868058846007,41.05913680133983,41.47258464466482,41.85279842870294,42.194095416380634,42.48839690812086,42.731338870452554,42.921896570598726,43.06279825827098,43.16588158166118,43.24679918359043,43.32210121761552,43.408277379283994,43.518946690239794,43.65507155591531,43.81422788364709,43.99606272639742,44.21479191048502,44.46777962695658,44.74520201568628,45.03181905023241,45.32248195432993,45.64258479042415,45.91262005884179,46.10146743031483,46.22781685563299,46.31842460054121,46.36975787876308,46.369986712049396,46.307617556486285,46.20855927731686,46.0999697143816,46.0048620281247,45.93078311151139,45.87266698443707,45.83277227765755,45.81467718722977,45.82553544013645,45.85796156231237,45.9211803652354,46.011281009918115,46.12814737040883,46.2723344177379,46.42469368055313,46.57634079260652,46.716910281352654,46.83622907996243,46.92700760820957,46.972156631626376,46.96401270216526,46.896311832753575,46.78536029549466,46.65460382469741,46.519757281408744,46.38783827433545,46.27549056663034,46.19152462380037,46.14040992883395,46.124937279924076,46.14683891801031,46.2070850203557,46.30602586434329,46.441813383096544,46.606832690576425,46.795179949342234,47.004530305628485,47.233804379620594,47.480840411696796,47.74146959471059,48.00806804150806,48.26061004745777,48.46055969423277,48.59355072153069,48.674306599415814,48.71952752390012,48.73628617699492,48.726064304586714,48.69716676705683,48.65868329324043,48.62874512783573,48.641904670680816,48.69335829798381,48.76559363926028,48.858836557504986,49.00375961581885,49.20072663241351,49.43088148608625,49.66794034047796,49.8903894667406,50.090220575646704,50.26180421730444,50.39501074452567,50.47382821352325,50.48530423377614,50.42462473154027,50.31647394952462,50.1908869789722,50.06350312480215,49.945852277573245,49.85400273130858,49.805486771273486,49.80587488051131,49.8399234993662,49.8989071870335,50.034737943612754,50.221407964755436,50.44252734140578,50.679155091862846,50.917334051124016,51.164903326996225,51.431828104513826,51.69705844008482,51.90477927719714,52.070016934134756,52.195432486758996,52.27337420856955,52.288781187254045,52.24457751273102,52.16061732752004,52.060461990505516,51.96675685730811,51.90380050330799,51.89163376421168,51.923112263313214,51.991475587431765,52.09635546468666,52.222799522415045,52.371403050910246,52.53687335374915,52.70877715700927,52.86844108553027,52.99525029185984,53.07452531646982,53.10207692086576,53.06047340010703,52.97710217185845,52.878506940770386,52.725411662436954,52.530877805854715,52.31719792636136,52.128227569573156,51.967167816777305,51.847525753604636,51.79032132684438,51.81766370919689,51.91798094123003,52.060210089824004,52.21057255491433,52.36283844887738,52.51745302912805,52.66461259932372,52.79267453840898,52.886420752741394,52.92906219242186,52.91311146562854,52.8490769413363,52.752116640333654,52.63599976132248,52.51070248085432,52.3849263000222,52.261890486048515,52.14746961456171,52.04748127143048,51.97336818393519,51.93359801892281,51.93305983226193,51.96318062570376,52.024225594084854,52.1301651827214,52.280315852598065,52.45264550524097,52.61828476830737,52.76286987916003,52.88556599902164,52.98046190746216,53.03581811108885,53.04553053865618,53.019582200300626,52.97024256317387,52.913220269126775,52.86081436320982,52.82784386263518,52.81601057442014,52.82605195007386,52.858737448560014,52.915083078242894,52.996105810864066,53.10268431354208,53.23552914917662,53.39662975953912,53.57706431341841,53.76812821404674,53.95215565300493,54.11868535637901,54.25980553008784,54.37096238092171,54.44795604751285,54.485613592259085,54.4809150534549,54.44479004132901,54.39282213650958,54.340338981131914,54.29041083124681,54.24552881561801,54.21101547428592,54.18774272811201,54.17808403117155,54.184090119237645,54.20766599291037,54.25100069921016,54.31680321569885,54.407427346545774,54.523163103209924,54.65602215745272,54.796575001220056,54.93565324311665,55.063411199197944,55.17079018663367,55.25586437678456,55.318341448312104,55.35822497956473,55.376267243036125,55.373810806273845,55.35325936072201,55.31961119839456,55.27848689082492,55.235098484530575,55.193912869207935,55.15851024419794,55.132244243749255,55.118427413074436,55.120789223634326,55.14258310460095,55.184126454508466,55.25078004339091,55.34360035470254,55.4523042554276,55.56725069191078,55.69002466427058,55.82154300010158,55.961230637147494,56.11057457384998,56.26366625392416,56.420633882766865,56.57772914497373,56.73023970342394,56.87318467183719,57.00075705226308,57.11447235226744,57.218665844948674
34.57906881263123,34.825688282112495,35.05645108478409,35.277515492961214,35.493443484736076,35.708986955157805,35.9297516774684,36.16065790096433,36.40354618831909,36.65999825065592,36.93189677316522,37.22193723527924,37.53420406602792,37.86869659969536,38.226130949043615,38.59719103176377,38.98944403115768,39.40562975929549,39.83659968622079,40.320557852888726,40.76822370878072,41.15167321287467,41.55593668385794,41.92622585313087,42.25749083036809,42.54238786178244,42.77729702965605,42.96182899529542,43.09921596960179,43.20126441799263,43.283316375193316,43.36152370838583,43.45194483406667,43.56768452969149,43.70895101396396,43.8726946917292,44.05809312118172,44.27938881358819,44.53221273844245,44.80807189830769,45.09136317166197,45.37566336245139,45.68789305319145,45.948716432105286,46.12938071918598,46.246508173359075,46.32874798403077,46.37250421172434,46.36711105950815,46.300764538320685,46.20051275931463,46.093165173620385,46.0014300356761,45.93269440589692,45.88040058542994,45.84674375052805,45.83497434692217,45.85176812686786,45.89015739772327,45.9583470008718,46.051803790268316,46.16981049286973,46.312378601724994,46.460052315725726,46.60626235972769,46.74090653043302,46.85333414102587,46.93776075534962,46.977163060793764,46.96416365710981,46.89273744999773,46.780476498085385,46.65019954873139,46.51802263160303,46.39118544979312,46.28623688332878,46.21130572176349,46.17005444086439,46.16444873742995,46.19545246948376,46.263360553773154,46.36795668169368,46.50708080597669,46.673462521597585,46.86165632030992,47.06966153830827,47.29651999215471,47.53998926525564,47.79567354845381,48.0556750639986,48.30017910636341,48.49207471426899,48.61800684840852,48.692896560055836,48.733467315035405,48.74733427804757,48.73668270227156,48.710205986953035,48.6769294170081,48.654341034769814,48.67677681997879,48.73724324393087,48.81702485685708,48.915541906454706,49.06405439449432,49.2619657447245,49.489013727762,49.72027475638607,49.935412670616536,50.12661738076558,50.28857622593423,50.4121648980031,50.48220190772469,50.48661190461096,50.421441332532446,50.3119195405324,50.1882075103064,50.06546523407312,49.95458499606113,49.87123283212199,49.832106892738175,49.84262171664889,49.885958640289495,49.95088605007663,50.09122283105111,50.280770459079434,50.502715403346606,50.73800891107235,50.97276263828884,51.21544356184101,51.47629016168412,51.73288656430559,51.93138593225497,52.091046566702246,52.20877495008415,52.27990021881953,52.290436713818366,52.2439901982529,52.160442001403034,52.06307851240489,51.97405900788272,51.91721379769195,51.91183384122031,51.94978238317363,52.02381405570589,52.13367261248669,52.26233503669807,52.41190443169198,52.57526197999408,52.74164808031306,52.893362513668286,53.01150154132799,53.08180602388162,53.10095906387917,53.05115404293487,52.962370786639255,52.86236857298685,52.708030264536795,52.51553646226915,52.307714425649365,52.126869724955554,51.975118287536276,51.8651039138359,51.81682445209744,51.851761809212306,51.957975636020855,52.10309476703431,52.252855164888004,52.402312020418435,52.55242706234437,52.6932990641534,52.81365594140701,52.89936064134296,52.934068607225626,52.91113223475982,52.8417675236803,52.74187104564784,52.625875220834565,52.50316897857232,52.38219562111188,52.26535463731191,52.15816100094392,52.06573043643085,51.999298747710064,51.96697274085036,51.97323791485374,52.00832291029926,52.07187682722204,52.17825836018168,52.32669878876951,52.49564876943009,52.656517283829686,52.79525836464862,52.911693526697285,53.0003717814406,53.050301369957054,53.05590061537574,53.02762311908725,52.97761315657588,52.92183070590125,52.872224414708434,52.84413139272625,52.838462466019706,52.85527774821638,52.894744727284,52.95734178072555,53.043569646548946,53.15380922682887,53.288324096236146,53.44931649711481,53.62709419885251,53.8138514000336,53.99188527784351,54.15168294171369,54.285383778882654,54.38900871803305,54.45900022787784,54.49082608190042,54.482016063577504,54.443768062553296,54.39174641606438,54.34140358905629,54.2951089832514,54.2548966373897,54.22611032595746,54.20899604236958,54.205527385286416,54.217362286762864,54.24603710813332,54.293408712452205,54.36187981949117,54.45349214097568,54.568362370264474,54.69884821937903,54.83594820338675,54.97085342545488,55.09402533925934,55.19667771164775,55.27710519507644,55.33526561274702,55.371435912442564,55.38663671237272,55.38247943411738,55.36158405645558,55.32892522688032,55.28999811914138,55.24985073459336,55.212765488817446,55.18214159607995,55.16116261220457,55.15286335176536,55.160707458554086,55.18764506636903,55.23357933734989,55.30384490785571,55.39959872474242,55.51030079916711,55.62619065712175,55.74915243461014,55.880234956285626,56.018825119583695,56.16681818321915,56.31746989436676,56.471461021568686,56.62512448522198,56.77383975820559,56.91273217488722,57.035844251935124,57.14523771052101,57.24453031869547
34.66235922529544,34.90861867834642,35.14029157571372,35.36331553701465,35.58208838429438,35.80116976694917,36.02591966528888,36.26098737456274,36.50799553765873,36.76833240198101,37.043696067494146,37.336609704106706,37.65099447960811,37.98682771296024,38.34526755319413,38.715567975626975,39.10614176303313,39.51975712649232,39.94669401835097,40.42464107636736,40.86572879505478,41.24259728396557,41.637633666961534,41.99802267898614,42.31934110178935,42.5949884381967,42.822084775803994,43.0008663025367,43.13505213179265,43.23638697486305,43.31986910454503,43.40122050757577,43.4960380702343,43.61689079630238,43.7632434500061,43.93144398039853,44.12021891751029,44.343818470479945,44.596181458519816,44.870163095905795,45.149842098577544,45.42756376484193,45.731734976255225,45.98328049963704,46.15580993069718,46.2638723639313,46.33794870429976,46.37438303051783,46.36367133660422,46.29372694889999,46.19266176495222,46.086881677376205,45.998744629270135,45.93546777266057,45.889044630045575,45.861579166475394,45.85603448825388,45.87858736186824,45.92279949723714,45.995766131213244,46.09237078650922,46.21129483566453,46.35204385528207,46.49488052889276,46.63553666370179,46.764183710477184,46.86971400808149,46.947830736478416,46.98160201602472,46.96396017546801,46.88914548963904,46.775943453303405,46.646489116504355,46.517271945263175,46.39576145592514,46.298370183202664,46.232536547474844,46.20112297857192,46.2052822494917,46.245225190734715,46.3205878944393,46.43060315222629,46.57281187759085,46.74029701195221,46.928075989868745,47.134476564823686,47.35867040849216,47.59834879034877,47.848908460630625,48.10220474037429,48.33866246685145,48.52259340878533,48.64163304159249,48.71087779959374,48.7470683885399,48.75835445399486,48.74758448520034,48.723801575661504,48.6959402879695,48.680826825577114,48.71256398987978,48.78191550381236,48.86901542520075,48.97254868152214,49.124341672518206,49.32284693099809,49.54646150067825,49.77167134128362,49.97933740846651,50.16185029110596,50.314212431380874,50.428300832667055,50.48977094838757,50.487426075006425,50.41815670916168,50.3076686831861,50.18618456066974,50.06836848590767,49.96446171094979,49.889710704046635,49.85999549595737,49.88054527415298,49.93299196660504,50.00362320787642,50.14815910620398,50.34024833703732,50.56270429186199,50.79639735986046,51.02751454718036,51.26513136797198,51.51973482695548,51.76750006992895,51.95693404090728,52.1110697137307,52.22127347032227,52.28582082485047,52.291777642155516,52.24340752207352,52.16059487394132,52.066306721485134,51.98217502915854,51.931526414617004,51.93287291804146,51.97712940565711,52.05660231015797,52.171155028295544,52.30175153758118,52.45199454994775,52.61298334914065,52.77365715560839,52.917317944546724,53.02678177599516,53.08821486868995,53.099155607422446,53.04147236536713,52.947597381707496,52.846379895377986,52.69108621361688,52.50088470292638,52.29909647596065,52.12653171271609,51.98421807857653,51.88390045146995,51.84448214429049,51.88675561177249,51.99846667057705,52.14606807575699,52.29491285275122,52.44131687665911,52.58673376421645,52.72118459179743,52.83378329157219,52.9114778501724,52.938386070396994,52.908696342044614,52.834293230141135,52.731762174251074,52.616153108748854,52.496245743959165,52.38020908428413,52.26964046130117,52.16969879819984,52.084801514057325,52.025983409450774,52.000990242850364,52.01390653156162,52.05378027626371,52.11965504734472,52.22627014082967,52.372778858144734,52.538148169190144,52.6941103691517,52.82694939000489,52.93713774464019,53.01968913841773,53.06435970634571,53.0660876644083,53.035761289728946,52.98537526018452,52.93109505923999,52.88449181154805,52.861371632309265,52.8618693444105,52.8853834074895,52.931495482142815,53.0001615809444,53.09138114938657,53.20505191975107,53.34100386052769,53.501651775795395,53.676571554356414,53.85885298827276,54.030784439787915,54.18380023761845,54.31010254924933,54.40628395835979,54.46942526083196,54.49563543227041,54.4829877799914,54.44291046727645,54.391101556135816,54.34309134272413,54.30056045964427,54.265093639479005,54.24204439709731,54.23105042294241,54.23369320436481,54.251245048595095,54.284881203182664,54.33613364507062,54.407105150176385,54.49953084570951,54.61335960233069,54.74130557757766,54.87480749958852,55.00543020051711,55.123959956917155,55.22189860993294,55.29775674029811,55.35173193014222,55.384362923613516,55.39692570165679,55.39128656146381,55.37026753184427,55.338807624389965,55.302265328863285,55.26551438303605,55.232644645148454,55.20687004685802,55.19120619642524,55.18841226452789,55.20168696733106,55.233677494165676,55.28387472129622,55.35759053538361,55.45609109993701,55.56859388951964,55.68523507925312,55.80820371636848,55.938686243672976,56.076036569380705,56.22254609334558,56.37065841963745,56.52159466941739,56.67177157901261,56.81666334525972,56.95150405125295,57.07019567714479,57.175330678237785,57.26979915110124
34.74561190917689,34.99166929920233,35.22440122778731,35.44951359230169,35.67123286129825,35.89391983655666,36.122681072999754,36.36188916406098,36.612951793706785,36.8770691520783,37.155760487023635,37.451383341283375,37.76770062659096,38.104675142005924,38.4639018048436,38.83325470924375,39.22196416237315,39.632816851438236,40.055552097789466,40.526911214760865,40.96122803047337,41.33191436839278,41.7176968160042,42.06822569422689,42.379696422656025,42.64625875955556,42.86576691295241,43.03907174684053,43.17036167492674,43.27128989823405,43.35647938114891,43.441192524788825,43.54053652812655,43.6665254220184,43.8178932822855,43.99040988473543,44.1823700503793,44.40801059781467,44.65962874208452,44.93143389858145,45.20723124311603,45.47818185644772,45.77412508258942,46.01634327556961,46.18079505248661,46.27996451906779,46.34609071965979,46.37546384496254,46.35973527316136,46.28656917203398,46.18506004323633,46.0811589639329,45.99683037181249,45.93910987039556,45.89859279418568,45.87725916768032,45.87782795607227,45.90596008583858,45.95584539555987,46.033392024740046,46.132936484727345,46.25255818671205,46.39129841975415,46.529166654964186,46.664169848955154,46.786764043636076,46.88540974814867,46.95727161067347,46.98553616380069,46.96346808114006,46.885600936975706,46.7718196372489,46.64352329013456,46.51754214279598,46.401585459375084,46.311889447895496,46.255194892274815,46.233572807571676,46.24737718609866,46.2960829598768,46.37868513006295,46.49388205846269,46.63892857978514,46.80726818172893,46.994384035665945,47.19893514874992,47.42023080521723,47.65590988729499,47.901181235968565,48.14768034724499,48.37609928256509,48.5521675681623,48.664488655912145,48.728312374616124,48.76039127950813,48.7694012241742,48.758812955163414,48.73797993951627,48.71571897218273,48.70817826826225,48.74921519122822,48.82730217058447,48.92147833068819,49.029768630128956,49.18453873847074,49.38329943502941,49.60317786156783,49.822110425983716,50.02216684442886,50.19594249636829,50.33875501347614,50.443475965115525,50.496603015291846,50.48781862362857,50.414840166620316,50.30378188740449,50.18486500077331,50.07224259127447,49.975492298480255,49.90942405863025,49.88912147004813,49.91959376105534,49.98095372182539,50.05704539520326,50.20547937082196,50.39978291517478,50.622445366264635,50.85428391941939,51.08156799382994,51.31396025183069,51.56217020996823,51.80094914317737,51.981527011519056,52.1301345882917,52.23298472813835,52.29119478457456,52.29285918947219,52.242875310695275,52.161107566468374,52.07015979660117,51.99109725701751,51.94670969210006,51.95470416240229,52.005094770370405,52.089776686124445,52.208735951391766,52.34099070720773,52.49162216126829,52.65000108645285,52.804790242612384,52.940317251326285,53.04111892180487,53.093794112621225,53.096718153566144,53.031494047013695,52.93284944537189,52.83058726485173,52.674617218155596,52.48694832373677,52.29136040042942,52.12721184192448,51.99443836106946,51.90385780777444,51.873214720429814,51.922556474546234,52.03936649549023,52.189054630088755,52.33669021783455,52.479817543467156,52.62035602552954,52.74827130954255,52.853078404730724,52.922809758619444,52.942063978858705,52.90585983216429,52.82671150197313,52.721844118801755,52.606879549920926,52.48996829318891,52.37898740538083,52.27475319099016,52.182072295676946,52.104669307429766,52.053384376125514,52.03560233197603,52.05500958508833,52.099494830709915,52.16750821196054,52.274159326573745,52.41853030215333,52.580134933875854,52.731071790622174,52.857966469399734,52.96193554415562,53.0384614608428,53.078046405628456,53.07614565075365,53.04404499654891,52.99356816976674,52.94103998778661,52.8976308278413,52.87956326780175,52.886214277849106,52.91633784302974,52.96894710171992,53.0434917680561,53.13948564788459,53.25635857245067,53.39352072102498,53.55359543867828,53.72547005075534,53.90312178911063,54.068860154224716,54.215060139009545,54.33400002113187,54.4228396172292,54.47929242968312,54.500107713304416,54.48389544264246,54.44227671699671,54.39093751201751,54.34543854137053,54.30678744317319,54.27612860398239,54.258811231482454,54.25388515359189,54.26254845922282,54.28569581442165,54.324149556451665,54.37912460561626,54.4524305494313,54.545501871316894,54.65812508407659,54.78337946882828,54.9131542668852,55.03940065843411,55.15324594180508,55.246494442790805,55.31786797375845,55.36779352262951,55.39706008377675,55.407186152019655,55.40027907788785,55.379348855886214,55.34928719708245,55.31530510261198,55.282092412032505,55.25353901815669,55.23266993107921,55.22233545056474,55.22502210528146,55.24366540504079,55.28061079748839,55.33493983680625,55.41194502132912,55.51300949594147,55.62712215698537,55.74433161938119,55.867136171994304,55.996864633581936,56.13284277325152,56.27774319478956,56.4232270593969,56.57104001830753,56.7176850027505,56.85873368083424,56.98953123229471,57.103850730565995,57.2047964772425,57.29452550430542
34.828851908719706,35.0748610504094,35.30879218522301,35.53610971658443,35.760862680564884,35.9872077571788,36.21999207183724,36.46330733417321,36.718349685311736,36.98613676007626,37.26801473219071,37.5661821235628,37.88424852046418,38.22216900222847,38.58196612263197,38.950193175125804,39.33686271871155,39.7447681565549,40.16314368502068,40.627382480558985,41.054753598227634,41.41962981993647,41.79614735301457,42.136871686811176,42.43860698497974,42.69625894805086,42.908408245157304,43.07650858272487,43.2051995290872,43.306013834067244,43.393169214508234,43.48144066962846,43.58541964808304,43.716548338785536,43.87284492904596,44.049526539820256,44.24447645478496,44.47189491224678,44.7224975440324,44.99184259643549,45.263506017414294,45.52751633221498,45.81507789516798,46.047935774035615,46.204376072192524,46.294839730486736,46.35323798842252,46.37581616487745,46.35537059900339,46.2793555915325,46.177761343173586,46.076036771574316,45.995711826208904,45.943627357695064,45.90903875375201,45.893764396323505,45.900325095224645,45.93385323947988,45.98925262739733,46.07117894993249,46.173455371009254,46.29355833393105,46.43011053648626,46.56289902884999,46.69216805991414,46.808669752060716,46.90046242824672,46.966137437012364,46.98902817060309,46.96275319802611,46.882168777305914,46.768163526021986,46.64135283174027,46.5188701446082,46.40867662678651,46.326793659050786,46.27925854750375,46.267361193478855,46.290672917240165,46.3479516550237,46.43757034835291,46.55771018292442,46.70535289440572,46.8743080510164,47.06052553534876,47.262997053662154,47.4811763589142,47.712663456413054,47.952498779195174,48.192125161220524,48.41252870714754,48.580848982780324,48.68663304619701,48.745262341709676,48.773496523034545,48.78052910792303,48.77041141395102,48.752767484851404,48.73626853570588,48.73637113082987,48.78667943486848,48.873330337203456,48.97432655971629,49.087113499696756,49.24456288093207,49.443252500613596,49.65911586716367,49.87157234129946,50.06390414264192,50.228917186253035,50.36224615205176,50.45774771194643,50.502765788217545,50.48786142914343,50.41156101010071,50.300319663106364,50.18429570132817,50.07711726114213,49.987686634893464,49.9303606074206,49.919453704127484,49.959715385387774,50.02977414946306,50.11107934682754,50.26311622665566,50.45931551003755,50.681889985867265,50.91163207094135,51.13490119426905,51.3619237198587,51.60360442036281,51.83328397027329,52.00526825245527,52.148289403456914,52.2439654041974,52.29608085590397,52.2937365729751,52.24243939062055,52.162011700317656,52.074650916607936,52.00081802734159,51.96273496815797,51.97728074202993,52.0336199169203,52.123273518941794,52.24634862105387,52.379994227721035,52.53073602124429,52.68627881719464,52.835033201042194,52.96237030716764,53.05454090470061,53.098586017401836,53.09369830438077,53.021284767484396,52.918194465941085,52.815037038315985,52.65866098663133,52.4737531206106,52.28452252218989,52.128908421650515,52.00575030618651,51.92491842401703,51.90294249752168,51.95907575520231,52.080587561352,52.231979044126255,52.3781318594686,52.51777854671042,52.653276737068936,52.77456134467547,52.871563096708854,52.933393746073776,52.94515172953339,52.902678749800195,52.81907978043068,52.71217097195827,52.59810066920635,52.48437214243562,52.37855130024396,52.28069805935272,52.19527078272273,52.12530861966811,52.08146385470247,52.07076081528055,52.09649097813665,52.14540868075073,52.215384278577126,52.32188471932229,52.463927362224865,52.62160029284197,52.7674093145899,52.88833311700409,52.98612381654879,53.0567362311651,53.09141475317887,53.08612853941162,53.05252252387037,53.00223118108953,52.95169215018469,52.911655737700755,52.89870498562126,52.91148033459211,52.948109969973636,53.007056974598854,53.08728163121732,53.187828470550635,53.30767536506964,53.44582695670172,53.6051073288609,53.77376335887453,53.9466466128937,54.10611943654049,54.245485540803145,54.35711437447433,54.438727209968555,54.48866301773932,54.504308994937816,54.48480429147655,54.44192627321243,54.39130423900311,54.348481484230575,54.31381211658598,54.28801031299634,54.27640437288988,54.27747951807937,54.2920601206766,54.320671993929786,54.36379344633364,54.422330702639975,54.49780735893277,54.591363628367475,54.702629100170206,54.82505512991058,54.95098988233659,55.07278188933656,55.181914183556884,55.27050677152294,55.33748785676631,55.38350351234083,55.409581463631426,55.41747000459264,55.40950387296423,55.388867097579485,55.360392751116684,55.32913402300881,55.29958780375661,55.27543728779783,55.25951558329059,55.254510828776496,55.26264082794546,55.28658042675892,55.32837538583468,55.386701914338666,55.46683646104673,55.5702859284109,55.685824232064526,55.803427938582196,55.925907463936284,56.05473789733089,56.18922151790918,56.33239437811143,56.47517104330571,56.619802260233605,56.76287933284057,56.90007398117699,57.02684464937285,57.13684881487261,57.23368032935983,57.31876254044747
34.91210426836805,35.15821483769682,35.39347659223896,35.62310396762485,35.8509636069115,36.081004122014114,36.31780883303763,36.56518594961351,36.82412394132208,37.09546348510338,37.380383503432455,37.68093002769853,38.00056417471551,38.339239409023904,38.6993929251992,39.06632531578489,39.45078892158215,39.85557026426398,40.26943854052898,40.72606908625144,41.14633768150869,41.50574899237688,41.87300650002123,42.203997444697144,42.49612298077213,42.74504912587452,42.95007357647468,43.11324006470773,43.239620624357215,43.34059942832422,43.429960614126365,43.52196585169817,43.6306668704434,43.76691947854973,43.928042808531266,44.10872808073338,44.306468065723436,44.53540113043068,44.78473081925928,45.05134747956879,45.31864183360919,45.575565887089894,45.85460793696486,46.07808900916761,46.22659297745312,46.3085530899063,46.359454468899564,46.37550950008158,46.35064504395409,46.27215059120533,46.17081941377068,46.071554838584326,45.99541355536508,45.94902689315231,45.920376184646244,45.91107549458572,45.92349625055843,45.962233763493124,46.02297872745537,46.10908117527083,46.21388193144149,46.33425306524034,46.46844844682344,46.59606598546016,46.71953744100509,46.82992305790208,46.91491311539502,46.97448227457258,46.99214070291342,46.96188135002638,46.87891399592788,46.765033595722855,46.64002850343971,46.52129287110663,46.417054124802966,46.34308179831208,46.30470530450204,46.3024454019086,46.33510881290551,46.400757154289046,46.49716163701795,46.622004308133064,46.7720068032987,46.94134863990329,47.126445566564456,47.32662204313558,47.541482246167305,47.76860039802179,48.00286799503799,48.23556245891072,48.447989894241985,48.60868944301995,48.70812556727662,48.76178975746098,48.786444654213646,48.79179262457876,48.78242316335351,48.76819061800094,48.75759204459703,48.765381181284596,48.824905731645,48.9199270966255,49.027473098681945,49.14449503764721,49.304331388482375,49.50263537154578,49.71422857419857,49.92003741804396,50.10455246724402,50.260797550460644,50.38472802693946,50.47117348975772,50.50832694694461,50.487626370217,50.40838854479522,50.297342520210485,50.18452353304537,50.08302220647927,50.001054596430414,49.95250806196543,49.95096108731246,50.00085835518208,50.07938349303062,50.16565179751967,50.321002275455704,50.518787438171344,50.74098950998256,50.96840529561855,51.18749236452906,51.40901527849759,51.64404556777956,51.864554737439136,52.0282611720809,52.16558237229792,52.254272179164474,52.3005377967509,52.29446500987096,52.24214558835174,52.163338896822616,52.07979326036038,52.01132967601273,51.979573580807624,52.000555824651535,52.06264628491353,52.15702914394645,52.28392627656042,52.418703781264426,52.56928488546648,52.72178016663,52.86437189061494,52.983486985231444,53.06707565062586,53.10263284475824,53.09014766193691,53.01091020638916,52.903699931723814,52.79977557267872,52.64325522752251,52.46132488945819,52.27859916437628,52.1316197609639,52.018125085099065,51.94702474146536,51.933585792572366,51.99622481140955,52.12204231875399,52.27476593196615,52.41918237698401,52.55516441225665,52.68547878961993,52.80005682448292,52.88925918333278,52.94326719192515,52.947698719343784,52.899209139633676,52.81145550676811,52.702796826379014,52.58986259146074,52.47949280787337,52.37892148471542,52.28748029936275,52.209283548684674,52.14669425389222,52.11018405214985,52.1064174998171,52.13829461340937,52.19146393349893,52.26323120470213,52.369405120983714,52.5089442797889,52.66253547544323,52.803130707403625,52.91807284698885,53.00973945312493,53.07456093183388,53.104518034370585,53.096090295381984,53.06124215601653,53.011403589919816,52.963078205077885,52.926580815239085,52.918795472185316,52.937650582896104,52.98066870345774,53.045782489363084,53.13148045958474,53.236354945892344,53.35894847774997,53.497874846531644,53.65614728944071,53.8214251495392,53.9894162699684,54.142569302121814,54.27509933791547,54.379483789220735,54.45399825190509,54.49759830830846,54.50830534710599,54.485779566439554,54.44191859742183,54.39225169238628,54.35225647053942,54.321656662630375,54.300747548617274,54.294817365096534,54.30181280016626,54.32219515954223,54.35613099680679,54.403764151221914,54.46570104469267,54.543186920357556,54.637074527430926,54.74684193527959,54.86631779760423,54.988315723002486,55.10559098335523,55.20999557180626,55.293977157430916,55.356665350630585,55.39891502140805,55.42198113387671,55.4278292005071,55.41900783626769,55.398861325922226,55.372153092651615,55.343768672675154,55.318003540382236,55.29832813402761,55.287381338039204,55.28769278521393,55.301216386439336,55.33036968756101,55.37690166870206,55.43908818435224,55.52219294989095,55.62785241300044,55.74463874525724,55.86247169793239,55.9844752546431,56.11227380623811,56.245150590066736,56.386484533871446,56.52648560102452,56.66788658719016,56.80736914568766,56.94070746253587,57.063475233847655,57.16922933273854,57.26202745641449,57.342563421666796
34.99539403256606,35.24175156679374,35.478466593053305,35.710496403185005,35.9415214051553,36.17527952426114,36.416087527837156,36.66746907509603,36.93020929058628,37.20497758628807,37.492791501185856,37.79555103044411,38.11657360283265,38.45581647778827,38.81611463118526,39.181593073732664,39.56369426051874,39.965182396987174,40.374406424798764,40.82298524432803,41.23601246350767,41.5902772394942,41.94829547905282,42.26963975584287,42.55229460204478,42.79268941521844,42.990827710960545,43.149329447307025,43.27367989081993,43.37508732696658,43.466875589506586,43.562768980601405,43.67625763554725,43.81759877325696,43.983431338985234,44.167948642555146,44.36827481819094,44.59845896902076,44.84627152266102,45.10990683808217,45.37261410383762,45.62232921601865,45.89272973095399,46.1068339950982,46.24748575590661,46.32115968904464,46.36480411940254,46.37461336039391,46.34562633783726,46.2650185548623,46.164288004034255,46.067752903246756,45.99596012218673,45.955315135360436,45.932598762770155,45.92917310464763,45.94731176692098,45.991068598579346,46.056981230439874,46.14705296923539,46.254170652110595,46.37460016855869,46.50628039211072,46.62865585970467,46.746284136654324,46.85054618331112,46.92880287661288,46.98236018243168,46.994936427213084,46.960918361041045,46.87590157813978,46.762488322451645,46.639601067351144,46.52484724269807,46.42673712006802,46.36075284732287,46.331512954610055,46.33878269847607,46.38062424308404,46.45442533578652,46.55737708376691,46.68668121661016,46.83881228831026,47.008321968478256,47.192089206960254,47.389769880745355,47.601123643560854,47.823711612439936,48.052295788224555,48.278015516925436,48.48252199749162,48.63574073926164,48.72902557398047,48.7779566784567,48.79929620813993,48.803246293478814,48.79489150516117,48.78427574529895,48.77969256491431,48.79518418763109,48.863843092402206,48.96701954180689,49.08083093398203,49.20182499140193,49.363761549701834,49.5613772916211,49.76846903940544,49.967485987030315,50.14411498237353,50.29160677869151,50.40624281797107,50.48381071514739,50.51335417125305,50.487185325515355,50.405392075896216,50.294910968635605,50.18559536663602,50.089987138254564,50.01560605933208,49.97585413381249,49.983612508720064,50.042970878470065,50.12971199604062,50.22068948205001,50.379070118972706,50.57814001612186,50.79969529792323,51.02456707464322,51.23931972064139,51.455228434188925,51.68350176185885,51.89481163089736,52.05060917876094,52.182061707886405,52.26396173370455,52.304624365027536,52.295099717366455,52.24203973039124,52.16512077731672,52.08560000671344,52.02262453891288,51.99719686806591,52.02448257799428,52.092115313956896,52.19097989647488,52.32140215718995,52.45706104998126,52.607217509525555,52.75646876002288,52.892792171047766,53.00367715867838,53.078751085524125,53.10597685641681,53.08611782830507,53.00043604333783,52.88943333102875,52.78484922484779,52.62843764930749,52.44968942618985,52.27360665012281,52.13534416893444,52.03153386897857,51.9701192013871,51.965064922588155,52.0339150008367,52.1636432182878,52.317339907705126,52.459786369711345,52.59193966597366,52.71694507396775,52.82475987625162,52.90618848042875,52.95246747556325,52.949754345212554,52.89550704634607,52.80389612223985,52.69377577472238,52.58221144153966,52.47536580567626,52.38011867463714,52.295105143994064,52.22409988291026,52.168801013222016,52.139507175435796,52.14252419263891,52.18036439360927,52.23760269606737,52.31099694784318,52.41667933346637,52.55355529627502,52.702931711034395,52.83824373541212,52.947209173524925,53.032819345189296,53.09198304529844,53.11740953457719,53.10608488366453,53.070252177310614,53.02112469202461,52.97522481110979,52.9424203345689,52.9398334139115,52.96470809101767,53.01398295861857,53.08508103459607,53.17603754231502,53.285010402417356,53.410124090633666,53.54961666948845,53.70667516351513,53.86842909357464,54.03141957068121,54.17821676635523,54.30392442526273,54.40114644531512,54.468704258366074,54.506159584698544,54.51216283974433,54.48688650747732,54.44231315112326,54.39382982746064,54.356799799532126,54.33034326405417,54.31434909294171,54.314043751879396,54.32686428361394,54.35292054663583,54.39203023273994,54.444012949509776,54.509184740325196,54.588520575382496,54.682592979076894,54.79073387407274,54.90715270868894,55.02513316594273,55.13784503062081,55.23752099618698,55.31694716181634,55.37544941666011,55.41408117196307,55.43431316521174,55.43831568089434,55.42883785737294,55.409370609912536,55.384597027846176,55.35922563423233,55.33734260408327,55.32220023680173,55.316241529872144,55.32184177403048,55.34069673468253,55.37497084252267,55.42612005558806,55.492025877305664,55.577942583216284,55.68564096536517,55.803504327063685,55.92141055850806,56.04279720656342,56.16944013162196,56.300607776437175,56.43999855262995,56.577165962213996,56.71529819117168,56.851169017696705,56.98065734115873,57.099453917079444,57.20103168683766,57.28988308023119,57.365981310102846
35.078746245757905,35.325492143429344,35.563774331884176,35.79828708102695,36.0325218401135,36.270004557118405,36.514784327472064,36.77010077533486,37.036540461952846,37.31460732275881,37.605163425888,37.909969108553106,38.23220281830333,38.57183032391762,38.9320636592301,39.29593839148091,39.67553022505509,40.073563777146134,40.47801709831441,40.918145167278446,41.32381012741571,41.673219915068664,42.02203551213793,42.333835408206454,42.60717204080935,42.83923993827449,43.03073545267091,43.18483998504078,43.3074322585585,43.40951817595594,43.50393615015222,43.603850965941646,43.72217138373424,43.86854615485316,44.03895493865162,44.22712236036592,44.42982664718364,44.660998144671446,44.907062609133455,45.16747896207651,45.42539824023642,45.667805013947465,45.92945780010935,46.134201745959956,46.26709439519122,46.33271461961993,46.36935089824311,46.373197255633436,46.340382210476676,46.25802386631321,46.15822086297098,46.06467070384548,45.997376089579575,45.96249874291268,45.94570016402545,45.948037868690044,45.971741989159625,46.02032468543949,46.09121767105669,46.18504860030643,46.29427601910313,46.4145574318049,46.543574613693124,46.660656986493514,46.77241429128824,46.8705613504388,46.94217277891967,46.98982521966719,46.99747800998356,46.959930054970286,46.87319650923986,46.7605861823085,46.64012128559282,46.529570179789275,46.4377447792252,46.37980578772669,46.35965928916812,46.376330348796444,46.42715857776509,46.50888207762975,46.618134776308565,46.751657690877295,46.90569133128652,47.07516005682994,47.257401534183444,47.45240033006669,47.66007572767911,47.877987999986296,48.10078906348243,48.31950761187448,48.516164170539646,48.66205466188589,48.74939242113812,48.79382516128344,48.812111719907854,48.814944633960586,48.8078597411643,48.80104927307944,48.80257316271578,48.825755917873956,48.90344052798449,49.014534765703765,49.13431305201343,49.25901510838257,49.42277065317062,49.61940750463466,49.821790319517135,50.013898379071655,50.18259485216875,50.321368060646115,50.42683270497828,50.49571680471334,50.51791514092284,50.486610173704506,50.40264090859604,50.2930855183005,50.18755807281115,50.09804176743661,50.03135089983944,50.000386534509516,50.01737685746738,50.08600116328351,50.18068990200558,50.27611913518899,50.437252358957245,50.63731456043482,50.85795870900198,51.080080889207565,51.29036147863745,51.50055669337426,51.72198111224106,51.92410483687039,52.07241568086037,52.19777562329392,52.273090748482645,52.308399318646046,52.29569591266831,52.242167643241444,52.167388963133426,52.09208433452206,52.03469495192397,52.01557616794968,52.04901416978527,52.121968443657124,52.22506211186354,52.35870950222098,52.49500771601489,52.644482649012254,52.79030822263726,52.92027990205781,53.02295070066912,53.089595135338904,53.10866031410399,53.081660405555816,52.98992795794032,52.87546215216458,52.77030435173118,52.61424596046472,52.4388725267159,52.26956130256368,52.14007995463183,52.04594782899641,51.994144245049924,51.99730020457532,52.07205768115256,52.20530271054509,52.359625585439844,52.499888436981216,52.628068833729245,52.74765848089772,52.8486726272683,52.922372803822945,52.96103197637784,52.951368004062445,52.891628514618716,52.79645906810019,52.68516190964677,52.57519334429869,52.47202665201836,52.38216358585106,52.30357782622057,52.23970907474698,52.191603700777385,52.169395431528564,52.17903270079914,52.22264422143912,52.28376707556886,52.35862946550793,52.46366615867869,52.59773465311278,52.74278022897019,52.87275616496418,52.97576561078325,53.055400384047125,53.10905005400806,53.13014253917228,53.11616626925907,53.07960087207582,53.03143378317085,52.98815862692403,52.9591885698028,52.961817497217304,52.9926359272134,53.048021650592666,53.12490999888136,53.22090216856482,53.33374016863331,53.46114838386267,53.60100470454585,53.756650794181574,53.91474886180604,54.07264532537855,54.21306884462735,54.33198369776113,54.422140522701554,54.482896744678776,54.5144081302175,54.515947542788176,54.488190354535725,54.44316939581495,54.39608859951985,54.36214777044381,54.339894103605175,54.32882372806607,54.33407707701543,54.35261325218374,54.38420325277352,54.42832711141653,54.48449111959051,54.55273089808841,54.63375966568441,54.727877393875026,54.83427520121773,54.94754509994438,55.0614435882171,55.16956112126404,55.26452134633274,55.33945834598081,55.39388901616376,55.42905508613778,55.44663162833566,55.44898138688572,55.4390408258547,55.42043401854853,55.39775336285932,55.3755214903017,55.357607977033574,55.34704227607588,55.34607049333642,55.356918249379596,55.38102982659445,55.4203215467195,55.47596095599017,55.545442223657716,55.63401345637724,55.74358360116025,55.86235960798405,55.98019218138541,56.100830982145915,56.22620464480078,56.35557086373352,56.49292132494724,56.62720735653473,56.76204226417272,56.89429352527255,57.01994683329346,57.13481163042857,57.23229527984385,57.31729242263464,57.389069367895075
35.162185952387716,35.4094574733328,35.64941195294973,35.88647605891269,36.12395067660328,36.36514981378444,36.61385540317864,36.873025115044165,37.14305218427026,37.42428095364406,37.717423977975926,38.02410823877905,38.3473778346153,38.687211062808,39.047172427973706,39.40930321154131,39.78624830472505,40.180673627162534,40.58024032156031,41.01156306759249,41.409762856423946,41.75458237288047,42.094247821305196,42.396621189746,42.66080548907743,42.88476081723454,43.06986160566179,43.21983493242693,43.34093265765609,43.44393262125387,43.54116430556659,43.64521271732238,43.768387555344006,43.919721555284326,44.09455802577426,44.28618336924604,44.49105348769772,44.722948374037124,44.96704703357243,45.224022141652625,45.47696965494249,45.71199197582252,45.96480666740486,46.160223275885485,46.285458882945164,46.343272973350345,46.37315876373288,46.371330695619164,46.33498039169613,46.251230909367884,46.1526717395875,46.06234797866433,45.99968602044933,45.97058437440223,45.959674064313845,45.96765042889361,45.99675726212178,46.04996896477456,46.12564558401171,46.223022336964256,46.33415251850563,46.45408264289776,46.58029935291568,46.692057700736676,46.79793404933316,46.889990781436126,46.95506388933473,46.99693144535663,46.99982811770628,46.9589822557143,46.87086377452626,46.75938565139361,46.64163992028298,46.535498602787044,46.450096268918095,46.40023960116706,46.389122099516634,46.41504561848488,46.47465118693797,46.564053257932414,46.67935280235175,46.81685051345601,46.97256591407363,47.141794925046995,47.32232762588126,47.51447315467477,47.718313675106344,47.931420460979666,48.14835472553913,48.360062020367735,48.548955567029275,48.687683001273186,48.769285463579095,48.809457262527864,48.824951724611914,48.826942165361515,48.821371173153224,48.81853760767651,48.82623690405955,48.85707214001783,48.94364704923628,49.062399861272404,49.187832439173036,49.315977136010765,49.48127598746892,49.67665525438166,49.874145471266495,50.05925492498102,50.21999524076805,50.35010458602492,50.446539867792865,50.50694917505355,50.52207753573398,50.48597279345048,50.400204348087044,50.29192667912396,50.190458522281844,50.10721580499407,50.048298994193516,50.02609297560425,50.05222302267139,50.12989741765423,50.23224745443808,50.331867491707,50.49548159715998,50.69625238765595,50.91573110253151,51.13491022050379,51.34059585454867,51.54499356249517,51.75949172856659,51.95248454158066,52.09378408674417,52.21277233159216,52.281715904163796,52.31192141551859,52.29630881298321,52.24257515340474,52.170175075606195,52.09925942264115,52.047533250928,52.03468281847585,52.07410376775168,52.152147113621034,52.259212125448876,52.39578155093209,52.532485461508635,52.68102905951729,52.823262179737114,52.94682094336219,53.04131748436435,53.099635726013695,53.11072547954618,53.07682699575964,52.97945162980647,52.861853883439984,52.75618731023676,52.60071786947258,52.42889998694663,52.266479444833124,52.14582542712585,52.061338136324004,52.019042313721435,52.03021195554013,52.11056421002593,52.24693324611747,52.40154757926698,52.53943317812424,52.66351644139118,52.77760190119511,52.87179720481966,52.937833969341575,52.968998073758634,52.9525890928161,52.88762958913298,52.78920178560352,52.67700932381056,52.56885442459343,52.46951086307373,52.385076934199105,52.312903579016094,52.256100413542335,52.21507711967824,52.199811027396294,52.21589483135101,52.2650779996017,52.32989917911622,52.40607671520399,52.51032439852902,52.64145659173175,52.78207225860538,52.90667576240855,53.003765672934705,53.07751946100364,53.125809440412,53.1427703335295,53.126388417165394,53.089336524635385,53.0423701591255,53.00190631116422,52.9768997950534,52.98474640852028,53.021417159739876,53.08275369451658,53.16522677080243,53.26602362749082,53.38248957304784,53.51196753757901,53.651991230677574,53.806034024537496,53.96035812505866,54.113082344406905,54.247132552324736,54.35930005032686,54.44250420132404,54.496627226170446,54.52240522817325,54.51972552617295,54.48975634756065,54.44454679299521,54.399077963857536,54.36833668250959,54.35033136403114,54.34418023608684,54.35491088428162,54.37903898963709,54.416010248771386,54.464979042523844,54.52514993985747,54.5962886265332,54.67885553294009,54.772886182394956,54.87743620138253,54.98748020815024,55.09724836688543,55.200756345415634,55.2910275118773,55.36155227122588,55.412033110450395,55.44388988606405,55.45899059394766,55.45987825961254,55.44966363128772,55.43209062082831,55.41165090384995,55.39267282350464,55.378802641407056,55.3728429318058,55.376842562979135,55.39288266541476,55.42216361609448,55.46635945522709,55.52635477940594,55.59926445386712,55.6903336647283,55.80161233604079,55.92114321851851,56.03876422764075,56.15853424383925,56.282535117092905,56.41001763866883,56.545237741383595,56.676605013647396,56.80812399818778,56.93675724482012,57.058599155187935,57.16957930525537,57.26305951443104,57.34430070544954,57.41188075718289
35.24573819689966,35.49366846223329,35.73539160046812,35.97506339460429,36.21579367944186,36.46068588745777,36.713256926193104,36.976186158938056,37.249679186387,37.53392673807227,37.82949785788666,38.13789239787549,38.46202466525627,38.80188880985544,39.161373356056004,39.52162947642558,39.89579998906238,40.28647116945806,40.68104585502087,41.10325315775987,41.4939028337235,41.83436996670983,42.164953628583206,42.458033888419614,42.71324513886064,42.92931217429053,43.10827097398917,43.25437754398345,43.37423601819585,43.47837130882201,43.57858206525301,43.686855144347064,43.814885590716145,43.9710849064964,44.15018501859693,44.345065804275904,44.55188527472938,44.784239373772195,45.0261677508738,45.27949466691139,45.5273037600927,45.75488879659002,45.99879085581446,46.18492959900736,46.30261920680664,46.35288984195406,46.376291674183484,46.369083190170095,46.32948861131944,46.24470406783612,46.14769438289052,46.06082446598717,46.002914477701715,45.97957868842228,45.97451413953709,45.9879914274391,46.022327930654754,46.07996837728555,46.1602225040108,46.26092844768913,46.37375463640466,46.493133589756034,46.61642285112342,46.72284633734412,46.82284955521542,46.908856698454066,46.967517274877416,47.00373291857756,47.002049416862704,46.958140787173264,46.86896835929724,46.75894520580708,46.644207733539886,46.54266943209814,46.46381075579024,46.42205326928749,46.41987917699594,46.45488577315653,46.52304144059204,46.61986475480816,46.740949249605244,46.88217646686786,47.03935801851773,47.2081585932181,47.386812559700914,47.57594811814476,47.775812662426844,47.983999895738805,48.19499967912222,48.39970201901499,48.58093534060369,48.712677547804006,48.788764056132926,48.824915038776595,48.83787675734661,48.83929340701903,48.83546910291822,48.83676715542418,48.85068685500371,48.88910862206736,48.984411667001986,49.11054192146901,49.24130208185775,49.37262282170815,49.5391948411769,49.73304978465719,49.92548755138642,50.10353595557159,50.25631931230974,50.37783954452834,50.46540648624657,50.51756524276596,50.52590903546644,50.4853450634193,50.39815169956164,50.291494961024725,50.19434358575915,50.117538961895555,50.066460218635214,50.05296116864444,50.08811989344916,50.17460784961401,50.284314896850645,50.38786128637442,50.553690435331475,50.754894814330946,50.97296383782453,51.18901854972412,51.39000106440642,51.58853254799324,51.79604172047578,51.980000931250636,52.11481780477732,52.2271000458527,52.289893881413015,52.3152494135574,52.29699363551787,52.24330808738351,52.17351073606849,52.107138449925664,52.06113177180687,52.05448815766127,52.099704539620646,52.182592763455325,52.29336627256734,52.43255154260179,52.56943596860583,52.71680549663136,52.85529425658641,52.97240115467805,53.05878738292471,53.108900783491976,53.112214614469785,53.07166920098711,52.969072738546174,52.84867601316366,52.74254445727249,52.58789108480946,52.419797602792364,52.26437740006535,52.15257889548625,52.077675962132766,52.04475584866936,52.06372049248887,52.149345945125546,52.288447275596546,52.44303050328322,52.57836519247099,52.69824701482729,52.80675822564517,52.89413573619245,52.952593792810916,52.97640314709533,52.953467008396245,52.88356631457018,52.782181716004196,52.66937210987215,52.56324080727944,52.467853955016466,52.388879435523194,52.32308763535451,52.2732631886438,52.239196073044475,52.230716170007184,52.253062391347704,52.30760963079979,52.37594111382226,52.453286654439,52.556612854925774,52.6846953535615,52.82079902929469,52.940010294094,53.03123287415023,53.09921346736409,53.142308686959524,53.15534620302242,53.13680529238331,53.09950741931249,53.05397311565552,53.01649452247396,52.995568284433375,53.00861883423798,53.0510348568537,53.118148005526834,53.205988738942736,53.311351208249654,53.431203944168594,53.56252773192465,53.702528526857314,53.85478469768031,54.00523055415775,54.1527194381127,54.280414904833954,54.38589637787612,54.46227566112664,54.50994721816832,54.53021216187378,54.523562859833994,54.491649726497954,54.44650480416231,54.40284787576736,54.37540283496457,54.36167722807986,54.36042739910047,54.37653871745493,54.40612077973532,54.44830850544556,54.50194343574916,54.565940688703925,54.63980703421043,54.723759518826384,54.81757775520635,54.92018715923521,55.02694327008623,55.132548879007544,55.231447793206314,55.31707038245437,55.38327049885317,55.4299306608289,55.4586386938738,55.47144413274689,55.47105824020615,55.46075316324672,55.44437948575002,55.42631845697705,55.41069621646248,55.40092957937759,55.39959088394719,55.4085320733473,55.42969547628937,55.464046057102074,55.51302222312102,55.57723193533287,55.653419798392605,55.746831303624,55.85965918566194,55.97979378916723,56.09707435835032,56.21586465409212,56.33839931981667,56.463925887956115,56.59693269249932,56.725354163212614,56.85354858521139,56.97857475274428,57.09663752309003,57.203787872920124,57.29336379327308,57.37095315050061,57.434468640105756
35.32942802373786,35.57814601585999,35.821725418657486,36.06404914586376,36.30803661344645,36.55658337133694,36.81294506775172,37.07952797173064,37.35635619715154,37.6434729351719,37.94130976605726,38.25124556259599,38.57606932371395,38.915793680455984,39.274598862116974,39.63285912864547,40.00413676760089,40.39091562645439,40.780403459180434,41.19322965027035,41.57626224250552,41.912588050336936,42.23417415600059,42.51811029218538,42.76454118217062,42.972954131634296,43.14602836170908,43.28853107422833,43.40739727026096,43.512874884621965,43.61621143871478,43.728779156619176,43.86164493019034,44.02259614043535,44.205780335363436,44.40370380053581,44.61225194327478,44.84480086053106,45.08436771593338,45.33385482795363,45.57637596782389,45.79649417119617,46.03142488831213,46.20835172945817,46.318615354413886,46.361620317149224,46.37881358790655,46.366524249105225,46.32397459917037,46.23850772552771,46.14334254188665,46.06013990409784,46.00708602424245,45.98948834356602,45.99021406559688,46.0090415065072,46.048424339605944,46.110289863673486,46.194905965759816,46.29872120096135,46.413036858886734,46.53166806029852,46.65191334966136,46.753011231225855,46.84716695336137,46.92718132364359,46.97957400256706,47.010283698407484,47.00420457393429,46.95747147324737,46.867575248850954,46.759323321649084,46.64787548748179,46.55111958812933,46.478907406485206,46.44524577373151,46.451908312946436,46.49580807842658,46.572268708716564,46.67624244637065,46.80284220577785,46.94755233363443,47.10598962646495,47.274183081431886,47.4508014132897,47.63678498405186,47.83254786622487,48.03571720458251,48.24073082895923,48.4384508844261,48.6121426449061,48.737090091858846,48.8078875536291,48.84026054661624,48.850947353206415,48.85205287827053,48.85019683224964,48.855764322656526,48.87592608160635,48.92184113202719,49.02568339212603,49.15888803924979,49.29463496646443,49.428863912896354,49.59644450287473,49.788520339256394,49.975769616609746,50.14672180165642,50.291570230932194,50.40459612585684,50.483474740171154,50.52762242444853,50.529477319900224,50.48479886227702,50.396552268212105,50.2918508739216,50.19926013395414,50.129040949109715,50.08584444940558,50.08097882517786,50.12503635891771,50.22008066719464,50.33682247275584,50.44402725396162,50.61181147522238,50.81318315700554,51.02960827419375,51.242369358060756,51.43855532424214,51.63116715630999,51.83163919760901,52.006704192102724,52.13562024332479,52.24080697914719,52.2976813608953,52.31844207067462,52.297805597479,52.24441227168016,52.17742756585378,52.11573459523054,52.075482850442555,52.07496352352283,52.125769653119306,52.21324683276682,52.32746088855541,52.46895271650863,52.60580091944982,52.75176071594518,52.886368078449124,52.99700639572254,53.07537026951092,53.11741823371725,53.11316998060127,53.066238623308756,52.95885696376933,52.83599602964431,52.72942214974627,52.57580331495378,52.41159117016343,52.263271491394576,52.16033866878278,52.094932477594114,52.07122729116129,52.09774613242782,52.188314244120264,52.32975724957394,52.483998971585216,52.61662907935212,52.73222507990534,52.83511034503319,52.915690348673394,52.966674090057104,52.983284575777674,52.954051147725544,52.87949473561168,52.775456300556606,52.66230436048994,52.55839861721231,52.467091444020625,52.393591805665274,52.33413522820966,52.29118668939887,52.263935363995984,52.262073066329435,52.290487187842395,52.35018301773617,52.4218349867998,52.500207240720584,52.60249032977733,52.72742518003163,52.85895177039285,52.97276752636934,53.05819072860072,53.12051929443371,53.15859527609994,53.167923433024626,53.14747085991259,53.11016184043036,53.066281948527894,53.031949919496896,53.01520831205533,53.033433460787954,53.08147208681146,53.15417349875995,53.24715329188581,53.35683419999799,53.479828610503176,53.612775147041575,53.75256887205881,53.90286265670746,54.04933981992851,54.19154541684235,54.31292291754158,54.41179557532516,54.48149308205338,54.52290823599968,54.53789021462703,54.52752561370669,54.49393573129351,54.44910289081455,54.40744829054294,54.383382527043835,54.37395387849911,54.37757399920345,54.39895412031233,54.433837906239845,54.48106499361214,54.53917770077977,54.606814644523205,54.68323522967095,54.76842296502005,54.86191052287887,54.962498359443806,55.06591952253202,55.16734650164321,55.26165255476684,55.34268084769769,55.404654590164256,55.44763062860811,55.4733546316989,55.48404631543246,55.48257326979788,55.472356311306406,55.45733968231175,55.44178482839952,55.429608251796566,55.42399177311901,55.42727481245573,55.44111335898803,55.467317136156865,55.50662510353667,55.56024750547692,55.628522833268455,55.70783548769289,55.80343446841882,55.91765616567879,56.0382499504304,56.155070234590376,56.27277987535322,56.393765024290396,56.517273398308376,56.64799106885475,56.77345003489103,56.89832121723808,57.019760625449926,57.13408515324762,57.237468264783175,57.32324751904386,57.397294979612546,57.4568861788031
35.413280477346504,35.66291103994207,35.90842555173597,36.153433370453165,36.40066524343423,36.65281285862048,36.91287599909076,37.18299461813606,37.4630179454124,37.75284780407141,38.05278440292476,38.36409170969408,38.68943782347609,39.0288557900057,39.386781364796576,39.74293411071267,40.11121012987438,40.49396622057319,40.87828289452343,41.28150675761367,41.65687326596114,41.989241977542044,42.30193062558596,42.576887189001425,42.81474381101895,43.015746811457745,43.18319857287753,43.3223587776795,43.44047134393455,43.54748399461532,43.65407443545525,43.77098566374219,43.908645014106156,44.074215189047116,44.26128839431755,44.46203149310616,44.672083428330126,44.90456255096814,45.14158988364703,45.387060914880216,45.62416169027297,45.83680679458713,46.0627232878718,46.23052068137049,46.33348731340511,46.36951949065403,46.38078846321372,46.36372338224351,46.31850608507273,46.232706266252485,46.1396699655826,46.060334031280206,46.01222522297723,46.00031999842666,46.00676751839498,46.030781308278684,46.07501683382271,46.14090036463934,46.229653503964634,46.3363548652612,46.451953672038435,46.56964384244401,46.68673908987454,46.782540717291816,46.87089238819737,46.94498687915565,46.991275139423024,47.01663784392396,47.00635625540246,46.95704013783679,46.86674942848563,46.760578475019784,46.65269394422692,46.56088599128745,46.49540538764654,46.46981609614263,46.48518729870844,46.5377697999102,46.62227236130094,46.73311221073354,46.86494975857838,47.01289489627725,47.17238271976145,47.33980040977702,47.51423926429485,47.69694351597124,47.88849446308469,48.086563287829556,48.285555079777716,48.47633189321092,48.642616633579706,48.76097242381819,48.8267153108972,48.855555842633464,48.86422404728581,48.86527509845344,48.865597662937724,48.875555515707575,48.90195764992558,48.955245437901944,49.067411235452795,49.20736530757098,49.347744079390004,49.48461215699703,49.652942261142606,49.84299616197439,50.02494472366936,50.18879279404864,50.32575116077372,50.43039751971086,50.50078680939836,50.53717813669922,50.53285006881532,50.484406068689644,50.39547535923084,50.293054927733294,50.205255037577885,50.14175147760517,50.10646156274557,50.11013365675223,50.162941308194085,50.26626407842793,50.38970042566617,50.50029212923906,50.669777318583265,50.871058732225436,51.08561577095185,51.29492612670591,51.48623685008722,51.672890893887036,51.866292269606696,52.03264079510707,52.15626790922962,52.253941344547236,52.30513502327566,52.321558144782436,52.2987999160733,52.24593353279709,52.18195718629549,52.12506103741072,52.090578822717006,52.096080254077414,52.152252275974845,52.24405076116226,52.361432308749535,52.504918311931156,52.64152199618397,52.785843473049475,52.9164472705892,53.02062252621278,53.09107601728361,53.125216002633046,53.113633839667,53.06058686479513,52.94886998508579,52.82388142119062,52.71686674456602,52.56449226838391,52.40430648497011,52.263178041955015,52.1691030560852,52.11307885387945,52.09839908246492,52.13220919236325,52.22738046467884,52.370775618641275,52.52437759826965,52.65416943809818,52.765415162493134,52.862641150144476,52.93646316954919,52.98009667690641,52.989679739195395,52.95439090772672,52.875470896938836,52.7690829805151,52.65586016832233,52.55437397924765,52.467258846260286,52.39923476046726,52.346051590555426,52.309860205155005,52.289269795652686,52.293843923331245,52.32812102788832,52.39274206311361,52.46752290516168,52.546786431556434,52.64791562499208,52.76962031257166,52.896521711254636,53.00495522558328,53.08466275045711,53.141473833517736,53.1747166902825,53.180555308909774,53.15843908475305,53.1213480723122,53.079335953509585,53.0482991608766,53.035834152031825,53.05918897458771,53.112711917869724,53.1907990893525,53.28867781821513,53.40242189189254,53.52830890055927,53.66265596307177,53.80206454525574,53.950227744716386,54.092659593196224,54.22954909094239,54.34466360583419,54.43702053759013,54.50019464404832,54.53556179499182,54.545500669740974,54.53167985772642,54.49667960189321,54.4524005144502,54.41292916347794,54.3923120579825,54.38718349803668,54.39562881849222,54.42215063663077,54.462169652912024,54.51424668408726,54.57663924730293,54.64772308570864,54.72652232146566,54.81279721319795,54.905842895982154,55.0043400866763,55.1043942022673,55.20164261185229,55.29138772022788,55.36788979724099,55.42574610646073,55.46518197509688,55.48809082167127,55.49685121270356,55.49447528951906,55.48451996504154,55.47101027951161,55.458078824276306,55.449425512128265,55.44799220480527,55.45588339728717,55.47456075444833,55.505708099170675,55.54984870931769,55.60797295737034,55.680157882710255,55.76243875222675,55.86007125446726,55.97553529174645,56.09645033280819,56.21269951743715,56.3292375700712,56.448600001832396,56.57003795643867,56.69839776101014,56.820887858343276,56.942447086262355,57.06032943934191,57.17096526190857,57.27065141220486,57.3527500944173,57.423371414610074,57.47918653541435
35.497320602169694,35.747984440208704,35.99550414392172,36.243216126134506,36.493665334222435,36.749344942506895,37.01300589144645,37.28653016286842,37.56959916001806,37.86197960389926,38.163846468926224,38.47635481592332,38.8020561780304,39.1410052539006,39.49785328273476,39.85179636513891,40.21697156541665,40.595582174236135,40.97465392153421,41.368098692279574,41.73576808728145,42.06433710210531,42.368244259367906,42.63440136682583,42.86390321741729,43.057750335952754,43.2198464115505,43.35592390885497,43.47351316929979,43.58223928476368,43.6921930649777,43.813475575319586,43.95586528280328,44.1259019842777,44.31665361370309,44.5199830170673,44.73130966489161,44.963454161737836,45.1977772089106,45.439071217792005,45.670636339576774,45.87582536170916,46.09270057746742,46.251467468876946,46.34727507141851,46.37664245418661,46.3822802584166,46.360750099404015,46.31315079885028,46.22736407382025,46.13673040298498,46.06144658581811,46.01835663681175,46.01208031159738,46.02416817383308,46.05319147493422,46.10207575815241,46.171766820884095,46.26442265333112,46.37378370906897,46.490459561946295,46.60701872411129,46.72086831310798,46.811423130452035,46.89403200414976,46.962295587141256,47.00266175246463,47.0228494142045,47.00856712774869,46.95691260484172,46.866555883499444,46.76276914201934,46.65871386589354,46.572005561979225,46.51332386591778,46.49576321816438,46.51969392562236,46.58072820322251,46.67299176833445,46.79039992601049,46.92718999571563,47.078120937317905,47.23845928025335,47.404942598342146,47.577071190363604,47.75638347747809,47.94362762959061,48.136529045798746,48.32947933630522,48.51336832197927,48.67239646026769,48.78437633406252,48.845306682766704,48.8708629834149,48.87776737467928,48.87901458690518,48.88171489677284,48.89616714091139,48.92878462601946,48.989297307696255,49.109544207826715,49.25590081938879,49.400542407031324,49.53977930143181,49.708605404560686,49.89640649660635,50.072965929298114,50.229729263561346,50.358865265972675,50.45526691579083,50.51738487375997,50.54628979611596,50.53609496199171,50.48423856132321,50.3949902778102,50.29516763237865,50.21237516734145,50.15570025835055,50.128321434896165,50.14041337491531,50.20180363039528,50.31310629134569,50.44287899909421,50.55658264697708,50.727520567164795,50.92846285653636,51.140937687411544,51.34665233685182,51.53302385797308,51.71369726716592,51.90000904610917,52.057836684785364,52.176685884276736,52.26655135512448,52.31231154921913,52.32465639379303,52.300031808507455,52.24791769723669,52.187131218727124,52.135130955321124,52.106412024512174,52.11780968734188,52.17910557591437,52.27494598824841,52.39521686848616,52.54038156814787,52.67654088095157,52.81900252353495,52.94549545827065,53.04323540586591,53.10591449940348,53.132322016182805,53.11364845339342,53.05476552751677,52.939177482105436,52.81239967611127,52.70492459863968,52.55399565357828,52.397969343122725,52.26411337488091,52.17887036646321,52.13208626216021,52.12621366384789,52.16702998930143,52.26645596447005,52.4114148333902,52.56409099743318,52.69093086803979,52.79778178845847,52.88933353176425,52.956456326106576,52.99288336918505,52.99562601673818,52.95453568532245,52.87155084323296,52.76311919713401,52.65009362602767,52.551213018241,52.468391677909544,52.40582901577108,52.358841955365676,52.329273025259745,52.31517417113445,52.325990947980806,52.36591571853867,52.43523066963488,52.51294697602071,52.59297218445415,52.692847542478404,52.811254992611204,52.93350008123479,53.03658115808464,53.110672453890295,53.16211397592141,53.19072041195648,53.193295116051424,53.16976393190449,53.13311439928125,53.093174426367504,53.06556890525673,53.05746007847554,53.08588406205482,53.144737418285104,53.22799369244099,53.33051970651418,53.44806357308994,53.57659014284447,53.71211636015722,53.85096782542188,53.9968398048045,54.135163544786096,54.266719270759204,54.37564398509837,54.46159415958727,54.518418527055495,54.54795941047193,54.55310481052353,54.53609166182857,54.49994657824288,54.45645713656755,54.419340449866,54.40222772701569,54.40138826944037,54.41460063906323,54.446121810187265,54.491095303513234,54.54782054768701,54.614285485005965,54.68861729065347,54.7696174181454,54.85683360503688,54.949333285085885,55.04568262560076,55.14235254607174,55.23543858669457,55.3206703797202,55.39272812071802,55.44658660904418,55.48263366160411,55.50290038592276,55.509912895259355,55.50681624050103,55.497291014026835,55.48543034634773,55.475229250766375,55.47016458007894,55.47293385661018,55.485405318397184,55.50884859427531,55.544828819484295,55.593664828364524,55.65613623387691,55.73206749315576,55.81715682245289,55.91666975712383,56.0332285795201,56.154333566800794,56.26990986796696,56.38519540069472,56.50287202376106,56.62219734906003,56.74813765952585,56.867662863229995,56.98593138427873,57.10029577082519,57.207301065320756,57.30336824654548,57.381910922067256,57.449227677317865,57.50142287207893
35.5815734426516,35.83338712238906,36.08297333943287,36.333397470669844,36.587022650628256,36.84615021619472,37.11329091605505,37.39007867064185,37.67603456981698,37.97079659378391,38.27442066449866,38.58795885803725,38.9138504008646,39.25217218753675,39.607747034571524,39.95938783443591,40.32137256376148,40.69572270986489,41.06948630069719,41.45301966675782,41.81297888965762,42.13787877780699,42.43313627937507,42.690689613616705,42.91206959337722,43.09902482731125,43.25603668178402,43.3892897222727,43.50657767643986,43.61718140102863,43.730589336785485,43.856249800954835,44.00328517662132,44.17761645807304,44.371820411763835,44.57749250749959,44.789860587955395,45.02140540949452,45.252872646619934,45.48984402678982,45.715775327872194,45.9135485675084,46.12137128007293,46.27122310611007,46.36001861609235,46.383044299465155,46.383352931826835,46.35767391040569,46.30797647032685,46.22254553204081,46.13457760310052,46.0635173059954,46.02550482865179,46.024775941671386,46.042409707812915,46.07625264865457,46.12957145744242,46.20285617310875,46.29917094856515,46.41096200086492,46.528509014696866,46.64375049321914,46.75426926070673,46.83964680561648,46.91659194564487,46.97912966975138,47.01377490871126,47.02897246832665,47.010899857454405,46.95715469816235,46.867059599190604,46.76595379874787,46.665986014599895,46.58451522061145,46.53268200794252,46.52308612144026,46.55540598502854,46.62464055397871,46.72436629980643,46.84803147031514,46.989481004898416,47.14314723927796,47.304141289786834,47.46954166721594,47.639242269143224,47.815064632147596,47.99792254232686,48.18560537880885,48.37251050326925,48.54958344734097,48.70152127861327,48.807353612972335,48.86372102406717,48.88624402554715,48.891637870481304,48.89332586296318,48.89859183554524,48.91762560460204,48.95641007594612,49.02397250941475,49.15203132009222,49.30442166765945,49.45294293578529,49.59427709362234,49.763351221709165,49.9486805869474,50.11978629022888,50.26951154100763,50.390915710667386,50.479227503797226,50.533311113087706,50.55501481929671,50.53927967920936,50.48436821884377,50.395166329142555,50.2982494977764,50.22066739395591,50.1709170023145,50.151433942098336,50.17180569121484,50.241592214638366,50.3605555139797,50.496288436552504,50.61282554194608,50.78497382271753,50.98533684648401,51.19552538288555,51.39751146969066,51.57889456393111,51.753579782588226,51.93279763675678,52.082310755765974,52.196746311865255,52.27868522395055,52.31926761939073,52.3277955756186,52.30155649198818,52.250410591501314,52.19298128448212,52.145957527816705,52.12297479171,52.14012316133311,52.20628272066504,52.30587395363204,52.428750903101715,52.57527572443737,52.71079925589601,52.85118662299233,52.9734762667574,53.06483089439906,53.119895589031195,53.13876420031006,53.11325608350693,53.048826213544196,52.929845134438146,52.80161828271496,52.69364206887514,52.54435117901529,52.39260554053158,52.266093813306426,52.18963890898664,52.15192587360776,52.15461347657787,52.20212884024864,52.305452101162686,52.45158734441231,52.60306378317249,52.72685796850757,52.82928948366915,52.915170380677836,52.97567194563226,53.00505598271924,53.001160787795776,52.95453487743544,52.86779061917543,52.75762239166773,52.64505882626442,52.54896185904797,52.47052545514244,52.41339528741866,52.372511555614246,52.34941443906054,52.341623293561206,52.358476347246274,52.40382306684661,52.47759274000276,52.5580493064897,52.63871245692136,52.7372448841447,52.8523034615798,52.96987810968804,53.06765309022216,53.13624335307117,53.18247661294994,53.206653923571146,53.20619613982322,53.181499366366694,53.145509105660686,53.10783666286868,53.083785811280855,53.08010036549909,53.1135174096068,53.17753165631418,53.26572622316196,53.37263634536646,53.49370853274684,53.62461766586644,53.76110251843993,53.899230991530864,54.04265868006925,54.176825345523376,54.30304476663928,54.40587107072068,54.48553933623278,54.53620291101891,54.56015259776733,54.560763920282646,54.5408270959485,54.50380190028841,54.46133221866488,54.42673210500077,54.413165833378486,54.416590375457915,54.43449824301299,54.47086118475875,54.520594141804864,54.5817535552275,54.65207382357612,54.72944853775104,54.81246962826106,54.900483482213666,54.992340100759684,55.08649626088523,55.17977979072506,55.26873580322984,55.34951762337451,55.41722670776248,55.46721765921621,55.500034649438625,55.51783644658528,55.52328543379898,55.51964806387509,55.51071634783702,55.50063895181822,55.49326491402861,55.49184203826992,55.49881971070766,55.51582925574151,55.54395121301598,55.584639751251125,55.638021414596636,55.70467499007222,55.784182074102475,55.87191692883005,55.97315807174306,56.09066804465479,56.211838282908346,56.32664894725601,56.44061102967251,56.55654886139468,56.673729362885446,56.797195654962124,56.91377027921181,57.02877930328174,57.13967419630461,57.24311577973207,57.335649699165394,57.41076940466761,57.47490898956067,57.523648350936334
35.66606404323639,35.919139992212315,36.170845282487605,36.4239774618212,36.68072295746891,36.943199272882524,37.21368724415282,37.493584206170475,37.78225890365766,38.07922703285381,38.384431690079154,38.698827812789446,39.02474650546644,39.36228670631017,39.71639503894678,40.06565046111539,40.42436461444271,40.794347049881154,41.162749792496754,41.53628389353813,41.88853785628077,42.20987235842727,42.49662790763603,42.74578871733214,42.959293130910396,43.13963040772508,43.291834187634095,43.42251947245065,43.539719795437904,43.652350989371804,43.769285260381885,43.89930925025141,44.05088413589991,44.22931854237909,44.42673320674358,44.63449409948337,44.84766613251769,45.07834601089262,45.30681915167083,45.53933763197451,45.75955406729609,45.94997510693107,46.148749918662276,46.28981860720248,46.37175793506479,46.388780118207855,46.38407044175605,46.35456432506754,46.30305082932621,46.21831502472398,46.13326531493583,46.06658593009593,46.03369436140303,46.038413547241866,46.06148579623622,46.09994547162045,46.15747427654008,46.23413536201429,46.33385592437258,46.44784400912937,46.56605651637669,46.67979693768635,46.786910174015766,46.8672000776951,46.93857835710907,46.995511349136976,47.02465567518223,47.035061065367934,47.01341711100108,46.95783224169884,46.86832556085733,46.77019092130558,46.67456115246425,46.598451887590926,46.55349898036429,46.5517837876138,46.59230126826736,46.669464117793964,46.776335325706206,46.90593272176116,47.05174087383553,47.207890584678935,47.36935073020797,47.53352963648705,47.70069757828095,47.872946743554955,48.05135437787776,48.233783187178645,48.4146554853974,48.5850005459059,48.73003024225965,48.82995605092811,48.88201768962812,48.90176102561687,48.90589606978639,48.90826344596485,48.91627178104527,48.93995731311353,48.984837065763614,49.059246811062074,49.19482158309372,49.35285494533919,49.5048586520488,49.64801728099024,49.817097001168186,49.99974767679264,50.16535886319453,50.3081199572006,50.4219056589962,50.502302473430476,50.54860770721333,50.563410622839434,50.54247190024829,50.48486691991733,50.39607281842024,50.302361033845315,50.230178588132304,50.18743142046565,50.17580896059308,50.204298317198564,50.28227595004035,50.408559954361735,50.5498589815536,50.66894754891648,50.84206968699212,51.04162201861412,51.249330216686545,51.44746700641469,51.62382718399276,51.7925319465955,51.964666151189974,52.106081896295485,52.216321279708126,52.290391164097045,52.32605991445546,52.3310344481713,52.30342918372221,52.253458042093406,52.19953900489395,52.15755393375241,52.14025946019244,52.16299201406799,52.233736877954016,52.3367760969199,52.46197074793272,52.60953402007815,52.744238803160606,52.8823445270123,53.00035332131344,53.08539485152937,53.13302915932744,53.144570480958286,53.11249899173392,53.04282052494797,52.92093862169379,52.79160472931037,52.68306551218036,52.5355965531733,52.388240873107016,52.26913568036583,52.20140699272517,52.17256885939358,52.1835409619225,52.23742606221117,52.344280232425554,52.49120560229922,52.641220569584235,52.76189533883212,52.859902773992935,52.940134587670485,52.99411215541301,53.016636333335164,53.006321431757904,52.95443788098837,52.86424626944758,52.75265000537062,52.640809861690926,52.54766662652413,52.47369569413312,52.42195429125194,52.387065624274996,52.370273735904874,52.368591966052826,52.39126232809586,52.44179487986534,52.51977217692008,52.60277200368147,52.68395520646571,52.78106645189934,52.89273996090704,53.00564702596913,53.09817878834462,53.16139896217069,53.20259863590862,53.22256470757579,53.21931166559874,53.19369935313947,53.15858047577376,53.12336195878006,53.10297653759263,53.103769287215094,53.14208770366122,53.21107770021355,53.30396559665198,53.41498512335548,53.53930606001992,53.672336798132804,53.80956061806185,53.946806322556455,54.08764421360807,54.2176186662333,54.33851438892904,54.435351878087666,54.50887896244286,54.553585975882655,54.572192872205235,54.56853928232631,54.54595223002161,54.50831080797566,54.46708522224049,54.43515408417587,54.425162676306016,54.43281199883713,54.45533041243793,54.496362304122194,54.55064545154826,54.61601267752485,54.689961672700704,54.770168105394674,54.85502806036347,54.943698186405115,55.0348217535732,55.12675127719769,55.21666117300692,55.30153563851796,55.377946541321535,55.44141644800812,55.487680818278385,55.517433899909335,55.53295212579073,55.53702289902162,55.53302270077261,55.52484285604682,55.51667516492117,55.512214620222004,55.51447446932257,55.525652749271565,55.54714388927583,55.57984294521745,55.625101348624604,55.68286642193338,55.75352688103185,55.836432035047935,55.92664630181701,56.02946429367939,56.14778570280569,56.268903111631055,56.38286441638059,56.49544211945317,56.609598286051614,56.72461178462796,56.84555663787933,56.959205335949385,57.07099603526589,57.17847929218505,57.27843262139036,57.36752670142488,57.4393649448923,57.50046057316317,57.545916134125946
35.75081744836819,36.005263955407656,36.25913211730402,36.514956157350625,36.77475201956157,37.040462705768796,37.31415104697603,37.596990834168416,37.88820689038861,38.18719918023741,38.49380424610472,38.80888565693342,39.13467050532361,39.471278925616936,39.8237297145005,40.17052618768906,40.52589920699411,40.891414416706574,41.25441415741728,41.6179055851103,41.96247717034205,42.28032319774636,42.558740366179435,42.799735465930254,43.005624022028414,43.17962719938613,43.32730373315674,43.4556764139068,43.57299445637705,43.6877886957548,43.80830284527024,43.94265483281278,44.09864160097869,44.280968169141815,44.481336416886144,44.69092192809903,44.90465623357468,45.134205682586554,45.35955967895917,45.587510323446935,45.801947969985335,45.98510367492336,46.17485101620941,46.30728498628675,46.38253301597407,46.39390500213285,46.38449674651588,46.35149085320859,46.29844160567216,46.21473693567956,46.13284728749759,46.070692196403556,46.04294979797117,46.052999786902,46.08139011500474,46.12425058601257,46.18575456029278,46.26557132830173,46.368435115459285,46.48438400234258,46.603056553072314,46.71511584543171,46.818759294380186,46.89407128159793,46.95999738296869,47.01146284744903,47.0353451188969,47.041169264405895,47.01618155487014,46.959011059351404,46.870418753797786,46.77553898579257,46.68449004160484,46.61385248332442,46.575793949826654,46.581855198328526,46.63035756667917,46.715156160283414,46.82883821602311,46.9640295584622,47.11388769023578,47.272267756042446,47.434009583362986,47.596838526244106,47.76138219542405,47.92998957527533,48.10389831282753,48.28105337122692,48.45592118741719,48.61964289428385,48.75796250485,48.852235438310345,48.90025603427907,48.91747604021069,48.92060250768899,48.923881855247586,48.93479803506322,48.963188672779964,49.01406866153008,49.09509598064287,49.23786400767561,49.40112774538419,49.55620254221872,49.70091161095717,49.86976003151797,50.04953700993724,50.20963670492791,50.345534842953384,50.45183827509746,50.52451501439102,50.56331683596858,50.57153462334206,50.54573930488846,50.48580654320991,50.397779050835624,50.30756275050416,50.24095562058174,50.205273223772636,50.20145636662139,50.23787896441424,50.323823725718285,50.45706782052363,50.60352087761004,50.72487540265865,50.89874076173915,51.0972596894724,51.30230354812726,51.49648242821609,51.667799934189404,51.830547265629335,51.995622699049086,52.12916899462048,52.23528287551833,52.3017173886356,52.33274511507834,52.33443176936333,52.3057051009162,52.25710587551534,52.206836001296054,52.16993335198315,52.15825836584144,52.18638758356342,52.26142121550843,52.367593857718774,52.49481273831558,52.643089694348774,52.776801204888685,52.91242499118562,53.026090247202724,53.104913136973984,53.14532508345285,53.14976878407098,53.11141943980087,53.03680006379861,52.91252362348228,52.78242650420621,52.67324128546324,52.52776948453076,52.384901136759304,52.273255299193295,52.214172926748596,52.19398639068903,52.21293856114946,52.27284197219528,52.38285171592742,52.53018205764257,52.678485970765124,52.795987578344004,52.889586185297645,52.96420904352749,53.0117790827355,53.02764623685907,53.01114532801427,52.95429409290393,52.860973838730736,52.748259479497044,52.637400824965574,52.54737344552508,52.477937911055584,52.43152674311284,52.402509394321804,52.391840205140255,52.39605499172925,52.424311097497764,52.47978296464809,52.561712883089534,52.64705717470886,52.72864839059485,52.82427104765074,52.93253873202248,53.0407980594328,53.12816601880079,53.18616279535975,53.22251693610266,53.23850024641968,53.232694978751596,53.20641785722261,53.17237679394364,53.13978960986859,53.12316774283566,53.12848111773616,53.17159363063559,53.24535861823978,53.34268072804752,53.45752342906471,53.58480544406584,53.719692868151206,53.85743683916498,53.99364609747239,54.13175624851837,54.25751717774113,54.37311694797495,54.464093422585954,54.53163593313372,54.57060590159074,54.58413174911293,54.57649217996244,54.55153313398325,54.51353854125054,54.47377560879265,54.44465634268497,54.43825455503336,54.450075322325795,54.47710592943452,54.52261871205459,54.581228516504844,54.65056488539518,54.72790644206696,54.81072727197764,54.89724182300355,54.98642905928801,55.07673665409608,55.166417959206214,55.25298192969701,55.3338394696187,55.40597422369198,55.46532823108867,55.5080176475323,55.53488037432505,55.54830054567098,55.55117936162638,55.54699209232492,55.53971742823096,55.53357805465472,55.532107175505445,55.53807845585822,55.5534359544758,55.579337898955856,55.61649812542672,55.66617406575819,55.728147804294274,55.802629561831395,55.88874778548966,55.98127217187243,56.085516518287356,56.20451356962791,56.325466683469095,56.43850393641693,56.54964633248545,56.66198806905018,56.77482240100059,56.893205498837716,57.00396326310334,57.112586772225704,57.21672563487141,57.313274806543525,57.39903018468431,57.467736945415176,57.52592764995005,57.56827938378719
35.83585870249116,36.09177991770425,36.34784598810029,36.606333615020155,36.86909560172348,37.13791110805208,37.414638495760904,37.7002426193498,37.993813258858296,38.294641295063194,38.60246303301241,38.91805636722273,39.243548413923875,39.579078960853074,39.92968347987268,40.27395695666865,40.625927830949465,40.98688403276284,41.344449155943146,41.697898953964035,42.03482901503257,42.349236649544494,42.61949487703386,42.85256664736913,43.0511124587429,43.219075324486326,43.36251012240796,43.48882380115911,43.60645658934053,43.723535166139214,43.847664100953864,43.98628745824243,44.14653701219728,44.332525270307194,44.53557446043529,44.74671012842689,44.96076082612253,45.188914141230704,45.411037183380806,45.63432039130793,45.8429324480768,46.01893296643148,46.199689095688285,46.32365325749547,46.39238384645841,46.398474042958306,46.38469580441795,46.34852300464778,46.294216529188475,46.21187564871738,46.13337726979245,46.07587584320214,46.053295701261945,46.06854131924503,46.10211634002016,46.14914863401168,46.21438265354786,46.29713101267206,46.40286605653114,46.520536248984854,46.63946361087029,46.74966500437401,46.84978486314497,46.92024875223492,46.98085516765009,47.02700638683852,47.04588430687461,47.04735112451807,47.01925585554306,46.9607569750202,46.87340416331021,46.78205646830904,46.69582344413991,46.6307539282187,46.59958608297315,46.61329933522796,46.669552671604336,46.76167394706225,46.88181434074647,47.02224785853191,47.175839541807946,47.33619553589001,47.49803983109798,47.659400356575816,47.82124119821974,47.98615289088391,48.15552952376049,48.32740683127248,48.49631451405616,48.65353376908468,48.78535722002756,48.8742435654995,48.91849541284958,48.93345112591525,48.93581771928361,48.94023561014883,48.954213899389394,48.98734608993534,49.0441079293036,49.131495786161764,49.28110760468232,49.44916716075072,49.60688759269197,49.75287183094475,49.92125760133866,50.09797783017631,50.2525728721619,50.381736529079056,50.48071672310948,50.54588831637932,50.57748067918525,50.579444237402576,50.54914957290987,50.48725896738756,50.400354331581056,50.31391515767172,50.25304536201524,50.22447212320407,50.22838603642421,50.272535344409604,50.366204430789196,50.506027320497154,50.65720436823435,50.78053583794299,50.95491964870923,51.15219117560454,51.35439673652038,51.544521216287066,51.71079103055247,51.86761924613126,52.02567538997449,52.15159093898757,52.25350318700882,52.312712110637854,52.339379901924396,52.33804629710687,52.308439460776896,52.26139991826949,52.214903895021905,52.18310896136387,52.17696384453895,52.210281207836246,52.28928890105544,52.39826867563542,52.52721320958679,52.67587598652779,52.80842814322361,52.94137677110296,53.05065066968926,53.12337161045002,53.15679323456816,53.15438703559165,53.110059689434145,53.03081643216667,52.90466581941347,52.77415109571113,52.66421574563169,52.52090768156601,52.38261212739878,52.27846899292306,52.22793502012666,52.21614963866554,52.24274871552636,52.30829688720724,52.4210779093371,52.56842916103398,52.7147846008118,52.829079286373876,52.918304243451054,52.98737663903411,53.02867485488648,53.03810750911717,53.01566985595461,52.954152910104845,52.858029371706266,52.74450825530135,52.634885808746795,52.54812844090639,52.483287622083935,52.442133358843286,52.418848098728525,52.41410313611417,52.42398717371033,52.457584862420156,52.51773912824801,52.60335876121394,52.69084692668467,52.7727399668164,52.866817473307265,52.9716740163557,53.07532243943381,53.157622547939454,53.21055836680924,53.24226840483728,53.254508022552095,53.24639936465538,53.21970884361589,53.18694634449358,53.157158911901234,53.144386085653544,53.15425013117492,53.20203387694746,53.28035747864947,53.381840532485185,53.500208651077635,53.63015597404127,53.766631204429295,53.90467736189134,54.039702595252315,54.174954627897606,54.29649455087207,54.40684125412346,54.49210271960209,54.553833143221546,54.587300868087205,54.596020743817654,54.58468389649901,54.55763587776881,54.51955034005887,54.481462839819656,54.455288835821676,54.452477768795625,54.46840252867168,54.49983357609923,54.549623952332894,54.612322620435954,54.68537714965457,54.76586554136223,54.85107731589327,54.939060024732136,55.0286274425392,55.118043212897994,55.20546659157882,55.288727297575036,55.365648673591906,55.433617760616606,55.48899294663784,55.52826970827955,55.5524230339947,55.56393482835794,55.565808892312454,55.56160817966332,55.55538695396417,55.55138669001696,55.552971386037896,55.562670580498235,55.58217230849423,55.61239996473731,55.65389108819089,55.707818356805326,55.77381351559869,55.85192068754647,55.94105973492513,56.0357217694551,56.1412428409215,56.26078366077658,56.38146762892264,56.49351516844131,56.603181331217975,56.71368598170871,56.824338998716364,56.94012712839759,57.04803929033429,57.15355670615573,57.254427800768596,57.34766555143942,57.43019108030397,57.49592480891013,57.55135544174607,57.590791262059575
35.92121285004945,36.178708784831265,36.43699903909455,36.698109892591816,36.96373946877183,37.23551507293091,37.51510576174371,37.803283626428765,38.09901273791519,38.4014816364596,38.71033275123928,39.026263920410955,39.35130624475493,39.68561692741461,40.03418875370325,40.375884710565884,40.7244019758426,41.08071512047162,41.432824548558756,41.77627821258909,42.10562557354347,42.416618067601846,42.67891266222797,42.90431904960687,43.09580863306547,43.25803490521753,43.397518159443756,43.52202488872557,43.64016112441143,43.75963104648664,43.88739103693606,44.030208036143826,44.194549809895314,44.383949777821165,44.58939175563483,44.80179283554732,45.01590984515743,45.24240110347948,45.461194619831545,45.67972612565836,45.88248291370736,46.05146167640161,46.223278680072845,46.33895443496123,46.40135041415601,46.4025423324024,46.384731573773884,46.34573028920416,46.290443329698974,46.20979554764722,46.1349090108271,46.082176608775484,46.06475663418105,46.0850448028641,46.12365814718423,46.174620257798495,46.24332890115271,46.32878135582626,46.437106282293996,46.55625501753646,46.67523217585717,46.78340220243202,46.87995512165516,46.945720824516044,47.00115785557961,47.04216418945643,47.05631430613472,47.05366070478197,47.02270267950127,46.96313581260546,46.87734677469277,46.78980184495511,46.70861212218772,46.64919314268057,46.62489454644736,46.64611517995562,46.70986437438323,46.808974743745615,46.93520306986562,47.08051350008399,47.237514516260866,47.39959070674322,47.56136345525907,47.721147147570775,47.88021966431528,48.04139645395587,48.206223187260896,48.37283446763407,48.535842370041856,48.68669644691823,48.812253541435496,48.8960322228761,48.936795180169135,48.94974833931717,48.951602239664744,48.95737923000603,48.974562675814084,49.01245597091376,49.07495793514225,49.16842199562338,49.32450138495826,49.496900284394975,49.6568267898654,49.80380968837461,49.97150699921042,50.14499938130502,50.29412042162935,50.41670534639076,50.50854416717064,50.566445569095805,50.59114141669506,50.5871968816189,50.5527703840925,50.48929607111632,50.4038679658489,50.32147876526675,50.266494683143904,50.24505782972864,50.25660784624255,50.30825516873243,50.4093869543701,50.55538666231413,50.71083969693911,50.83585558953989,51.01053894965299,51.20635779355629,51.4055611411786,51.59154685181984,51.752778689113356,51.903741394542884,52.05483233360655,52.17336661764332,52.270854301892555,52.32342354317542,52.34602095565863,52.34193678931412,52.31168748051098,52.26638599685829,52.223774307404966,52.19709394074951,52.196368232166954,52.23464422490336,52.31729310232218,52.42874199027661,52.559108497082754,52.70782613589369,52.839061300308714,52.96914862235506,53.07399821403698,53.14075613167461,53.16744348583399,53.15845316146379,53.10846200236018,53.02492123212267,52.89743088909722,52.76684599213386,52.65603524959366,52.51504885275752,52.38139964093574,52.28479308468935,52.24269158192909,52.239029774494526,52.27291386632092,52.34371112425335,52.45887017032333,52.60585936306505,52.750041073820896,52.86111506225231,52.94602147432098,53.00962026497563,53.044801599152656,53.04804196593568,53.01993239496865,52.95406372951379,52.855468913055525,52.7414537740379,52.63331890569297,52.549977737523655,52.489780343392255,52.45379485428522,52.43608697046901,52.4370518181741,52.452363315116,52.49104582983126,52.555615177718316,52.644653713996085,52.73408336672174,52.81617789263801,52.90866453077729,53.010120055336266,53.1092113953269,53.186556142109374,53.23460919069012,53.261889933417734,53.27063551842231,53.26047810868372,53.23362627731915,53.202337411746754,53.17550916064498,53.16665822468992,53.18109060164398,53.233407129014374,53.316057349699236,53.42141392510144,53.542998177977765,53.67530693910288,53.81309713547467,53.95122836638286,54.08492809487002,54.21719919484322,54.33452445645139,54.439676117721014,54.51938678452264,54.575493487622566,54.60370905531609,54.60791137164669,54.59317571524395,54.56432653131366,54.52641144434654,54.49020637681977,54.467101518879694,54.46786861682794,54.48781580062257,54.52352213452853,54.57737156873409,54.643907047102985,54.72041644111915,54.80379638027375,54.89116951553489,54.98043177410008,55.07024467783546,55.1586998405486,55.243867458983516,55.32388251342066,55.39696462749736,55.46089424222611,55.51244148428941,55.548478561821724,55.57011084022707,55.579908095983484,55.580965561779,55.57692290391915,55.57189832282119,55.57014014000603,55.57483605797832,55.58826742586398,55.61186479350073,55.64631876657588,55.69199616805701,55.749994675919446,55.819811509766055,55.90133791325266,55.99329829285192,56.08992232502373,56.19657135693625,56.31652799190682,56.43684457849185,56.54784577352998,56.65600477809947,56.76465979534555,56.87313936448833,56.98630641711925,57.09142864730291,57.193911029050454,57.29160036628146,57.38162807232594,57.4610403196442,57.523967938051086,57.576789170375896,57.61350493108246
36.006904935487206,36.266071462517864,36.52660341450495,36.790285047827645,37.05866938552381,37.333245193603815,37.6155090161607,37.906057920119395,38.2037400564078,38.50764846355509,38.81733810122236,39.13343229325161,39.457870011304514,39.79082294069761,40.137177954632165,40.476251391892454,40.821273131207306,41.1728669022546,41.519510095748494,41.85305757347523,42.174899029065884,42.48247280569867,42.73701494379032,42.95502946060159,43.13976273700774,43.29656606377162,43.43239264832013,43.55534293112413,43.674162991672944,43.79611698275868,43.927505662720144,44.07441747612043,44.24265943441241,44.435201623629695,44.642732720728546,44.85610418454068,45.070033225675594,45.294596285987275,45.50997494320726,45.72368581659908,45.920574779013904,46.08268849977997,46.245634292337044,46.35321953281663,46.40947270670509,46.406164962183304,46.384668012895325,46.3431822166967,46.28718973702743,46.2085610162789,46.13749625960816,46.089634231407494,46.07735715963424,46.10251689635244,46.14600921239867,46.20064609955373,46.27256364795468,46.360489298465325,46.47111332745375,46.59149457647769,46.71031673411948,46.816285227524546,46.90923831125579,46.970475833351294,47.02091159118359,47.05695847745371,47.06667618369656,47.060152064275144,47.026584693226226,46.96621339600731,46.88231157324369,46.798833591830956,46.72290683786652,46.66920704711679,46.651738506892826,46.680301714155014,46.75127046635623,46.85701581594869,46.988943773369854,47.13875236123202,47.29883070130333,47.46237005112359,47.62390243769244,47.78201091931769,47.938262671357926,48.09568002806642,48.25595447991304,48.417327180630515,48.57451166010184,48.719154204394336,48.83869062271702,48.91765320082061,48.955214691067276,48.966429737003075,48.968016603926856,48.97536723415655,48.99588766612762,49.03854472204924,49.10662174510413,49.20585037703237,49.36799435934782,49.54425420927317,49.70593312013593,49.85363693066842,50.020425513713484,50.19053090711848,50.334232410063144,50.450421625701544,50.53532377141926,50.58620996224092,50.60434122832976,50.594849972589,50.556669418216345,50.4919897330622,50.40838925883152,50.330314083208016,50.28135045467877,50.26706005431491,50.286131672317374,50.34502614893041,50.45334018557804,50.605094054006344,50.76435710723684,50.890761392219765,51.06553126632104,51.25970085987335,51.45574812141466,51.63752281600665,51.79374112590348,51.93890721730576,52.08310163958567,52.19451491883437,52.287211895527825,52.33389989931994,52.35272495694604,52.3461620038972,52.31550437732517,52.272109937784094,52.23347885977871,52.21190146899501,52.21646386460737,52.259447972781636,52.34538698703583,52.45895524124909,52.590434936139964,52.73887338172507,52.86864235828732,52.995689300532625,53.09609650550987,53.157052560364924,53.17728571041105,53.16199508763087,53.10666864030538,53.01916606573719,52.89088451214344,52.76057868178306,52.64874615425705,52.510230706583634,52.381289473280496,52.292243897626356,52.258440921225656,52.26259796934741,52.303376454800734,52.37900500033987,52.49613985655495,52.64238511432743,52.78418000388915,52.89203950530991,52.972702403775195,53.03092281213735,53.060161442820764,53.05747142314082,53.02397032444611,52.95407594805346,52.85334850745983,52.73915347696107,52.632754208462465,52.55296746023243,52.49745159115463,52.46653194528056,52.45423124251713,52.46067554066751,52.48115821906615,52.524656206699206,52.593362920112206,52.68554164413873,52.77670860193285,52.85891012556729,52.94977102196926,53.04785109039374,53.1424561564668,53.21497456765929,53.25833878117324,53.28141841314926,53.28693021647958,53.27498449621021,53.24822412333215,53.21859828002641,53.19487965186677,53.19001081858838,53.20901680325599,53.265712073253866,53.35244129964562,53.461369821032896,53.585849398348586,53.72020762840732,53.859035989795025,53.99703603278155,54.129274875299146,54.25844979245261,54.37158056530429,54.47161034911408,54.545952632734185,54.596639861252974,54.61986864322145,54.619855147927275,54.60202891950522,54.57167116455319,54.534187094059426,54.50006568129132,54.4801443471526,54.48446339836541,54.50833732092626,54.548180386818856,54.60585510503511,54.67596108026731,54.75564973060502,54.84165636848883,54.930955149295755,55.02130617965829,55.11123210685366,55.198664947617544,55.281590846088356,55.35843281401359,55.427788708394885,55.4878207586512,55.53570473367707,55.5686857694604,55.58799275433109,55.59627347067951,55.59670344072514,55.59298820622377,55.589298424376736,55.58987747362002,55.597729997485594,55.61488557457681,55.64251639166918,55.681082984427306,55.73078769957214,55.79266347725397,55.86608974071576,55.95081889402555,56.04539386876747,56.143801069037096,56.25143016168617,56.371678578673745,56.491536162676915,56.60144341275918,56.708074335578566,56.81487728127902,56.92120128502948,57.03172825556307,57.13412656366983,57.233654932904415,57.32825790781489,57.41518558545093,57.49160883406534,57.55190573551189,57.60227405766425,57.63647355299533
36.092960003248564,36.353888856493256,36.61667125854962,36.882859138489685,37.153871116796644,37.43107206326931,37.71580443024813,38.008509565135846,38.30792994318461,38.613070035478124,38.92340378339869,39.23948546249825,39.563165727060344,39.894627116098114,40.23858350129941,40.574998943160125,40.9164927865774,41.26329860053344,41.60447555799675,41.92825124911219,42.242681564790935,42.546806217615135,42.79382294374956,43.00473466831137,43.18302496258133,43.33472892234052,43.467198393093106,43.58884118287276,43.70851712120823,43.83303362091697,43.968029987809444,44.11891668777574,44.29084532608824,44.486240739678784,44.695541773960244,44.90957831048734,45.12306090267317,45.34542940540849,45.55732110840378,45.76615775423094,45.95718345613325,46.112612131512726,46.26677045545481,46.36647956519424,46.41679071174389,46.409397024019185,46.3845690800939,46.340948296944404,46.284523480997635,46.20823643842224,46.14119276514234,46.098288449382004,46.091121840527194,46.12096425830322,46.169163211565206,46.2272068014581,46.30205723880114,46.39222178129026,46.50484472671624,46.62620919428883,46.7446717717438,46.84827186757035,46.93760267329187,46.99450211365067,47.04012251888839,47.07141147298136,47.07701100657947,47.06687926207513,47.03096456319936,46.97005554912598,46.888363544261146,46.80921018503672,46.73875835329456,46.69083256193415,46.68013713095311,46.71585791946966,46.79374873886368,46.90575442928662,47.04297582124853,47.196890320089736,47.35970618464414,47.524450351552744,47.68557876024421,47.84192369190518,47.99531529699493,48.14896337679072,48.30469857830115,48.46087587058055,48.61232928896361,48.75093031812284,48.86470761751533,48.93915828971352,48.97381330037355,48.983557375559606,48.98512134716444,48.994254141937844,49.0182321721203,49.065638749675855,49.139102425247344,49.24375669839337,49.411535538695446,49.59115602834152,49.75411956990041,49.90226530524778,50.067930433427975,50.234501651411826,50.37286189419614,50.48286569782455,50.56105869999366,50.60520468551513,50.61712229392112,50.602460926910815,50.560914355061385,50.49541183189122,50.41398751572127,50.34048162141433,50.29765954733092,50.290508507931555,50.31696739088967,50.38283599655136,50.498033013530055,50.65509770360557,50.81768684264011,50.94517998075298,51.119829200463975,51.31216169110144,51.50490903654125,51.68241259003968,51.833656556954246,51.97311022086144,52.1104914175522,52.21505473080725,52.30256405101505,52.34418939214301,52.35954858645167,52.35078069876836,52.31994536842615,52.27861756754932,52.24404917347655,52.22754472495532,52.237243077742136,52.284663789487965,52.37352372292348,52.48884986815967,52.62112886209486,52.76895096330045,52.897112999302784,53.020947561226386,53.11690916937189,53.172246756238046,53.186329781459975,53.16504074003641,53.10472186499616,53.013602535080715,52.88509236816199,52.755416652967455,52.64239481652979,52.50649095152279,52.38230742034337,52.300837754868326,52.27518134708611,52.28682539439557,52.33407892223351,52.41409883247309,52.53279832570069,52.677918865412735,52.81712600511322,52.921797214877294,52.99831155768151,53.05126717130451,53.07475651317751,53.0664176965588,53.027821023776696,52.954238962646556,52.851724199600554,52.737664805325224,52.6332458097137,52.557143733888346,52.5063368815451,52.48036534767123,52.47328614784673,52.48496359294191,52.51034668868068,52.55837819999224,52.630934162482866,52.72596645434465,52.81866473943087,52.90088462311192,52.99009574879151,53.084841362957704,53.175047952208246,53.24288559093801,53.28177065242956,53.300890735337106,53.30343959917322,53.28997181260844,53.26355634665471,53.23577723365574,53.215309681333565,53.21447052599254,53.23804301012356,53.29894739608349,53.38949239674524,53.50167713541603,53.62871970077357,53.76480733111128,53.90439309589795,54.0420465412294,54.17269521551347,54.298666263823215,54.407636548256036,54.502632758649085,54.571807279623314,54.61729515902899,54.635817811747316,54.6319035879867,54.61130479259077,54.57973584742276,54.54294252914338,54.51110021473254,54.494467275934085,54.50229841264312,54.52998927233051,54.57381711506669,54.63506810501298,54.7084640036903,54.79104398892834,54.879402915694726,54.97038549556923,55.06163234995763,55.15154107127057,55.23789694467447,55.31860703756133,55.392363436133515,55.45812229334429,55.51441440002264,55.55881358443456,55.588932892497205,55.606117737615584,55.61308407457793,55.613076599850054,55.609856027708474,55.60763414820549,55.61063775985706,55.6216820107187,55.64254160925805,55.67413008517348,55.716681298247266,55.770240017283335,55.83578521496238,55.91259616236729,56.00030128494074,56.09727687216939,56.19728523195386,56.305747350525735,56.42616743673247,56.545481011978,56.65425574720522,56.75934766610397,56.864306210827465,56.96850254705285,57.07637753428925,57.17612826909568,57.27279360971211,57.3644150017738,57.4483613070623,57.52192755492769,57.579777603966434,57.627855325435846,57.6597502899376
36.179403097777694,36.44218187248659,36.707214715446746,36.975832222339974,37.24933042740752,37.52896627512595,37.81594817524226,38.110582626192226,38.41151712709409,38.71767461135716,39.028454498205335,39.34434740490444,39.667119405510135,39.99695956901217,40.33833781234493,40.67206930688057,41.01001243148665,41.35196943772982,41.6876906957879,42.00187345198972,42.30900536390976,42.60962365713147,42.84935788413427,43.053471460694325,43.22564550179787,43.372583603116084,43.50200019781868,43.622582898489455,43.743278443100444,43.87042160692307,44.00898602170728,44.163706580713225,44.33908692526238,44.53702705791434,44.747763333573715,44.96214934846765,45.174922811146374,45.394830178397555,45.603176070316934,45.807100228654754,45.992284357202315,46.14123126654609,46.28670169240011,46.37876554622664,46.423344416910595,46.41229360962819,46.38449873368123,46.33909803976627,46.28251229143339,46.20888619788703,46.14605227643627,46.10817900098286,46.10607523976563,46.140393547309664,46.19311382058556,46.25428300569235,46.331780018539455,46.423945745002065,46.53825801478735,46.66035313945017,46.778251774816646,46.879319910488256,46.965016449108454,47.01778800032412,47.058796783120336,47.085545398190334,47.08735984180283,47.073896357259436,47.03590495590216,46.97472809586162,46.89556767304337,46.82099010067256,46.75621743059007,46.71410660753944,46.71010958527177,46.75278277754309,46.837276983245935,46.95514784937459,47.09723858349098,47.25485325477074,47.42005905399209,47.58574839055219,47.74631440476054,47.90081748542192,48.05132261887353,48.20120626370396,48.35243065900955,48.50347143780302,48.649302161354754,48.78204806471358,48.89034367947362,48.960599279935316,48.992650362917466,49.00119331157342,49.002977004471965,49.014094472687304,49.04163949558242,49.09376446012763,49.17240304162998,49.28211672771099,49.45507393384555,49.637532834556275,49.801299125555765,49.94960655953436,50.11393904693409,50.27684085798019,50.40996193076121,50.51401789357288,50.58575211703221,50.62345292861887,50.62952679330089,50.61008716118231,50.56557287440759,50.49963424626944,50.420732041710494,50.35204188980439,50.31546883181144,50.31543290154721,50.34912487820043,50.421672423142965,50.543434327343164,50.70534582116499,50.87075914666143,50.99903808990995,51.173365353832416,51.36368160378625,51.55299524587104,51.72617965511117,51.872503198297075,52.00634391165152,52.13700977714653,52.23500494180861,52.317030901545124,52.35434023471627,52.36654852484053,52.35585163183975,52.325065671020646,52.285954712656334,52.25551686983199,52.24403688748533,52.25869820745323,52.310263013039204,52.401656477712336,52.51836731061504,52.65112661028392,52.797992119898375,52.92441490549844,53.044872160027005,53.136399830887036,53.186324579011156,53.19458557214148,53.16761804462391,53.102663938158955,53.00828224222383,52.88012013676275,52.75142739399571,52.637027593319814,52.50386729605337,52.384479278034696,52.31059097954944,52.2929111685802,52.31168322081046,52.36496370988687,52.44891293765927,52.568756935429384,52.712373066912576,52.84880369158974,52.95033279028505,53.0228134619077,53.0706362332624,53.08858893750964,53.074902602015854,53.031521872350154,52.95460217021576,52.85065203415899,52.737045200384706,52.63484780210507,52.562552683346944,52.51647173073779,52.49531577729918,52.49325691943171,52.5099052643448,52.539903527079474,52.59217401667854,52.66828071188351,52.76587204731665,52.85989388632859,52.9420493427795,53.029597513152424,53.12106511445772,53.206978011906045,53.2702969782943,53.304928318629976,53.32034379128648,53.32021114895245,53.305493343252046,53.2796769122866,53.25392255695795,53.23683854481236,53.24006400554603,53.268183496359285,53.33311178392076,53.42719370925467,53.54230478338743,53.67156647383625,53.809055336371394,53.949113782291086,54.08620607186839,54.21514139448666,54.33780845205247,54.44266607613188,54.53273215667249,54.59695774057657,54.63748227586681,54.65159474083773,54.64410820715218,54.62106461780854,54.58858664985776,54.552742989544306,54.52336943864173,54.51012026051776,54.52140995889617,54.55279383758312,54.600441101368546,54.665004112444606,54.741395101133335,54.82656618690515,54.91699343157875,55.00941183274857,55.10135939354894,55.191122912763035,55.27635424228904,55.35488631807053,55.42565961656009,55.48796675940539,55.54069225647115,55.581798926195624,55.60926149223367,55.62453475138941,55.630393029810605,55.630139109852884,55.62757830950462,55.62695238388228,55.632460067715265,55.64672090383655,55.671252112529075,55.70670885618747,55.75310238799147,55.81032745573764,55.879320343198074,55.95927872864002,56.04972274107382,56.14887771255511,56.25030204423281,56.35945101880946,56.479926581738134,56.5986177568953,56.7062304379443,56.80978243212434,56.91291435530921,57.01502093727147,57.120239143858164,57.217428993241086,57.31133225146807,57.40008622456308,57.48117845340789,57.552027413591546,57.60762294608863,57.65357819551539,57.68338830404871
36.26625926351874,36.53097141622705,36.79824592941444,37.06920435714052,37.34503308217367,37.626898422372264,37.91589642237932,38.21222116800267,38.514436336984744,38.82139045032065,39.13241494607931,39.44794209722371,39.76965706014164,40.097750414835815,40.4363733064087,40.76740442556553,41.10178355546886,41.438838636265416,41.769125269606334,42.073938394597555,42.3739026096135,42.67093047802789,42.90364098697309,43.10127662570856,43.26767454666896,43.4101902282902,43.536862866552866,43.65663133249217,43.778501887432746,43.90832158673861,44.05039577391695,44.20878806453635,44.38736367227452,44.587520510282324,44.79934181781276,45.01375143356194,45.22554888609138,45.44272832160885,45.64748278384259,45.846471529971396,46.02585289435795,46.168544599826284,46.305442526146884,46.390108490046416,46.42917380984344,46.41490981072852,46.38452093196894,46.33770095498129,46.28122389815847,46.2105746784831,46.15212854249663,46.11934562449392,46.12224192025528,46.16081142196495,46.21785471536146,46.28185535443721,46.361702332016954,46.45562813030171,46.57131072637294,46.69388068044198,46.811011229424594,46.909387144197005,46.99144788005056,47.040321828281655,47.0769405283058,47.09938247523162,47.09776375638596,47.08125740890562,47.04146853781605,46.98029686011444,46.90398894488853,46.834231814838624,46.77533483187132,46.73906610433942,46.741675036492346,46.791075270018816,46.88183299084339,47.00515334182774,47.1516714300865,47.3125670433887,47.47980739705601,47.64618095064351,47.806031353087555,47.95862431995654,48.106229714640975,48.25236845238134,48.3991258986225,48.545104782616654,48.68543718200279,48.812530720776365,48.91563796223511,48.98202796186648,49.011785233528556,49.01939960163111,49.021644110943924,49.034942745742384,49.06615293830427,49.12294825973863,49.20652666031012,49.32090623298991,49.49855855564253,49.68331172087363,49.847384773498874,49.99557244094979,50.15836864281199,50.31747777061872,50.445485576491215,50.543858543759626,50.60940718667321,50.640977881252574,50.641596906300805,50.61778609200145,50.57071265603498,50.50472885486287,50.42869214199157,50.365055398297045,50.33482517883135,50.34186294613047,50.382614010490606,50.461523140253014,50.589512828457565,50.75579025918381,50.923510651790394,51.05226245446105,51.226072328176976,51.41420191447351,51.599958108716756,51.768787492413324,51.91025926596334,52.038601796117526,52.162664828009035,52.254384440085026,52.33074012839222,52.36440064011136,52.373781452777635,52.36143356102353,52.33092050231535,52.29416719960757,52.26791357017849,52.26139113544003,52.28082158962258,52.336216981452246,52.429738419129514,52.54744900822203,52.680364516043575,52.82593009079735,52.95048975901765,53.067411852525254,53.15453211531924,53.19927188840137,53.2020629556162,53.16975492733686,53.10053712152016,53.00325678923704,52.876033497555596,52.748678393176526,52.632690841535,52.50239744865376,52.38783084226473,52.321519894803934,52.31162869477766,52.33714261882665,52.39597338994939,52.4833676329047,52.60392704340983,52.745660169418585,52.87913767741543,52.9775908308638,53.046172642321565,53.08901288879631,53.10166084310388,53.08294795533817,53.03511024955619,52.95521496768377,52.85018805581657,52.73735210339388,52.63761427829495,52.569240433463804,52.52789165490673,52.51140395000632,52.51414879024587,52.535489844223655,52.56980353738245,52.62600586372629,52.705354375367314,52.80520232575748,52.90033814973883,52.982352242077695,53.068235116960444,53.15649658632337,53.238237564914854,53.297216496076935,53.32783529394541,53.33981447230264,53.3372923482666,53.321602373514615,53.29663978522761,53.27308253425629,53.25950553807008,53.266817915892474,53.29945253607582,53.36820392318326,53.4655283054305,53.583221680083575,53.7143471061201,53.85290093334436,53.993143377482106,54.1294608048405,54.256565691192456,54.37583620023784,54.47664281975701,54.561897353530746,54.62141103098056,54.65722410668263,54.667237610436715,54.656520520751016,54.631369678466534,54.59828964179356,54.563653715208034,54.53693281451719,54.527153256197295,54.541834336359706,54.57677319943187,54.62806112782078,54.695656671107024,54.77473365635781,54.86218329535159,54.95438532582818,55.0479854392271,55.140436418983114,55.22992897300782,55.31399525103087,55.39039897228395,55.45830659207304,55.517323483638016,55.56667141812742,55.60469164859397,55.629713129971414,55.64329275696148,55.64825345850944,55.647945041432834,55.64620699274354,55.647300020981774,55.65538346619271,55.67287548299811,55.70103366701123,55.740255686885064,55.79033493361567,55.85102434948214,55.92322931611452,56.00608539345342,56.0990209175004,56.20012679942219,56.30277873633269,56.41246926189183,56.53288802934585,56.650885027928986,56.75731514605272,56.859336296088344,56.9606694860426,57.06073424239835,57.16329797483006,57.2580239657667,57.349276050166836,57.4352861525876,57.51366024073561,57.581939341417296,57.63548116455235,57.67948788972756,57.70744075746811
36.35355354491584,36.62027839344378,36.88977704467084,37.16297560065341,37.44096484591229,37.72483909820676,38.015605342895576,38.31336925528128,38.61662230170505,38.92414581149706,39.23520982745769,39.55019351620961,39.870704704442566,40.19692976896508,40.53262240213067,40.860946241726715,41.19175764805785,41.5238654185619,41.848749039936436,42.14446028942545,42.43740548509328,42.7307320340846,42.956693474294624,43.14818695131215,43.309162289206235,43.44760892005477,43.57185120335168,43.69104973939887,43.814242384288285,43.94677420632518,44.09228125394179,44.25416204884858,44.43565500746423,44.63768102872875,44.85022164492117,45.06431870085061,45.274869062504386,45.48905355169678,45.69018420387658,45.88422994828173,46.057864479737034,46.194550826299455,46.32300747966909,46.400539410786166,46.434318878180605,46.417300719038344,46.384699633268646,46.336826552408446,46.28072603099668,46.213366264020266,46.15947531233005,46.13182805819903,46.13964644490184,46.18222454086227,46.24337957179465,46.30990448987338,46.39179452408105,46.487235877890186,46.60396039617889,46.726746085744566,46.84290462165417,46.93843135661541,47.0168652074632,47.06209193243324,47.094559898871104,47.11294492625619,47.108263817348195,47.08901647609122,47.047717975422465,46.98682766578463,46.913692345094844,46.84899380363507,46.79616131925657,46.765747972740876,46.7748526512584,46.83073437854036,46.92739455299642,47.0557281730988,47.206213803894016,47.36995767241207,47.53886930303255,47.70566481434826,47.8646515870714,48.015276215597744,48.159981661944514,48.30240970639802,48.44475947372426,48.58576680534025,48.72074125563527,48.842401562921054,48.94062961944295,49.0034961258875,49.03127726703632,49.038238302319336,49.04118320167484,49.05685348044047,49.0918158020762,49.15321655484291,49.24147634734587,49.360100982234705,49.54193841493083,49.72841978024984,49.8922895001266,50.040074696915696,50.20113650964189,50.35634163312255,50.47938588811901,50.572367979197914,50.632027073055056,50.657802733116704,50.65337481275265,50.62561513596617,50.576401379723535,50.51076753633755,50.43793712175684,50.37958265681099,50.355775459101764,50.369828352650025,50.417444664001216,50.50237424331337,50.63622881322911,50.8063940328746,50.975919242065586,51.1047798091767,51.27788272524825,51.46366393970896,51.64574898439111,51.81019958313832,51.9469029759845,52.06987738070106,52.18746467978009,52.27321211388307,52.3438194128305,52.374418821399864,52.38130405092798,52.367585244231925,52.337565079516956,52.30330085490538,52.28127089584951,52.279620647674335,52.30360556013216,52.362497032863644,52.457722790342636,52.57603645750393,52.70877891471029,52.85269811527596,52.97527924200371,53.088515394311834,53.17126964793248,53.211074544125836,53.20877180504485,53.17147931411875,53.098383676806215,52.998577778190906,52.87289804092538,52.74723609170555,52.62943091808332,52.502119117802394,52.39238790894381,52.33364082376603,52.33133015455093,52.3631740447963,52.427064117819285,52.51739214636694,52.63822000731077,52.777692623522356,52.9080525766869,53.00351593594414,53.068353624790916,53.106380028691504,53.113974357246924,53.09057557235198,53.03862353478451,52.95612675197329,52.85038830925455,52.738642955607126,52.641599330941744,52.57725310909455,52.54063217022603,52.528650581634565,52.53596699326311,52.56170662192596,52.60002152270951,52.65983594810367,52.74210695998747,52.84390119236991,52.93993963677445,53.02174127851412,53.105967362123884,53.191110019984215,53.26881784058946,53.32365191063465,53.35051509254676,53.35933966969082,53.35473067956491,53.33835218876974,53.314498930477605,53.29330544987392,53.283349956873714,53.29475891567546,53.33186440338577,53.40422250028849,53.50447925352934,53.624396740641025,53.75701898620861,53.89629341118682,54.0364272099786,54.17175692028773,54.29692038460457,54.41270935147672,54.50954044995672,54.590117159570305,54.64517416622184,54.676543546392665,54.68278460048832,54.66919204411044,54.642281257872625,54.608910893165536,54.57573994608045,54.55184980385719,54.54561621826631,54.56360784426879,54.60194954062453,54.656685976519945,54.727019324777174,54.80845895312507,54.89786228508379,54.99153600813027,55.086057593398145,55.178812534811,55.2679105936818,55.350778381469645,55.42511528486962,55.49028959945204,55.546193843101946,55.592368975122206,55.62752264126336,55.65032936701204,55.662440715640614,55.666718482806296,55.66654846528897,55.665794018556554,55.66872394907869,55.67944702428756,55.70017455436228,55.73190285532585,55.774773559440135,55.8283676150755,55.89230503306389,55.96747258786516,56.05296411072685,56.148133469296084,56.250954542268154,56.35464253871223,56.46473017512738,56.58498379521075,56.70222145557921,56.80745753260669,56.90796692044468,57.00753937434597,57.10562024914655,57.205538917765296,57.29790841633316,57.3866301978029,57.47002936225224,57.5458298852933,57.61169426976526,57.6633916620315,57.70562962989712,57.731960812335224
36.441310986413164,36.71012370986601,36.98182020543411,37.25714601064063,37.53711148344057,37.82275889582798,38.1150311080273,38.41397095305393,38.71800978572987,39.02586898445746,39.33676384277749,39.65102563861571,39.970188351900646,40.294427746796025,40.62701751815079,40.95263669787586,41.2798861987874,41.60700900704094,41.92653176726262,42.21345334896316,42.49954617354022,42.78903367908182,43.00853656812748,43.19423922546323,43.35015892142132,43.484899800601696,43.607030012271125,43.72590137372753,43.85055486375022,43.98582011164439,44.13466447128512,44.299829443253415,44.48394037117118,44.68746854519954,44.90034723314273,45.113785285414,45.32281327538155,45.53373558531575,45.731223285314734,45.920333773686565,46.08829452547643,46.219248640911836,46.339411075940646,46.410089322578486,46.438819609560355,46.4195214262758,46.38509879589203,46.336544341866784,46.28108641977182,46.21732533830831,46.16814633494324,46.145666040382025,46.15831337661105,46.20463952419799,46.269681907100384,46.3384110541816,46.4220269395791,46.51873592846852,46.63616455891106,46.75890362383819,46.87388643759195,46.96641033566227,47.041236672691426,47.08308664768888,47.111661039242605,47.12625497341502,47.11890109170891,47.09722761789374,47.054715935202886,46.994386336772365,46.9247428589605,46.86533454316205,46.81874765486404,46.79418913315061,46.809661437156244,46.87175718868739,46.9739359030836,47.106830913012,47.26081817283977,47.4269734347332,47.597182693465086,47.76412392282375,47.92209717413857,48.070705192434154,48.212523538431405,48.3512897893292,48.48930656089911,48.62544840629262,48.75522128697973,48.87168386775749,48.96535780474039,49.0250555623789,49.05118581827033,49.05777147022472,49.06165481175915,49.07988119611901,49.118671388688476,49.18459575177452,49.27725515917804,49.399676741833346,49.585166352853754,49.77279611823664,49.93592639114898,50.08302507485372,50.242159936003915,50.39336168928679,50.51161592237747,50.599526530700814,50.653614940316025,50.67395067391169,50.66490269248814,50.6336317096744,50.58270672525323,50.517822169359505,50.448536286198674,50.39568417526504,50.3783665433337,50.39935883207447,50.4536189278925,50.544188795252175,50.6835309706524,50.85712228859316,51.027979189184336,51.15652565506198,51.32872914679687,51.51200899603827,51.6903192322068,51.85037940847841,51.98241254439192,52.10016417184368,52.21141744210005,52.291506851449334,52.35639643613408,52.38444299165345,52.38917299995661,52.37436543937711,52.34505461983218,52.313401505052155,52.29562046817847,52.29873860304318,52.32704236507422,52.38907563745458,52.48557549007848,52.60409007379867,52.736321088860706,52.87823102320473,52.99872503660001,53.10813154097743,53.18657605399074,53.22171840590167,53.21472199358805,53.17281913091307,53.0962458657435,52.994296800054535,52.870749398598,52.74711277210927,52.627294179767745,52.50307001197764,52.398176273982244,52.34696930290384,52.35198798324762,52.38974596960784,52.458217294555794,52.55097046039063,52.67156413926049,52.80838287981555,52.935473003500896,53.02805270485664,53.08932093518352,53.122720543733266,53.12553160722551,53.09780726888352,53.042099107424896,52.957386920006996,52.85130883915433,52.74097519827879,52.64685705270385,52.58663683509474,52.554728792869746,52.547076388025864,52.55871676145728,52.588544886799184,52.63053228618055,52.693626476778874,52.778490272797185,52.88191258268209,52.9786405441052,53.06016440959642,53.142753050551214,53.224879656869824,53.29871006828462,53.34961098831626,53.37299122860494,53.37895627475627,53.37257362529666,53.35579607439104,53.33330831303632,53.314639588134085,53.30841109699023,53.32391366353861,53.36543336895784,53.44116600435846,53.54402948685031,53.6657989116113,53.79953950465315,53.93918205905543,54.07891060828824,54.21304059835203,54.336157753696696,54.44838774886654,54.54133263755621,54.61738038513761,54.668254161686974,54.695463489913124,54.69827389093659,54.68217429255772,54.653860639334816,54.620516473909056,54.58906692210745,54.56817986816003,54.56555910201846,54.586766768919226,54.6283435256412,54.68632066906769,54.75908283597823,54.84255013874344,54.93357159438606,55.0284040197025,55.123579748694176,55.21643684958349,55.30501911646172,55.386662044175026,55.45900554049556,55.52159387547677,55.574579214857,55.61780201758622,55.65032279383751,55.671151764657104,55.68202758873568,55.685841224833105,55.68600345212052,55.68639132807497,55.69127105774778,55.70468981099789,55.728646924088025,55.76387626009433,55.81026537312379,55.867188561451364,55.934143554296256,56.01201180902037,56.09986591617844,56.197002675117545,56.30129615346633,56.40582267617392,56.516162242000576,56.63614600613935,56.75256567061403,56.8566052586825,56.955631967642006,57.053491791537624,57.149656744229056,57.246946863224146,57.33707757460109,57.42339988637082,57.504330429961904,57.57771060332886,57.641323129995705,57.69139384119996,57.73204863784872,57.7570016307895
36.52955663245484,36.800528271222866,37.07438755592241,37.35171563416416,37.6334587692738,37.92062964369769,38.214135628506284,38.51398478705822,38.8185576575366,39.126515722561166,39.43702120698756,39.750368894111304,40.06803418546813,40.3901744637247,40.71949107310905,41.04241773652467,41.36612069719131,41.688228624124214,42.00244321206924,42.28093178570044,42.56035685814547,42.84584076679975,43.05919149050028,43.239470236119864,43.3907146353258,43.52212299212283,43.642464097367196,43.76124948999612,43.88749425590173,44.02549994865785,44.17756743545022,44.3457911573543,44.532199211737456,44.73684356408784,44.949664445771724,45.16208611786833,45.369311464216416,45.57670413912018,45.77054298305292,45.954741296286784,46.117118443713004,46.242636738609605,46.354667837935516,46.41878923955592,46.44271599162089,46.421627024159065,46.38578237815068,46.33692383317524,46.282372794307655,46.222516285157035,46.17819535934282,46.16089874881165,46.178260366705715,46.22805004164793,46.29674258623583,46.367355153734756,46.452369925209155,46.55009522273769,46.667880749275334,46.79030756398758,46.90391140671205,46.993281869256336,47.06453051708025,47.103294308958525,47.12825009384667,47.13933483885908,47.12971664648744,47.10594489339073,47.06252508363875,47.003038696977825,46.93720547178371,46.88331121352665,46.843131007464436,46.824408824550225,46.846091820569946,46.914105467705895,47.02140949844463,47.15842406876056,47.31546495702505,47.4836120692459,47.654755022833996,47.821554127475316,47.978322931556455,48.124845000071815,48.26380042174887,48.398968464750055,48.53274233673133,48.66414048579251,48.78888418076374,48.90040091189552,48.989861671770605,49.0467580617211,49.071570242060105,49.07806116193391,49.08311947629134,49.104080412115394,49.1467629907676,49.217105413485626,49.31385507340003,49.43960849080281,49.62822073250471,49.81643847810519,49.97824515465224,50.124335324009095,50.281356210478286,50.42846718290661,50.54212873599944,50.62531452908147,50.67417395259449,50.689444893338,50.67622272533905,50.64189322972413,50.589696372404056,50.52596463259477,50.46055894050942,50.41342046357796,50.40264522622841,50.4304680356804,50.49108971676263,50.58691269858434,50.73136714059605,50.9079401726953,51.07968480645117,51.20749918097866,51.378548961555474,51.5591784000072,51.73362021147652,51.88929044962579,52.01676618721705,52.129455675986954,52.23453122460932,52.30928754103043,52.368598879577156,52.39452136394371,52.39744498052851,52.38183290437124,52.353444340467746,52.32451497655031,52.31099390849888,52.31875784678569,52.351114971276786,52.415929168771115,52.513289167466475,52.6316164820609,52.76300217416258,52.902513148333455,53.020774030164276,53.1262090481128,53.20041495875799,53.231189333446,53.21992339440651,53.17380230366331,53.09416595005846,52.9904533875277,52.86954989224676,52.74824140854795,52.62631477168249,52.50528783965791,52.40522173329036,52.361494723201865,52.373559448162844,52.41682652173763,52.48941706942218,52.58410733984292,52.70396654634311,52.83766085320577,52.96132357975228,53.05114573693194,53.10903909936718,53.13801732470686,53.13633472032637,53.10466486075897,53.04557434686701,52.95904486870761,52.85300569019723,52.74440627266327,52.65344153623966,52.59743773624393,52.57021581174171,52.56669899689215,52.58240065069437,52.61599317467447,52.661310851615724,52.72734030346019,52.814459954399275,52.91920152681318,53.01640959521608,53.097575527891394,53.17855108205949,53.25777973840977,53.32790547735507,53.3751014954705,53.39528721629088,53.39870117880421,53.39086866791114,53.37398731575212,53.35312189790355,53.33713323336001,53.334727845105476,53.35430409220178,53.40015872989405,53.479015830167484,53.584154269355835,53.70740084039283,53.841874668302125,53.981522509486425,54.12054102271459,54.2532581239711,54.37423007744257,54.482831235504754,54.571993053380744,54.64367584057913,54.690658032762535,54.714006832160194,54.713743661725566,54.69551878142012,54.666169106161036,54.63317245395951,54.60369988323485,54.585982468923966,54.58702938697687,54.61132618656436,54.655939187694855,54.716933891685464,54.79181792799119,54.876985315939805,54.96929550593475,55.06497345524105,55.160526440174024,55.25326995062962,55.341208604429895,55.42160471598088,55.49204002382983,55.552204656926925,55.60248097596303,55.642987635650194,55.67312299595016,55.69222188420823,55.70210233755558,55.705674806721724,55.70636407262661,55.70805086243017,55.714988236563755,55.731150852485094,55.758319545060196,55.79696260955695,55.846718974977556,55.90677173780577,55.97651030556241,56.05682012050643,56.14676899546665,56.245612015094,56.35113796750182,56.45629662837416,56.566730788946515,56.68633760844182,56.801876574659026,56.90471141356446,57.00228941095595,57.098494508935936,57.192821514358926,57.28750670176691,57.375526670231146,57.459590307865085,57.53820393212147,57.609325611090156,57.67085685346901,57.71952710473163,57.75879013540711,57.782616374970374
36.618315484063444,36.89151182353232,37.16748724219912,37.44667903547561,37.72999284079344,38.018438704910174,38.31291631766365,38.6134223697796,38.918290752121536,39.22611983298271,39.53601511085129,39.84823523946015,40.16421035574741,40.48410699076502,40.80997549145715,41.13023130018486,41.45041263280339,41.76748349223342,42.07645313484069,42.34690981212701,42.619869722100155,42.90115865101861,43.108679463441625,43.283916771240186,43.43087962293131,43.5593386168101,43.67821826269591,43.79715734272261,43.92511549082597,44.06585436332715,44.22101119879466,44.392044428820164,44.580412278319194,44.78578513849508,44.99815589350666,45.209198064029465,45.414319703761734,45.61789898419013,45.80808809084533,45.98741081521143,46.14431164658364,46.26471381433899,46.368792288627674,46.426670175851115,46.446048012000404,46.423672604406335,46.38681433835624,46.33803453615285,46.284652884428,46.22900348378979,46.18966964531746,46.17753055920719,46.19945407077518,46.25241804634609,46.32452081300751,46.396711116777475,46.48279725863336,46.58128291147286,46.6990701692881,46.8209265822713,46.9329627006423,47.0190213736929,47.086727999357755,47.122705309202104,47.14433336118048,47.1522067589349,47.140751547374485,47.11522236165971,47.07120808721149,47.0128505703012,46.951144427934075,46.90293369677724,46.869267474331075,46.85634855383943,46.884072815404686,46.95770973589526,47.06975956113918,47.21047088813292,47.37013819262712,47.53987795550238,47.71160897570096,47.87799281314404,48.03336570656619,48.1776845217824,48.31376201010078,48.445405496235786,48.5750419778052,48.70183394415873,48.821736841714795,48.92857597194494,49.01418037417682,49.06865541429465,49.09248989323516,49.09916943403352,49.1056377303659,49.129505080157465,49.176112840096835,49.2507133679292,49.351235656210854,49.47986915567849,49.67109034993992,49.859362467884964,50.01928663577277,50.163948696339325,50.31864451767191,50.461587374231,50.57087738571782,50.64971230515295,50.69370727402879,50.70430858109605,50.68737709113716,50.65045711271329,50.59743800095598,50.53526680470935,50.474074376461786,50.432849301788664,50.42862793382796,50.46310150819046,50.52979080328055,50.630491446106646,50.77968516292869,50.95881283153679,51.13103040717058,51.25772769601454,51.427340763154135,51.605130318310806,51.77561099260313,51.92690153051319,52.04994358883816,52.1577458678324,52.256814136948236,52.32657307087293,52.380554424433896,52.404702151342285,52.406176673308735,52.39004639712651,52.36278945863034,52.33668709590225,52.327422357687276,52.339669887859,52.37578911919492,52.44303484104424,52.54085987152433,52.65862923052765,52.78884828560618,52.925586788915716,53.04143664058946,53.1427038833528,53.212749987498206,53.239473186476,53.22438588066091,53.17445675831299,53.0921850629717,52.98705203268384,52.86925083748964,52.75054866759817,52.62648096069422,52.508803462704776,52.41354597021118,52.37717487606274,52.39600157186977,52.444383829662115,52.520647591681694,52.61680758944599,52.73545720882474,52.86555528259762,52.985560212486725,53.07274149659323,53.127472643209686,53.15225326239757,53.1463858238362,53.11117016380457,53.0490866325006,52.96114999483716,52.85553489946672,52.74899354854997,52.66140526806676,52.60968493079527,52.58708777933979,52.58749765244485,52.606995375463136,52.644031527178576,52.692338645038,52.7609590568049,52.85001105096772,52.95579037052787,53.05327891711219,53.13398722131498,53.213345289442245,53.289787544576754,53.35639532559606,53.40013119844617,53.417426569775486,53.418611273139895,53.409663289857626,53.39297919822658,53.373992623119314,53.36082535904703,53.36230812131749,53.385904901653575,53.43599049513671,53.51772330804664,53.62481721737535,53.74918230862004,53.884018859742994,54.02331531301007,54.16131131558715,54.2923845788648,54.411099506607506,54.5160011876113,54.601495371309426,54.6689923362413,54.71239279483513,54.73219646805012,54.729232092799286,54.70927702602488,54.67926794165923,54.64694490325228,54.61970406940857,54.605309239039734,54.61001737362132,54.63723676688942,54.68468295211683,54.74847397509677,54.825186540447504,54.91174210474449,55.005027975791684,55.10125370357244,55.19691809203608,55.28933186425702,55.37648309119245,55.45558971698188,55.524195400977355,55.58210797516029,55.629900523502144,55.66794291944483,55.69595413723502,55.713581286966985,55.72271392340911,55.726272350604084,55.72768433513606,55.73082320158102,55.739914931420145,55.75884685341994,55.789179169548575,55.83112532282965,55.88408979037505,55.94707606190828,56.01937315833479,56.10187706942546,56.193665653359794,56.29396659729948,56.400497193369304,56.50609149320244,56.616467812111914,56.73559427038023,56.85018847553039,56.95179108916794,57.04792945007214,57.14252539754604,57.23509403192873,57.32720337820127,57.41325093288394,57.49520665428022,57.571664445135845,57.64069812482508,57.70032637154545,57.74783085530036,57.78589934439697,57.80885820701726
36.70760072424841,36.983070844217075,37.261102274820765,37.542016372573364,37.82670029873209,38.1161840524513,38.411384147840636,38.71230749265957,39.01724508752831,39.324728895891,39.633804089807754,39.94469249646029,40.25878180525412,40.57625069298611,40.89843762123222,41.21602219946178,41.53271349515743,41.84473283379018,42.148531296061364,42.41140164073262,42.678116948595395,42.95499268551859,43.157021708980125,43.32761561878228,43.470704076249476,43.596606796855355,43.714357312313275,43.83368818642498,43.96347267243376,44.106912667829015,44.26498946661825,44.43856612908163,44.628563048604725,44.83429446894733,45.04584299794041,45.255159858581216,45.457881737305165,45.65735579991948,45.84386716648659,46.018329218075884,46.16985319082267,46.28547856304615,46.38179895099102,46.43376314559661,46.44885565833712,46.42571325873575,46.388258634820325,46.33994596061861,46.28799304695173,46.236831226094,46.20255523443837,46.195511219707164,46.22183832126033,46.277700725477,46.35297366580476,46.426449747121126,46.51329326042474,46.61228685688233,46.72972985623467,46.85078056918587,46.96107819601474,47.043677676033795,47.10788186397965,47.14134849830594,47.15993308489501,47.164898981569365,47.152042392752946,47.125107430665196,47.080824970535176,47.023885671095535,46.96658235297449,46.92415215981965,46.89708322276552,46.88992847319163,46.92352547933667,47.00249943559967,47.11893029780573,47.26293461891751,47.424821915823244,47.595775473054836,47.7677672366276,47.93347786799398,48.08727498198486,48.229277954920065,48.36242306783424,48.49056996699898,48.6161806763305,48.73851968171006,48.853786174560476,48.95623232451561,49.0383530643194,49.090798155907734,49.11400068837803,49.121155247047,49.129263789003055,49.15617120096732,49.2066771798045,49.285363794216046,49.3893505780093,49.520431332777086,49.71376403234057,49.901583699887176,50.05910561841983,50.201920149952755,50.35401785203298,50.4926898757216,50.59783158266925,50.67270931397371,50.71222286457862,50.71856622636164,50.69840783738779,50.65937977449021,50.6059965929046,50.54579261957722,50.48912702886655,50.4539681490673,50.45625445996413,50.49718674322538,50.569655917069184,50.67487053061587,50.828432877519,51.009705411473426,51.18201030464716,51.30723863304549,51.475145590626276,51.64989854310875,51.81631962481345,51.963241926058984,52.08196392750615,52.18505350412251,52.27827809780348,52.34338233407537,52.39239075197842,52.41503356466729,52.41542067867157,52.39906363293215,52.37314481813327,52.34996184730089,52.34490715069191,52.36143238219852,52.40102867674365,52.47036986850491,52.56828365126973,52.68514186743593,52.81388553818178,52.947497539137984,53.06076575430223,53.15764710941132,53.22355816160334,53.246556124288894,53.22811943881449,53.17480974882448,53.09032460500631,52.98409089821923,52.869803549944706,52.75396121583645,52.627770241677716,52.51359977011782,52.423131337782145,52.39396566311344,52.41927137694163,52.4723860218577,52.55189301059762,52.64907601392201,52.76606610943334,52.89212962915001,53.00824121428322,53.09284219219213,53.144598637463396,53.1654146755109,53.155688578096715,53.1173455622104,53.05267072973628,52.96374307010028,52.85893723540567,52.75477083307533,52.67075583866528,52.623342843500524,52.6052918196526,52.60942560243077,52.63246318508651,52.6726346292628,52.7236043315467,52.79448560255713,52.88516177848762,52.9917111015394,53.08928991008494,53.16944556721911,53.24717734024496,53.32092226422214,53.38418506849664,53.42471044579735,53.439432874709226,53.438723288333435,53.42900298028054,53.41281375822942,53.39593644771125,53.385697659848034,53.391107738097574,53.41866361934832,53.47286854700966,53.55723671487193,53.665980972808036,53.79112391020748,53.92597229443311,54.0645804090668,54.2012579545116,54.33046287295074,54.446797532150825,54.54790958881029,54.62983304866091,54.69332465544703,54.733467004972944,54.75005573031402,54.7447766619196,54.723498974280886,54.693217310596104,54.66189773109864,54.63712626896715,54.626136888078605,54.63445605178949,54.66443699975768,54.71451953060555,54.78088902590614,54.85915057561683,54.94679812258214,55.040763098286554,55.1372552331819,55.23278055203266,55.324661797962605,55.4108904363461,55.48866237125171,55.555500582878715,55.61131739750268,55.656849107232276,55.69268686480043,55.718845910176896,55.73526859288389,55.74390596836472,55.74767640981477,55.74999619413474,55.754718071352315,55.76603206522261,55.78773571609677,55.82117365182639,55.86631160691524,55.9223290324202,55.98805972379525,56.06269993412369,56.14716227233149,56.2405483155494,56.3420717212688,56.44939146773238,56.55523663563424,56.66541232717284,56.78396214441697,56.89755321136258,56.99789886276999,57.092602168243154,57.185620140466746,57.27649076149133,57.36604167749968,57.450251966927205,57.53025592325897,57.60472702875457,57.67185143826766,57.72976248017664,57.77634393453886,57.81342011174364,57.835777733328854
36.797397752690806,37.07518028981232,37.35520592003722,37.63770546568029,37.92356777399463,38.21386386451329,38.50955011844093,38.81066394713964,39.11545668180061,39.422390491454834,39.73044668114346,40.03980957641697,40.35182707668495,40.66669164084473,40.984959916819285,41.299809143033784,41.612993845873746,41.91993745784998,42.21864745621565,42.47442148400705,42.73513072082234,43.00734822407992,43.20423944914441,43.37060356670425,43.51023818729193,43.63398765445051,43.75094571430064,43.87089696969954,44.002582526747894,44.14864965750359,44.30946525886568,44.485326108693535,44.676635343960804,44.882374055262744,45.0927490388004,45.300015208457545,45.500059669802276,45.69516344922826,45.877967390306715,46.04757535018778,46.19378638577622,46.304936881715676,46.393703117364836,46.44010077306557,46.451179786038495,46.42780389797299,46.39017742775121,46.34271607300603,46.29242391156308,46.24597764983593,46.21680451961967,46.21478569839176,46.2453568436571,46.30385526622525,46.38205822301684,46.45654179833372,46.54384426957662,46.643104337720985,46.759877101583605,46.87990079052779,46.98830198084171,47.067318709862136,47.12806926594564,47.159286815102085,47.17510112233454,47.177455074005195,47.163611345573266,47.13561487598837,47.09139585023546,47.03616205931034,46.98347894372433,46.946912947767345,46.92650437247289,46.92506873417377,46.964370870042124,47.04840400916328,47.16886591508273,47.31577850890274,47.47950016279064,47.651309001455516,47.823252490175605,47.98804718018912,48.14010024062952,48.27968328078343,48.40984644357902,48.53449918879832,48.65615442875278,48.774191281642494,48.88503955894924,48.98339396398244,49.06241728848724,49.11321610271486,49.13612020508177,49.144031036603295,49.15399167620044,49.184033595416075,49.238399363386954,49.32100074966107,49.42815350919414,49.561267618415236,49.75623060688788,49.943117786423144,50.09775688650277,50.23832939118031,50.387565148538776,50.52186261346308,50.62305839617368,50.69435723410678,50.72976695945968,50.73225963647345,50.709354141200905,50.66869769075093,50.61539874029611,50.557545632839556,50.5056849563847,50.47671548291306,50.48545269794856,50.53265123427992,50.610618787751406,50.71999544490884,50.87755812423558,51.06058305886099,51.232618812185386,51.35605942494735,51.5220053353625,51.6935380740255,51.85581047990998,51.99837913853186,52.11288934277877,52.21143396073324,52.2989661772521,52.3597392507704,52.404226046041735,52.425555817659024,52.425191924625,52.40890679595715,52.38453327356286,52.364339002721195,52.36340285166558,52.38399998032262,52.42679751183801,52.49791146538413,52.59555655572036,52.71116794102279,52.83814004687964,52.96829099318672,53.07881503515676,53.17111438434415,53.232893434607284,53.252451424649884,53.23114339221696,53.174883230887005,53.088589184495156,52.981568146830156,52.87115934522996,52.75840571983939,52.63016010950776,52.51963913623713,52.43393833485043,52.411822985980926,52.44332588595164,52.50080122680081,52.58313747543316,52.68091741799319,52.79582323089688,52.91744739206828,53.029445817833974,53.111514012318864,53.16045797877705,53.17753066349048,53.164271394635634,53.12321869908485,53.056348538948896,52.96683306994096,52.86320619525563,52.76171446691888,52.681451020704344,52.63836051845354,52.62477227586089,52.63243560240403,52.65876617002676,52.7017770819867,52.75509696510831,52.827923947973815,52.91993064942573,53.026995707561014,53.124483974425836,53.20399703369971,53.28009708114982,53.351233620232684,53.411317315343226,53.44887100555854,53.46133225104569,53.459065299349504,53.448905587942704,53.43348535526262,53.41892293066119,53.41171006539456,53.42107750826695,53.45252744745292,53.510732767836714,53.597504327519346,53.707608177553055,53.8332062390696,53.96773518782991,54.10533781370567,54.24041916735293,54.367545675307674,54.481385361970496,54.57862938821588,54.657066342028955,54.716717276061026,54.75391226951627,54.76761508892966,54.76040459867835,54.73820763784856,54.70804141888452,54.67804414018305,54.65593272616771,54.64840046965083,54.660275909228794,54.692865375032426,54.74539363485938,54.81412715071807,54.8936719357688,54.98213098687727,55.076494967749056,55.17298851255472,55.268139667916074,55.35929896869241,55.44447998535066,55.52087751629519,55.58601004459238,55.639880434127235,55.683363702273624,55.71724733553207,55.74181999842486,55.75729982989251,55.765685959135006,55.769881016808725,55.77327712962735,55.77969820903563,55.79329289157408,55.81776577394953,55.8542492535051,55.902468648313416,55.96138791421694,56.029680913503086,56.10645845443951,56.192655345778576,56.287409407727054,56.38993268653677,56.49783842725477,56.60376142064505,56.71360334980537,56.831487383014526,56.94402262028999,57.04308994692343,57.13636416590655,57.227834955922276,57.317064197893934,57.40407568647402,57.486569878897605,57.564768268013744,57.63741792677608,57.70281136606443,57.75919122241487,57.80508834780268,57.84136934001557,57.863385321078944
36.88768798011876,37.16781430735177,37.44977142273106,37.7337241350192,38.02058189748592,38.31147631928844,38.607425228868266,38.90851552466128,39.21296155298212,39.51915219984311,39.82600142214494,40.13365539063538,40.44342471273657,40.75551709875529,41.06964907451793,41.381689432872484,41.69132022047086,41.99311958943575,42.28678990993655,42.53598542230548,42.79094333414119,43.05823063284318,43.25035390927606,43.412917420621035,43.54953173257895,43.671535641395565,43.788020156239,43.90877925125636,44.04240994115575,44.19102375635012,44.354399967898736,44.53229421164761,44.72461298575423,44.93002639725944,45.13889729581417,45.34380782059247,45.54091560620863,45.73141136162851,45.91048079412715,46.07524650999241,46.216209498010066,46.32314597105394,46.40455047508567,46.44574057755742,46.45307945165981,46.429991997667855,46.39260605283878,46.34635346013828,46.29793791209772,46.256407293993156,46.23236954549791,46.23529896334112,46.269953363461504,46.330838855775404,46.41173156303305,46.48695802398328,46.57443662508242,46.67373270429441,46.78952942620102,46.90831851209346,47.014678143135654,47.09001240880537,47.147367381256544,47.17658437889371,47.18989255159682,47.18992100815407,47.175477658430104,47.146749481535544,47.10290992729802,47.049653677710644,47.00178866436828,46.97116240573376,46.95745704315844,46.96168948835281,47.00653004519727,47.09535289893022,47.21951061960865,47.368965805877025,47.5341569697066,47.70648292025663,47.8780874209066,48.04173863789352,48.191890965317235,48.328958480671105,48.45609611245766,48.577260801352345,48.6950210704854,48.808883481883576,48.91552623112819,49.01009840937117,49.086405850685715,49.135922062133,49.158842039005464,49.1677733215214,49.17978208067327,49.213041536285864,49.27122274434063,49.35756829157918,49.46759812016418,49.60235060890967,49.798478900763094,49.983980339804106,50.13529522393093,50.273256126352905,50.419381759965354,50.54921704412236,50.64666016987003,50.71473371699507,50.74640412302546,50.74544294040388,50.72025240229156,50.678428970075956,50.62564246205058,50.570501674430616,50.52370159681466,50.50102731882706,50.51615054109293,50.569422474848814,50.652613144950166,50.765811681782296,50.92700874294706,51.111410920055306,51.282850243089825,51.404217504595955,51.567961888753416,51.73610391175393,51.89414825478071,52.032381273465084,52.142784137587505,52.236945562945884,52.31893667447604,52.37568226917626,52.41610812246013,52.43628317835734,52.43548498718754,52.41955461528455,52.396921620859324,52.379773075398845,52.382859933909465,52.40732733274967,52.45305949239303,52.525636845912864,52.622674633893915,52.73672099952519,52.86163792669005,52.98801274524842,53.095638147007094,53.18318195406448,53.24083717111085,53.25722072242662,53.23349322282072,53.17469664909188,53.086982874171284,52.97948194121291,52.87326953896347,52.7638088461835,52.6336280590591,52.52688385799835,52.44592722589136,52.43070274629217,52.468122121472966,52.52959757296784,52.61436513545162,52.712336606381704,52.82475855594329,52.94157207055779,53.04925325583115,53.1288266677307,53.17511181176368,53.188659385013366,53.17218271004077,53.128820063540246,53.060138009336086,52.97042164451382,52.868326155972184,52.769792195159745,52.69344599301731,52.6546869997482,52.645473491145474,52.65648040791876,52.68586642074623,52.73143348640983,52.786805599689416,52.86127810031185,52.954336176248745,53.061676176306,53.15890251042631,53.23768808885273,53.31215435883901,53.380772027320226,53.437840678167255,53.472655242656664,53.48315397605471,53.479652504439784,53.46936874907312,53.45497571986915,53.442918689309785,53.43882246327547,53.45216824464687,53.4874435881342,53.54952303994174,53.63847442286482,53.74966147350963,53.87540988912089,54.00930775539076,54.14560754297577,54.27883318197614,54.40368565501439,54.51492431731435,54.608237162225684,54.68326959239198,54.739239323104144,54.77377792854324,54.784910824309335,54.77613537378727,54.75340335325548,54.72372169981953,54.69534605773127,54.676067713857215,54.67203458979068,54.68740743368664,54.72246038257691,54.77724997657669,54.848136456137084,54.92871252317309,55.017718315054545,55.11221767850886,55.20846401017614,55.3030212874387,55.39328259339237,55.47730108366594,55.55228998961703,55.615778435654995,55.66784668876365,55.709485429942504,55.74165477297788,55.76489479987733,55.77968055618381,55.788046401796734,55.79286628839049,55.797496358298574,55.80572375633832,55.82165049957698,55.84888536041218,55.88835223619616,55.93954363352386,56.00121764886912,56.07189782106816,56.150616540792534,56.23833590632076,56.334241355584275,56.43755479263814,56.54585570860005,56.65169521321033,56.761079895685626,56.87821613863525,56.98964854044703,57.08741955418106,57.179272043499815,57.26922608667764,57.35686832924821,57.44136702027031,57.522259157962154,57.59878987752107,57.669774604464884,57.73360673871848,57.78863274754436,57.83406673772635,57.86973935561635,57.89165930656003
36.97845281726033,37.260947043869024,37.5447720277849,37.83005020081297,38.1177293001109,38.40901959496893,38.70502047852636,39.005886016665976,39.309795719116494,39.615061601224674,39.92052685009866,40.22629885042073,40.533653256105644,40.84281433113217,41.15261179062773,41.46176417920426,41.767789276846514,42.064381082450005,42.35303752210279,42.59614443352406,42.845599565759684,43.10766553882289,43.29539803333505,43.454597694657735,43.58862346337503,43.709268451911186,43.825569195324206,43.94730473256862,44.082915987395694,44.23399338520459,44.39975498607919,44.57944028193561,44.772479795351714,44.97725399475558,45.18431104870919,45.38658140191996,45.580511651479775,45.76618896663229,45.94149940976934,46.10143999593503,46.237222565366224,46.34018529443973,46.41442647910228,46.45075966155258,46.45463098693509,46.43231513480236,46.39555923726708,46.35085350753791,46.304525614952574,46.26808469754322,46.249202356709596,46.25699598263547,46.29557160616953,46.358608681312056,46.44195076424269,46.51766917763777,46.605056665935535,46.70416930690818,46.81870435095296,46.936064999679346,47.040250770908955,47.11182670649096,47.165853385913216,47.19330530898392,47.20436245077956,47.20234275592758,47.18766058391815,47.15851602864266,47.115355596141065,47.06433266707117,47.021465979091,46.996846878832336,46.98986735452728,46.999710887295706,47.049924062478325,47.14327554724468,47.27080861802194,47.422459757628836,47.58877637274835,47.76130160901042,47.932294713382255,48.0945901292712,48.24269663886509,48.37716153588171,48.50123604959275,48.61892258211209,48.7328498742601,48.84266322649089,48.94530595607867,49.03639522890226,49.110350683884946,49.15892833826352,49.18215941861332,49.19235769081281,49.2065953374544,49.24314429635879,49.3050906761619,49.39501047728529,49.507638081318184,49.64365290057704,49.8404977411474,50.024186972341326,50.171775414613634,50.30678006180144,50.44956303908884,50.5748646243663,50.66873929640826,50.733916500716,50.76219903445052,50.75817053085484,50.73113890665498,50.68859103556965,50.636725096506204,50.58463642862611,50.543130387954925,50.526839672310544,50.548275882708936,50.60742795842682,50.69557271828836,50.812264734033064,50.9767325735221,51.162154141412124,51.33269891066501,51.45174030486714,51.61305714218966,51.77765105698693,51.93139764631362,52.06531643639186,52.171712614863814,52.26164663604167,52.33824799223307,52.39125244659851,52.428053188943245,52.447224662232145,52.44629424349927,52.43098317241906,52.41027098846599,52.39621652691989,52.40322887072474,52.43136908999802,52.479778486323724,52.55352322432209,52.649633934808094,52.761814591180226,52.88440529260328,53.006708389509534,53.11128875370737,53.19392606448553,53.247470769269576,53.26093065056593,53.23520602025216,53.1742694329506,53.0855097467677,52.97783044406376,52.87608544676321,52.77009726144534,52.63815158520652,52.53529623233711,52.4590582753802,52.450560845674126,52.49361710607884,52.55874318883522,52.64556013991622,52.743338383809736,52.85290206730056,52.96456716382384,53.067742760966894,53.144849869185,53.188621289247706,53.19885955304405,53.1794715354064,53.13418017266317,53.06405708903503,52.97451044397351,52.87428149451091,52.77897176287704,52.70669593443765,52.672271331478406,52.66733980868703,52.6815127745291,52.71372602770722,52.76157844359174,52.8187192892566,52.894552066828204,52.988396871423404,53.095784495487564,53.19258691837784,53.270565200774136,53.34339901999467,53.40958790019656,53.46380376900016,53.49610559749485,53.50492752497857,53.50049905491976,53.49038963793197,53.47726658250645,53.467890340997585,53.466994741079695,53.484330760058576,53.523359243559035,53.589179245648545,53.680095277784346,53.792103502576936,53.91771545427588,54.05069021257307,54.18540961292615,54.31653822624619,54.43893548114961,54.54747571943023,54.63680948723722,54.708517140728425,54.76096009884029,54.793113777748935,54.80197938579408,54.7919882657494,54.76908574976398,54.74023709252632,54.7137631365741,54.69747550438552,54.69697385453241,54.71578111291047,54.75316051225448,54.81003326745585,54.8828650487677,54.96423424009931,55.05353772453849,55.147925324895645,55.243692194531434,55.337451258352836,55.42665188900858,55.509403076751745,55.58295462872205,55.644860405603325,55.695265765141556,55.73525541155527,55.765939618760164,55.78808870243535,55.80241627272822,55.810979754222835,55.81661234018985,55.82262309683296,55.83275485496781,55.85105797833376,55.88104280891873,55.923428861511034,55.97748374904627,56.04176944948071,56.114668636526865,56.19514201469313,56.28418357051214,56.381036584812634,56.4849433391077,56.59346094843197,56.69906737830558,56.80788098048964,56.92419456374159,57.03448280996816,57.1309428970957,57.22138240146048,57.309849775497824,57.39595714366589,57.47797729403445,57.55737431809493,57.632367261910844,57.701835017913524,57.76426656420612,57.818106837950936,57.86328067751595,57.898521584945556,57.92057713882469
37.06967367484365,37.35455264639778,37.64018098008128,37.926661483284434,38.214996612774435,38.506491869747045,38.80234686681894,39.10279921459524,39.40599519824742,39.710166275768394,40.014081502291134,40.317808867078256,40.622591249488835,40.92867060238975,41.233954761448224,41.54013449225545,41.84249768363073,42.13382909720127,42.41749678047024,42.65498042640105,42.89916786897999,43.15574009329523,43.339442775996844,43.495693160119956,43.6275402220332,43.74718912484482,43.86357659333863,43.98644300859926,44.1240617372061,44.27751696490297,44.44549170576883,44.626734163549244,44.82021959412006,45.024059347569306,45.229013577212946,45.428379659374016,45.61890991057125,45.79958569375167,45.97111526905474,46.12625310646091,46.256925625686655,46.3561344055019,46.423419270803976,46.45523565608424,46.4559114060154,46.43481020012686,46.39905118046415,46.356211600589184,46.312177586524555,46.2809743994637,46.26725499789128,46.27982172435495,46.32215529727713,46.387121930019724,46.47267290503502,46.54864601286522,46.63569073112931,46.73441149586779,46.84741939670554,46.96317151908189,47.065063952174,47.13282953654638,47.1836044559165,47.2095137246759,47.218565897980504,47.21476628923734,47.20017937463203,47.170919298645586,47.128721251182775,47.08017116816669,47.042465352077194,47.02391271217652,47.02366142628459,47.03905308256943,47.09447397956149,47.19210139645076,47.32270411696107,47.47622361194656,47.64334240809315,47.81576944726909,47.98589705216421,48.14663954248619,48.29256674409013,48.424350427713854,48.54533023010691,48.65955230852862,48.7697101128085,48.87559831888501,48.9744407690721,49.06233441223503,49.13428372105501,49.18224723520794,49.20606557236957,49.21775973348899,49.23439178157667,49.274291148417014,49.33994651234718,49.433271364094324,49.54822706305496,49.685147089734016,49.88227595522204,50.06375329634608,50.207252242460186,50.33898090385685,50.478204338685266,50.598916810861816,50.68939816843834,50.751983323346934,50.777216372909436,50.7704968005282,50.74204994028637,50.69920131033639,50.64864398200118,50.599925579701654,50.56392476760392,50.55408855886464,50.58175661610824,50.646595178508676,50.739431237388935,50.859300094457915,51.02667745582931,51.21277786928726,51.38215912821545,51.49865525863676,51.65733298706183,51.81823451041739,51.96762335139676,52.097252732845476,52.19973907753918,52.2855955053019,52.356958533280924,52.40649084034271,52.44007730262148,52.458389284753316,52.45761407070024,52.44316854886548,52.4245425048262,52.41362181887045,52.424460135412595,52.456079902586104,52.506918361545125,52.5815478148428,52.67643050748056,52.78646226422489,52.90646825960961,53.02442352015652,53.12582051911174,53.20342296152049,53.25287562723917,53.26364784201465,53.236318874137616,53.17362101197467,53.08417387501743,52.97661181807902,52.8795583842473,52.77719763220147,52.643708182824795,52.544838556189035,52.47329174779227,52.471353185753756,52.51976786234245,52.58820620287936,52.67670663809024,52.77392755499947,52.88028374769663,52.98649617107178,53.084993565933395,53.159653327439024,53.20104756405362,53.208189880547025,53.186186881826835,53.13932954354017,53.06812372618291,52.979101118474695,52.88105658782741,52.789220915149826,52.72115602379871,52.691062557738,52.6903155716664,52.70748545778917,52.74230708137201,52.79218655459205,52.85082708777638,52.927749854779776,53.022131247416446,53.129352652818994,53.22557859857193,53.30267483755987,53.37388091129902,53.43773165357353,53.48925519987339,53.51926451047618,53.52668237305958,53.5216191021049,53.5119654287794,53.50033967363196,53.493804503065206,53.49618678639604,53.517515867323304,53.560221615894314,53.629641267280974,53.722315169153894,53.83489690665415,53.960103528449025,54.09188277483425,54.224764039605894,54.35357252802812,54.47334782279211,54.57910088956594,54.66442293964803,54.7328833280168,54.78194890553333,54.811969612828506,54.81885722272506,54.8079825530678,54.78525445663643,54.757566536130106,54.73325502954238,54.72010037010248,54.72315286991025,54.74532743464765,54.78490425392836,54.84368821919527,54.91826103521443,55.00019898881716,55.089566832753725,55.183612001239126,55.27868353410587,55.37145542841082,55.45944607248702,55.54083531006788,55.61292627111497,55.673310603974,55.72218726699068,55.76071476842827,55.79013231450129,55.81142009399995,55.82551248049611,55.83447847428615,55.841099287836585,55.848626561915125,55.86075164663153,55.88146841694683,55.914186452903145,55.959425391061146,56.01623618138032,56.082994529155584,56.15795154991559,56.24000269765162,56.33017795490671,56.427787521103696,56.53210362548029,56.640671783414106,56.74590728090627,56.854045619893526,56.96946881079594,57.078577266987764,57.17371518822014,57.26275184022611,57.34976226514785,57.43438462925869,57.51396812291251,57.59196987327007,57.66554693131294,57.733637123214585,57.794819850503636,57.847633276020375,57.89273174037759,57.927707454402686,57.950116266925505
37.1613319635968,37.44860526197169,37.735971524502816,38.02353580265643,38.312370466381424,38.60389132181501,38.89941539314969,39.19927890989051,39.50159600841854,39.80451380364313,40.106723916008896,40.40825435191315,40.71031723558282,41.01317317694241,41.313784683278996,41.61690148225244,41.915542109453504,42.20157079399811,42.48027417951732,42.7125763805779,42.95171934003953,43.202553082279245,43.38256678511316,43.53625370293472,43.66630825835467,43.78530066104447,43.9020261120646,44.026163674311185,44.16580826232538,44.32155291628125,44.49157151932937,44.67414570048027,44.867816203425996,45.070444955518745,45.27302816105293,45.4692462998886,45.65617248843864,45.83169097249872,45.99942040380476,46.14978314001528,46.2754187168134,46.37107285786924,46.43161699158005,46.45924619218555,46.45699772305186,46.43751408439178,46.40309608185805,46.3624231246763,46.320884393210584,46.29504093873215,46.286479513679495,46.30372115657977,46.3496481622803,46.41633578908303,46.50385506379935,46.57985928323361,46.66632515965713,46.76445662147889,46.87569208432482,46.98966933609754,47.0891617749432,47.153088832599074,47.20069776726727,47.225273745272794,47.232557971297396,47.22723757999504,47.21305328316638,47.1839640728802,47.14299528684131,47.09714132177197,47.064741247511584,47.05230625087974,47.05876537813557,47.07963622574092,47.140100854123006,47.24175988889267,47.37514132306449,47.530220616618614,47.69783911191823,47.86989081458485,48.03891712181412,48.19792476570251,48.34155076380944,48.47058313746615,48.588442629122696,48.69921775805292,48.80567105886228,48.90775656248653,49.00299270537993,49.087965949028856,49.15823689516597,49.20589105706767,49.23055372873843,49.2439550385614,49.26313174807294,49.30643136524263,49.375733606392856,49.47229500932118,49.589318735773254,49.72680577269732,49.92380237016821,50.10269492412961,50.241780491379934,50.36993835885005,50.505401011530736,50.62148506027581,50.70873917861025,50.769011922965234,50.79152081757674,50.78247614212588,50.75302178918097,50.71027721748051,50.66139645687372,50.61634481193292,50.58603817356013,50.58270999399056,50.61652063460251,50.68685162858913,50.784122431874756,50.906863255853644,51.076791229737346,51.26324725003648,51.431225209045685,51.54498979878064,51.700831314760556,51.85790927273818,52.00289006691808,52.12825826835914,52.22692782854507,52.308850496007835,52.37512670037736,52.4214385077145,52.45219652062522,52.46978606139078,52.46943884593052,52.45608682612854,52.43969729838327,52.431941412836544,52.446504201274216,52.48141442103223,52.53444298597227,52.60968783170597,52.70306040092905,52.81067756689622,52.92785294269931,53.04120373137588,53.1392871070743,53.21174889108258,53.257133143175245,53.265438929719615,53.23686887410343,53.172770815675534,53.08297933165352,52.97582422595496,52.883639667033684,52.78503662502844,52.65027534678869,52.55547312648977,52.488587907602884,52.493035668158036,52.54653141283703,52.617954743576675,52.70778877923692,52.8041089246731,52.90693357985948,53.007422591506945,53.10108490342281,53.173306753250095,53.21245178900583,53.216709080486716,53.192377760396404,53.14429869325776,53.07235586891691,52.984195318171984,52.88863581287724,52.80050739705725,52.73678143993394,52.71100972262087,52.71434512326427,52.73435121325313,52.771571672202924,52.82323242047024,52.88311804921532,52.9608754714235,53.05555781669457,53.16241263601354,53.25791895129995,53.334063467305874,53.403649879434184,53.46525370216292,53.514243582818374,53.542174422003775,53.54844799554,53.54302679731069,53.53409329587556,53.5241767237031,53.52062779285325,53.52635848681346,53.55167437926231,53.59797790730688,53.67084898716287,53.765082373849445,53.878004327640475,54.00255470555484,54.132885657631675,54.26369083906409,54.38997431518686,54.50697534902067,54.60986114896936,54.69115409585566,54.75644249523552,54.80227504544717,54.83039522947702,54.83558078444336,54.82413751424551,54.801909103135124,54.77568896975605,54.753781389466894,54.74388658335798,54.75050624195849,54.77597688664561,54.81763009746188,54.8781595434933,54.95427252208179,55.03656867159628,55.125783257124844,55.21927180186896,55.313448497384684,55.40505964536498,55.49170436077372,55.571647129074144,55.64225975430064,55.7011836803038,55.748660798040646,55.78590462187784,55.81426330182353,55.83490736247208,55.84897468045782,55.85853501985963,55.86630724696048,55.87547597022972,55.889674273036825,55.91283490451867,55.94826462579941,55.996288086457994,56.0557481170257,56.1248441009977,56.20170475127071,56.28516641117834,56.37629867605854,56.47448659014901,56.57904095129065,56.687505850210144,56.792244285987906,56.89961282957339,57.01408503226074,57.121983749640314,57.21579164010721,57.30343696023417,57.389019798392646,57.472204774138326,57.54940112205039,57.626100337461615,57.69837539585727,57.7652188764607,57.82529560558743,57.87723184413853,57.92242149951737,57.95728839038732,57.98025413991506
37.25340909424788,37.54307903762442,37.83211690593208,38.1206509791518,38.409837491836754,38.701216129365115,38.99623705692236,39.29534889399332,39.59663416767355,39.898151765017715,40.19851262853842,40.49770421623063,40.796909757084265,41.09640931920456,41.392208252419614,41.692166259421604,41.98701922294481,42.26771333314907,42.54147621372245,42.769015275696,43.00332507517576,43.24820329179407,43.42484870853578,43.57632920902905,43.704953822140666,43.823606061358085,43.940901513284444,44.0664363246673,44.20811663449189,44.366059660175395,44.53795581912266,44.72164473672044,44.91525344463631,45.11641331842205,45.31637807995662,45.50922503039773,45.69236149003749,45.862594232385455,46.02650684584087,46.172127395043425,46.29280187658847,46.38508020517056,46.43910778281979,46.46286890088971,46.45796695219556,46.44046367834753,46.40770814087683,46.369483465183514,46.33063660140759,46.31024885432612,46.306827948710776,46.32863924739008,46.377993926675025,46.4462074456865,46.53545431892497,46.61127974231095,46.69694629051239,46.794302034047,46.90353993467689,47.01558971652273,47.11258832722894,47.17267252827653,47.21721049596635,47.24064949007769,47.246393748827956,47.23980260011227,47.22630156211588,47.19765513268241,47.15816609753491,47.11521526866174,47.088248129578844,47.081973840055475,47.09510532978537,47.12138046837712,47.18672574383906,47.292180466914544,47.428064442970694,47.584414019433446,47.75225052040086,47.923670090509944,48.09137760689364,48.24848368708422,48.38969818084007,48.51591764643721,48.63063722176271,48.73798670813605,48.840801985153114,48.93920576071604,49.031023800273594,49.11333982894305,49.18224213918792,49.229872107944196,49.25561711618413,49.27091919504154,49.292775571976065,49.33951421961778,49.41239531179531,49.51202547028079,49.63086676987188,49.76860154578359,49.96506581316715,50.14102746800318,50.27541494528221,50.39973213311195,50.531248410401325,50.64268082927515,50.726864719573946,50.785080037648285,50.805177047627,50.794162948349786,50.764090739333966,50.72183618010639,50.674979859462006,50.633869809595566,50.609424043622,50.61263999318948,50.65249583150346,50.72812480216292,50.82958003136876,50.95489971101702,51.12702173511484,51.313527430015625,51.47989146646026,51.590771358174656,51.74359401667643,51.89673034464218,52.037262489765624,52.15840114846611,52.25334317081295,52.331469933440715,52.39281089628011,52.436136506019444,52.46442690008486,52.48142400761446,52.481762946330164,52.469714085713015,52.45569649758053,52.45112777040427,52.46931154161077,52.5073272958548,52.56231622752015,52.637920489142566,52.72951966417122,52.83447404743122,52.948585456862666,53.0570946173541,53.15174218144914,53.21898009908498,53.26032471523344,53.266370546627655,53.236893109775984,53.17173827356471,53.081930189408965,52.975465830387854,52.88828061074042,52.79354090650281,52.65783057197298,52.56716224017492,52.50490701928732,52.51556419451393,52.57386478013576,52.647956939403585,52.73879071261951,52.8338872975528,52.932881546517045,53.02740992433469,53.116096006127314,53.18587985737554,53.222895116928854,53.22447586582763,53.198093182209426,53.14911813890247,53.076771465374186,52.989794693220084,52.897003546616034,52.8127989536784,52.75352736167678,52.73206187022091,52.739372806661464,52.76206279647509,52.801481890662274,52.85469064228595,52.91558122753997,52.99393292401629,53.088695091724524,53.19499643278444,53.28964937685344,53.36477755810811,53.432755771082384,53.492204460676554,53.53881752986655,53.564877772480756,53.57025386766214,53.564736291852626,53.55677041348064,53.54875946317731,53.54832682770234,53.55746972992077,53.586757108696794,53.636575319963605,53.712742287618035,53.808345168746975,53.92138840743508,54.045049579507804,54.17369907642276,54.3022100273498,54.42578181558742,54.539870728914046,54.63981781888828,54.71707953225764,54.779268983363046,54.8220078208457,54.84844042338961,54.85218652029006,54.840472427785585,54.819049318522445,54.79458333252939,54.77530186917845,54.768778416501846,54.778968576711364,54.80765995665175,54.851276532718266,54.91339195204834,54.990847615974296,55.07330519070629,55.16216461507642,55.254898821114885,55.34799755285317,55.43828975696763,55.52346597081465,55.601887879230354,55.671009915783785,55.72853428412941,55.77473596202116,55.8108660932203,55.838363022349256,55.85856889575278,55.872808373583744,55.883141848816145,55.89221633319134,55.903140538461365,55.91948287589113,55.94511053015165,55.98322566104147,56.033963209313015,56.09596674248215,56.167269378110944,56.24588643062862,56.33060097678359,56.42252535052167,56.521126217640145,56.62576061607358,56.733980785483716,56.83810775852597,56.94462162520528,57.05808938059837,57.16475409606017,57.25722746530972,57.34349436192224,57.42767861799726,57.50947156641654,57.584337906594094,57.65982022464374,57.73089916567371,57.7966182337444,57.855722837433774,57.90692232469117,57.95235152814132,57.987255819298966,58.0109682068459
37.34588647752498,37.63794812038964,37.92859036925168,38.21798483299337,38.507384320045304,38.798464470589536,39.092822857540654,39.39103295834516,39.69114569405612,39.99112774006104,40.28950617716619,40.5862273713359,40.882447356689845,41.17846629359057,41.469332165169625,41.76602993398933,42.05702569273467,42.332363874962674,42.60120937756402,42.82438009139674,43.05405617062605,43.29278950785878,43.46636719411643,43.615969564329966,43.74350316319239,43.86210832663367,43.980186558780524,44.10723055463056,44.25094792544402,44.41099561742141,44.58460599751044,44.769201116261456,44.96251513911776,45.16196693609736,45.359086613651506,45.54835955783538,45.72753902032334,45.89238490292397,46.052466626984504,46.19338316999063,46.30917514285381,46.39823600103469,46.44597978591247,46.46618141322989,46.458896107597596,46.44369587274448,46.41290155694853,46.377388007495085,46.34142477751245,46.32656268522316,46.32825234762166,46.354520964866076,46.40713631595728,46.47669408701474,46.56742774880114,46.64287814366524,46.72754046268848,46.82394508387769,46.93098046862784,47.040963926153914,47.135387697043626,47.19164855720616,47.23321981801462,47.255705078393774,47.26012830866992,47.25250732150066,47.23994346407516,47.2119972593881,47.17422207768177,47.13436514961078,47.11294046246365,47.112861824817124,47.13260740093918,47.16420596204501,47.23426970638588,47.34329257286052,47.4814176833181,47.638767068179476,47.80656066971828,47.97711165459656,48.143301191964404,48.29835419479531,48.437058477999116,48.56041193592564,48.67197798314953,48.775926936229055,48.8751721644127,48.97001371699412,49.05859608902454,49.138506041636944,49.20633138609093,49.254202691938936,49.28124896317092,49.29862779194088,49.32328358831889,49.37348898432461,49.44987498205096,49.55240680428804,49.67282483574961,49.81050700530953,50.00605511140005,50.17876654027808,50.30821038807633,50.42844193297348,50.55584188807311,50.662615574526725,50.743877183979414,50.80026540547344,50.81824974223479,50.8056116119018,50.775293076740574,50.73389562131838,50.68939152810425,50.65247625696525,50.634035815587964,50.64381457196257,50.68961010012272,50.770342192724804,50.87573776549389,51.003354952744864,51.17731681183041,51.36358355558041,51.52815221376368,51.6360273696946,51.7856629842001,51.93475272682229,52.07080531682738,52.187749478699644,52.27904940727427,52.35351214288185,52.410069523746955,52.450625892563146,52.47678449813078,52.493312138894225,52.494580749039265,52.484026409123665,52.472501230861326,52.47113335315968,52.49283262972348,52.53377317757218,52.59050195410383,52.66622300138358,52.75580434622477,52.857865254066944,52.96869191708993,53.072141772277625,53.1632394060904,53.22519283144094,53.26253174156939,53.266509325685576,53.236428670781635,53.170542815153695,53.08103052101681,52.975534794074,52.89343253098554,52.80263714320113,52.66635135325244,52.57986819418013,52.52220934732092,52.53889466644841,52.601724986811845,52.67818091883649,52.76969658750128,52.86326747836077,52.9581576303973,53.04652166876033,53.13010610673905,53.197442350572636,53.23243870064709,53.231548949534215,53.20338215836019,53.15381839756089,53.081388463691965,52.99590089377358,52.90614416599935,52.826063330092396,52.77134896786058,52.75416804463196,52.765342965038705,52.790572963009225,52.83199982721236,52.886535821098704,52.9482056767169,53.026926219815074,53.12156158497305,53.22713603084496,53.320811275523845,53.39486357806252,53.46124843292574,53.518634343826264,53.56302565304935,53.587417002310254,53.592129464668254,53.58676173704616,53.57999395585478,53.57406962251199,53.57686822495301,53.58948040330692,53.622714868448035,53.67596105603135,53.755261050970326,53.852051830722445,53.96501178793719,54.087568744222416,54.21432324666489,54.34034162051206,54.4610332570948,54.572086631550995,54.66903222057053,54.742275825251554,54.801437133377824,54.8412165339928,54.8661549902614,54.86871087960633,54.85700657219107,54.83667473206074,54.814228563575256,54.79777612150786,54.79472014188396,54.80847448020314,54.84030713241346,54.88578204956087,54.949330156558766,55.02793442349648,55.11037044841688,55.19868852403308,55.29048715330654,55.38234116899655,55.471171610971126,55.55477011955589,55.63160690599633,55.699231593069186,55.75541706498751,55.80046236266189,55.83564030377199,55.862461917700735,55.88242308174306,55.89701906084432,55.90829141902861,55.91880666215891,55.931589483294665,55.95013759690189,55.97824838294827,56.019017892063324,56.07239702123768,56.13683924424929,56.21022157359923,56.290454778025705,56.37627421597776,56.46883759485016,56.56769882926865,56.67226791936389,56.78011422589848,56.883527063495904,56.98911102246531,57.10152800827127,57.2069401443818,57.298077876380475,57.38298064572783,57.46579496672672,57.54623899420501,57.61884009168961,57.693184048790464,57.76316475089219,57.8278731511583,57.886130554018955,57.93672450006413,57.98252339945564,58.01760116753718,58.04223591677065
37.43874552415621,37.733186657301005,38.02536515934416,38.315515184404,38.604997581912,38.89563452368056,39.18918379440828,39.48635489438748,39.785166605609895,40.08348930894194,40.37976309917875,40.67389272853419,40.96700857709622,41.25943136451482,41.54526311782859,41.83859361618197,42.125658187453105,42.39562957974749,42.65958016552043,42.878753807321544,43.103983722627866,43.33641051649246,43.5072008897069,43.65522465476449,43.781982531311094,43.900810457719196,44.01986501033516,44.148515959163866,44.294263206920135,44.456319208855255,44.63148344685448,44.81678468309509,45.009585108237076,45.20710830836281,45.40117704186511,45.586693589135535,45.76176718425177,45.92115241362631,46.077391779057116,46.21364776330213,46.32463855345149,46.41061979909043,46.45232114224741,46.46926136023925,46.45986220340908,46.44724755833308,46.41869052950119,46.38613213699523,46.35323948792212,46.34394697040085,46.35070475504869,46.38131127708793,46.43701905562307,46.50775290025229,46.59973243181718,46.67462524086449,46.75809401517875,46.85338312127654,46.9580312070437,47.06582323078753,47.15760397239964,47.21008485301547,47.24880290941291,47.270504629524176,47.27381672892101,47.265397716071845,47.25399824163889,47.22699523433314,47.19115162170005,47.15456310539381,47.13877271035071,47.14491655027817,47.17119771130215,47.208032858311526,47.28265379943968,47.39502564907476,47.535145250745174,47.69324301064512,47.86075359604774,48.03021988639694,48.19471056158809,48.34757417699983,48.483681138103634,48.60412398723009,48.71252888840575,48.81310621978295,48.90885086937268,49.000248234741356,49.08577160690423,49.16351457676987,49.23053656884507,49.27889511315338,49.307442498162956,49.32705641827089,49.35461613213426,49.40830493214519,49.488115970656175,49.59338306865788,49.71514660380524,49.85249474759182,50.046759092048134,50.21592775326553,50.34022160367161,50.456147464765536,50.57927679732219,50.68140075269744,50.75987896447663,50.8146457645181,50.830803580574646,50.81687652548385,50.786665087396045,50.74647296422084,50.70462880113866,50.6721398383176,50.65982692725653,50.67616974581101,50.72779133377199,50.813431293769526,50.92252936387301,51.05217447383394,51.227624299752726,51.4133807730867,51.57600176426052,51.68078526621639,51.827080108722164,51.97203141997139,52.10358324499137,52.21637136459295,52.304110840860524,52.37503544961248,52.42696098553561,52.46494772465121,52.48928537189338,52.50545947070002,52.50788663119786,52.49899987786525,52.49007262666896,52.49191062268887,52.5170179389135,52.560706716702754,52.618964033638306,52.69457258265998,52.781910496107386,52.8808647350404,52.98819843837139,53.08639079033295,53.17383244485218,53.23046333406364,53.26383562033872,53.26592189984022,53.23551264674671,53.16920386995396,53.080284399210065,52.97602927970969,52.89904674338709,52.81225200169995,52.67581518550184,52.593553285441054,52.54045515617896,52.56298298558843,52.630069055438504,52.70859481035181,52.80049055314548,52.892254271819176,52.98279181422819,53.064821323989214,53.14319443795022,53.20806394359872,53.24114369298503,53.23798704457096,53.20829369994303,53.15842998631949,53.086224812007416,53.002515569987146,52.91604204798277,52.84026827137833,52.79020143731879,52.77727728994792,52.792199941576776,52.81983446840962,52.86308757231547,52.91874255796807,52.98098045071266,53.059859366076786,53.15417580890684,53.25886341790835,53.35144604760263,53.42436799526504,53.48917771164646,53.54459376632387,53.58691656439824,53.60983455189539,53.614104261800655,53.6091172842068,53.60376109725814,53.60008893216459,53.60621860194591,53.62235039456075,53.65949847133725,53.71608231767701,53.7983451595436,53.89615063665184,54.008837111045956,54.13009279361317,54.254758383815464,54.37810563459999,54.49576686757397,54.60367572601029,54.69756567526395,54.76681955123489,54.82302128625834,54.85997048715236,54.88358872578746,54.885190311733226,54.87375922596502,54.85478497301232,54.834603602018944,54.82116379928592,54.8216560318542,54.83895855846805,54.87384890167817,54.921085137852934,54.98591886872297,55.06548105125282,55.14772634699767,55.23533260141938,55.32603089277363,55.416489814300114,55.503731055127766,55.585656023943415,55.66085355483183,55.7269796236616,55.78188667241485,55.825889603692495,55.860268374849284,55.88659042950036,55.90648830834394,55.92161224320987,55.93397618836991,55.94605834949302,55.96079202141422,55.98159857777646,56.01220155201089,56.055589652298934,56.1115357838434,56.17831280882681,56.253651900566474,56.335367983498365,56.42215395027115,56.5152150255981,56.61419685072604,56.71856816069633,56.82592380811812,56.92853156587327,57.03312003702955,57.144447067741844,57.24859373273962,57.33839808587227,57.421952412088444,57.50342508734595,57.5825610456155,57.65296929248292,57.72624632387597,57.795218661642586,57.859021584794995,57.916547763319386,57.96665815264326,58.01293868666634,58.04831586150147,58.074034718741835
37.531967644869674,37.828768795392186,38.12241452109213,38.41321985360653,38.70266390834168,38.99272446683043,39.28533086692897,39.58133849356183,39.87873292037858,40.17528405182929,40.46934193186259,40.76076919913073,41.050671961000056,41.339391796391695,41.62010780669609,41.909958416225905,42.19301337573008,42.45761760781208,42.716695072070095,42.932219403111795,43.15317882741859,43.379165103714215,43.54742844315893,43.69414436625961,43.82041817629796,43.93971545546267,44.059920629730705,44.19026213323016,44.33802355065864,44.50198885531293,44.67854955951656,44.86436528121303,45.05644717336106,45.251839935036536,45.44267264432489,45.6242708312322,45.7951080867783,45.948986194004526,46.101374333880116,46.233018473423165,46.339292146223485,46.42231115296662,46.45821999321388,46.472186372950965,46.46094225378111,46.451155625863706,46.42508925796287,46.3957112390682,46.366071299033486,46.36236624883673,46.374137215628394,46.40895515213581,46.46758587116835,46.53934107258374,46.63232544636236,46.70649178747668,46.788593286976614,46.882613496549105,46.984709670790615,47.090198896220016,47.17928124130939,47.228049349331926,47.26403694616206,47.28511226277203,47.28751408767897,47.27851975573747,47.26848514740171,47.24265383885344,47.20894312400797,47.17578127678561,47.16569933742473,47.17808436155202,47.21080238057946,47.25278130874366,47.331799080676696,47.44730913790142,47.589191351890406,47.747805094618826,47.914813335566514,48.08299916546333,48.24562840032635,48.39618152186181,48.529615643970665,48.647111781649144,48.75235391265396,48.8495923362488,48.941907372764746,49.02997711737832,49.112612389184086,49.18841542400118,49.25488962042043,49.30396167568895,49.33419094962454,49.35618066304305,49.38673353845505,49.44391133586171,49.52706163110737,49.63489832070518,49.757785744437534,49.89453736894714,50.08716658229265,50.25252671927682,50.37150337597741,50.482928434819044,50.60164849092461,50.69914782045416,50.774972453715556,50.82829885285962,50.84290324182114,50.82801208179781,50.798243057295565,50.75958563191813,50.72068901690342,50.6928362379283,50.686750816426134,50.709641530235984,50.76696742576295,50.857319598791825,50.96988855612908,51.10130376708103,51.27789203875037,51.462884228890225,51.62343443125526,51.72507248061578,51.86788728163324,52.00862142478236,52.1356609711456,52.244334911679324,52.32859177450318,52.396098178913874,52.44354368440386,52.47914305958921,52.501945578503076,52.51787501850174,52.52167496994603,52.514610573442525,52.508371813446814,52.513412040577904,52.54181794248201,52.58808256376487,52.64766633403864,52.722946447202766,52.807834162836784,52.90348603858861,53.007131135697335,53.099887265706535,53.18357496158861,53.234867852866294,53.26431774969706,53.26467490203843,53.234182127297615,53.16774086747697,53.07969589672179,52.9769474499912,52.90507456356309,52.822312148575804,52.686199563595956,52.608179810893304,52.55960471033676,52.58778505356096,52.658854008588925,52.73916674242597,52.831156758815354,52.920852482650226,53.006814080737676,53.08237238922667,53.155440232452946,53.21781434721106,53.24907124676712,53.24384886390232,53.212876818052244,53.162983422264894,53.091298458457686,53.00964037201541,52.926681569521904,52.85538152261529,52.8100399488848,52.801338650262636,52.81988807945643,52.84980006823043,52.89470721643394,52.95128545395362,53.01389460349378,53.09273637005836,53.18655627599267,53.290210581687866,53.38159509338124,53.45333727781163,53.51659345392673,53.57013314288115,53.61053887594463,53.632172861639255,53.63620773430158,53.63181708465003,53.62806901195089,53.626799122592544,53.636344576021635,53.65603959127114,53.697058730185695,53.75688630706742,53.84193449566165,53.940589863411134,54.052827018660565,54.17260232159458,54.29500470333189,54.41552208566264,54.53002087488993,54.63469068137066,54.725479504216395,54.79078728660524,54.84409578298301,54.878338982588275,54.90079142566292,54.901661266011885,54.89074966761045,54.87337967063955,54.855687386985544,54.84542455534344,54.84953035876239,54.87035541754037,54.90821575219332,54.95712428745774,55.0231028002393,55.10343560584786,55.18533478871832,55.27207446465993,55.36152413384585,55.450453957249096,55.535993937189915,55.61616290092324,55.689677171196685,55.75430884506582,55.80799775594813,55.851067288842664,55.88479142776849,55.910778999370415,55.9307829634564,55.94659342165081,55.960188614712955,55.973951510823404,55.99071736950467,56.01382596022225,56.04692312644203,56.0928892751823,56.151325758741685,56.220334622714475,56.29751157211659,56.38058423708295,56.46820800117411,56.56163725931947,56.660612707703926,56.764666639605736,56.87142716880627,56.97315063063348,57.07668768457405,57.18689271147252,57.289766699268036,57.378243306337914,57.46046626144162,57.54062522261998,57.61849170875972,57.686787124119974,57.75906156387431,57.82710740805477,57.89010149074705,57.947003473311334,57.99674306481432,58.04359896297954,58.07939132759144,58.1063420618121
37.625534250393464,37.92466868169683,38.21971169937819,38.511076660823804,38.800369930239285,39.08973247823139,39.38127507450644,39.676007547309624,39.97188065640583,40.266559548891934,40.55830121250422,40.84692569443068,41.133516051098034,41.41843485363559,41.69397292807167,41.9802254443475,42.25918792619561,42.518435119464954,42.7726605916914,42.9848598584089,43.201712581235675,43.42115205554311,43.587128502324276,43.73277858474238,43.85883634795422,43.97882632071204,44.10033717874949,44.23243867179233,44.38219002839791,44.547962977630405,44.725765727858445,44.911912754607066,45.10308515585646,45.29616431593671,45.48359670075832,45.66113499105933,45.82762383285852,45.975975673570694,46.12450632327498,46.25159259879906,46.35323595901178,46.43338961629205,46.463764480201185,46.47503408239823,46.462213272864766,46.455456966086764,46.432111941761626,46.40612069909823,46.379910777243474,46.38178505950838,46.398501773997296,46.43739755808991,46.49878048808911,46.57141579119366,46.66516387082598,46.738448537069836,46.819024617075414,46.91163356000095,47.011033380734624,47.114122188247826,47.200463591785265,47.245609979782934,47.27899910426294,47.29959209744051,47.30127546304152,47.291919412409136,47.28342343395827,47.258977854284886,47.2275849790237,47.19799180456092,47.193674807870366,47.21231160375214,47.25134752847631,47.29837146490832,47.38162660777309,47.50007248168466,47.64350019339222,47.802416567889,47.96872392445183,48.1354538713479,48.296077392740806,48.44421411754527,48.57491147841732,48.68943330048142,48.79151703101675,48.885453063077605,48.97441094732054,49.059268168325595,49.13918047113553,49.21325857299018,49.279422473787086,49.329414683647094,49.36148754601988,49.38597611526882,49.41959614231409,49.48025746825627,49.566655316900935,49.67689661774489,49.800695928045286,49.93660746569216,50.127266409314764,50.28857905062324,50.40211048890302,50.508864549464946,50.623052321656495,50.71596823446382,50.78926004434617,50.841302408575366,50.85461340514884,50.83907267354559,50.810063272434355,50.77325104751461,50.73756951373675,50.71454114007303,50.71476092089522,50.744165940738654,50.80706626940722,50.90193460128643,51.01774907188498,51.15068832528296,51.328067868692024,51.512059069346826,51.670444528052464,51.76891644576866,51.908126394323936,52.044577741948096,52.16710319217805,52.27170822549196,52.3525565111337,52.41675865606734,52.45987602310944,52.49325295468275,52.514781175090214,52.53056779776928,52.53594014242381,52.530834577360274,52.52735991963816,52.53559006841283,52.567183113730216,52.615855369276936,52.67657272321983,52.75132180924288,52.83357139543066,52.925742712948605,53.025516124057994,53.11267679258484,53.19252062015382,53.23848263376213,53.264059527800065,53.262834965227015,53.232474202060665,53.166173237234275,53.079269086284974,52.978287467614805,52.91146730713157,52.83274425040529,52.697481982409556,52.62371006747251,52.5796182742696,52.613256771992965,52.68803686883632,52.76986484353537,52.861679353774164,52.94906691557607,53.03025441265374,53.09923836367804,53.16692272293945,53.22676327216703,53.25628251481781,53.2491931204928,53.21718052378217,53.167509222483595,53.09662735117999,53.01727695001306,52.938047107572324,52.87137082888245,52.830819681392036,52.82630116967002,52.848351721858414,52.8804225180258,52.92682085003006,52.98413911011492,53.04693718902684,53.12556123901669,53.21872149869724,53.32120950989677,53.411299813151174,53.481817893798265,53.54354550644868,53.595302888209964,53.63394119971997,53.65447437194498,53.65846935741337,53.654875289691304,53.6529148741932,53.654181924253265,53.667212764520784,53.69050788102699,53.73534645781459,53.79832022636947,53.88596894164833,53.985317787876305,54.09694415268023,54.21507792208108,54.33506242067156,54.45261098974908,54.56383350690767,54.66518416671091,54.752835028675655,54.81425560776013,54.86473496453033,54.896391322564426,54.91781288558291,54.91816019178338,54.907997175630456,54.89245845420475,54.877458857600324,54.870518042511236,54.87828739495841,54.902599663454325,54.94333817170626,54.99383798823858,55.060826662806164,55.141746193886114,55.22315767584849,55.30889173117931,55.39696097085287,55.48424406632879,55.56798610490987,55.64632996744139,55.71812710055074,55.78127409478665,55.83380496512404,55.87604502184209,55.90925058384596,55.9350580689332,55.95532543498148,55.971968097137506,55.98692115593062,56.002466261779844,56.02133474425064,56.04677988594667,56.08236619534407,56.13086509414739,56.19171320754397,56.262851872411886,56.3417518013535,56.42606172881586,56.514404190196984,56.60808391256836,56.70693882589385,56.810568655626874,56.91664194462658,57.01741362275205,57.11985298077498,57.228911091925696,57.33051088210149,57.41766875033026,57.49857879422488,57.57745161531383,57.65408497174938,57.72035520174678,57.791684282759576,57.85887750025868,57.92115082510709,57.97752669197112,58.02699901896317,58.07450580160136,58.110818992206575,58.13913539503394
37.71942675145567,38.020860463248624,38.317229939084896,38.60906342627866,38.89810227850968,39.18665673607568,39.47702741654441,39.7703858470724,40.06464583173531,40.35736338029875,40.646699478390126,40.9324311257393,41.21561939008682,41.49664780066089,41.76696517825493,42.04949581077314,42.32427850747971,42.578189275014694,42.827583218862785,43.036758152854276,43.249656080316505,43.46247015799827,43.626379715054696,43.771177196139796,43.89726329608109,44.018146054315324,44.14109841917386,44.275015169813344,44.42672371187632,44.59419999664365,44.77309334424191,44.95939694726892,45.14948287709002,45.340083950881436,45.52397249089292,45.69732977555094,45.85937652744798,46.002210281836845,46.14687977906314,46.269467437875,46.36657002965841,46.44393474269555,46.46904274459861,46.47788211961419,46.46375227481115,46.46018846975265,46.439772780325484,46.41735590246958,46.394748488949006,46.402167941393344,46.423750474791944,46.466583463030425,46.53054663188134,46.60393424326659,46.69820478359734,46.77046624321193,46.84937434446854,46.94044066193763,47.03701985774183,47.13762437266742,47.22119511183967,47.26283467799601,47.293766559716374,47.31400825283272,47.31515593310641,47.3056426579985,47.29883235390324,47.275972061963365,47.24706558116545,47.22116682949451,47.222653585872344,47.247544621991956,47.292759274697836,47.34472347837248,47.43205743840514,47.55324512276863,47.698015981889114,47.85704067824406,48.02246939888094,48.1875883836029,48.34608022339312,48.49170985221423,48.61961812426064,48.731146525025544,48.83008221861669,48.920756177720406,49.00643086577177,49.08818919100378,49.165537888030045,49.23809401339623,49.304167061915116,49.35526644112929,49.38932551581318,49.41641836395971,49.453164278744254,49.517292602111006,49.606840381533274,49.71932201709189,49.843830825027275,49.97867763414358,50.167047400295736,50.32410035961598,50.43209772635779,50.534035515034134,50.64358364229388,50.73197345139327,50.802844129018446,50.853734169742744,50.86599874973231,50.85011269342908,50.822162018807624,50.78748663411465,50.75526762997682,50.73723022902739,50.743810678462275,50.779678992820216,50.84801575801655,50.94720379474812,51.06604464076366,51.200273641236464,51.37809962944631,51.560870440812266,51.71702636795666,51.812344594550865,51.947839338184856,52.07995537216147,52.19797460497673,52.298559411564135,52.37606935368356,52.43707520635406,52.476016404410096,52.507318467237404,52.52780821878522,52.54354682397256,52.5506765257713,52.54764797112321,52.54699807368637,52.55839716777975,52.593063925959285,52.643979783757295,52.70564706909691,52.779675883011336,52.85911824290666,52.9476483063574,53.043379518443686,53.12480496515437,53.20072308440189,53.24138392266432,53.26314235280335,53.26046872235282,53.23042596066225,53.1645204087373,53.079008040632644,52.98004749527681,52.91817628971055,52.843474973764906,52.70963993681742,52.640106352114294,52.60045611245281,52.63935404251141,52.71757465875391,52.80065724215644,52.89204248728515,52.97690237531895,53.05314279270429,53.115482746548665,53.17772114210185,53.23498042922389,53.26283864996158,53.25407852730681,53.221253828227084,53.17203790406213,53.10222943831152,53.02542695413471,52.95012303908962,52.888203935258844,52.85249581367388,52.85211389226392,52.87753521196352,52.91165457334984,52.95939056356613,53.017278127511524,53.080097261278404,53.15833798020873,53.25068998948727,53.35189219024831,53.44060160720385,53.50985631132085,53.57008371589452,53.62015341702211,53.657172147755695,53.676781523215695,53.68091860637827,53.678306050646114,53.67829585824521,53.68221906760418,53.69878978478394,53.725715151417134,53.7743124670452,53.84033127775002,53.93038837982747,54.03028268692332,54.141151155004145,54.25750018898722,54.374931751291875,54.489392362908376,54.59724299149216,54.69520885110978,54.779693569889595,54.83730109109712,54.88501317187871,54.914196809344695,54.93470290124252,54.93472353838885,54.925521028528046,54.91202095297028,54.899896952988456,54.89640391362011,54.90787141279213,54.93562590224421,54.97914664796444,55.03116473005876,55.09903516812193,55.18036092197211,55.26115691065783,55.345762018402105,55.4323354981244,55.517870610024424,55.59973340603998,55.67619644044388,55.74625268835374,55.8079302103288,55.85936294947929,55.9008724064204,55.933686964398014,55.95945807981109,55.98013411082018,55.99774177064036,56.01416626989582,56.03158271799218,56.05261336233673,56.08042049665711,56.11848384781944,56.16946544262816,56.23264439186171,56.30581174441876,56.38632380138111,56.471758648733534,56.560710338850065,56.65453460189881,56.75316763098737,56.85627950829456,56.96158577224273,57.06134990720446,57.162654941308354,57.27054836156379,57.37087811937442,57.456729630402045,57.53634661087577,57.613960508192434,57.68939482269616,57.75373514050932,57.824168994505904,57.890575448384176,57.95220754396767,58.00814642727509,58.05744579747558,58.105660775737874,58.14259028174643,58.17239216745998
37.813626558784414,38.11731828708122,38.41494248509485,38.70715797019393,38.99584758405776,39.28349541855557,39.57259889244658,39.864497184291636,40.1570644644107,40.44774312621859,40.73459526680684,41.017354404361775,41.29706052066308,41.57411790188199,41.8391912535454,42.11787062572918,42.388381788212364,42.63698723476982,42.88156944806262,43.08799726608933,43.297080420898546,43.50321819709877,43.66526072920193,43.80939008637888,43.93572527047981,44.05767765712048,44.18218811278612,44.31796122225606,44.47158567283225,44.64065833318866,44.820493801028746,45.00678770319033,45.19562415842854,45.38360133968888,45.563823294456164,45.73289889164099,45.890428275502224,46.027779448315066,46.16858673306605,46.28674028909631,46.37939439600536,46.45402608580593,46.47414292779544,46.48080811563206,46.46563627377138,46.465387027611776,46.448085973082506,46.42941223456645,46.410575000547006,46.42347943346918,46.44983536264888,46.49645783503749,46.56282802804103,46.63685361598713,46.731405263065696,46.80251565947097,46.8796288081494,46.96903215266474,47.062686622678314,47.1607367152752,47.24151988948501,47.27979137759859,47.308416488523264,47.32842484825182,47.32921057597135,47.31973546441717,47.31473115983124,47.29364124322476,47.267373324851405,47.2452784923611,47.25259013561536,47.28372976138492,47.33496373894923,47.39175750070311,47.48301263024903,47.606756503497465,47.75268292401953,47.91164067347244,48.07603379503109,48.239407081780534,48.39565957684497,48.53870661403275,48.66378506431769,48.77230943658011,48.86811345057637,48.955569457628265,49.03803640085009,49.116807988833436,49.19174667513904,49.26297173487866,49.3291553177746,49.38152925223698,49.41769808746867,49.44748299812717,49.48739828277838,49.554966010208005,49.64756017850077,49.76211857606113,49.8871441057823,50.02072047061808,50.20649838241676,50.35910625856637,50.461519872251046,50.55852103785752,50.66333780561289,50.74727492790942,50.815827100382364,50.865671874439094,50.87712395474608,50.86118653415023,50.83457558241061,50.8023098148226,50.77378070396186,50.76087918906706,50.77385352692572,50.816116701981855,50.88974378490257,50.993054672671626,51.114708992388,51.250005207738376,51.42793516088186,51.60928348964235,51.76317426427237,51.85538435983825,51.98706800460664,52.114809316115355,52.22833990642965,52.32495657542906,52.39919460508422,52.457106155055385,52.49202323106358,52.52138065455879,52.54104276671847,52.55682111258149,52.56587849712852,52.565026836236136,52.567247404034724,52.581785800264704,52.61941085247042,52.672410457724325,52.73485323958489,52.807985882739096,52.884470754282496,52.969216367052034,53.06074743384471,53.13631737760158,53.20823601818699,53.24364796548608,53.26164762286258,53.25764280636264,53.2280744927287,53.162801811497566,53.078916832497846,52.982225695673485,52.92515282691807,52.85443098523123,52.72265092169432,52.65733096175431,52.6220784893617,52.66603276674325,52.74742440091486,52.83151206676559,52.92223030861161,53.00436366660099,53.07550920361735,53.131169037043875,53.18791472263236,53.242535529138934,53.26880080502285,53.258563797308874,53.225145742481324,53.17659998408704,53.108122667989434,53.03409203453502,52.96289374102938,52.905848586823616,52.87502352456379,52.87872586213823,52.907382892952484,52.94344898975671,52.992378447504485,53.050677107203,53.113363874215004,53.19107060089137,53.28248026082953,53.382290610455726,53.469541875830764,53.537498998475364,53.5962579289464,53.6447351440294,53.68028033208324,53.69913675585448,53.70358495643859,53.70212351882995,53.7042091383671,53.71089228310272,53.73104225415172,53.76162129003051,53.813907570698746,53.88286666337592,53.975132692522905,54.07543283742815,54.18541066753145,54.29984971622746,54.4146129106502,54.525886221189616,54.630287556508414,54.72481740364605,54.806116449106035,54.860000313013735,54.905004746006625,54.931824745193005,54.95151126833684,54.95138775516938,54.94334050480631,54.932066796198484,54.92298061227513,54.923041821500874,54.9382266846134,54.969368739944244,55.01557166871524,55.06904300278155,55.13767302788498,55.219227896710315,55.29929439541598,55.38266294375291,55.46764180999011,55.55134405682129,55.631261688332586,55.70580153687673,55.774103280065525,55.83433202919709,55.88472635855063,55.92559904630731,55.95814169074103,55.98400947362641,56.005227378873506,56.023919943129755,56.041916414481456,56.06128099509013,56.08452244044758,56.114707934060995,56.1552291729706,56.208638654058596,56.27406557330636,56.34916142523482,56.431178785303345,56.517633186872274,56.60709426864371,56.700968943864886,56.799291548676024,56.90180449714353,57.00627628831833,57.10498884896618,57.20513258185029,57.311850672849225,57.41092024922121,57.49548115910614,57.57382631183181,57.650208144020844,57.72447524971183,57.786988555553535,57.85657021308741,57.92224776256116,57.98330960342138,58.03889168719957,58.088103182737385,58.137065458595195,58.17469662261055,58.20608982814281
37.90811508310777,38.21401630022827,38.51282258229063,38.80533811279249,39.09359247778842,39.38024670386327,39.668000501616675,39.95836535040882,40.24917257247568,40.53774636682031,40.82204711504084,41.101764441603336,41.37791798552348,41.65093242171325,41.91075785024265,42.18545099944201,42.45159443702356,42.69493615903889,42.93472577376933,43.13866017775543,43.344056699219195,43.54349495886369,43.703850192617764,43.84746714138666,43.97424852095157,44.09742412997551,44.22359002136866,44.36124642408345,44.51673698300407,44.68729640810141,44.86792849058072,45.054054866363025,45.241492821238744,45.42671898217718,45.60317239117555,45.7678860462635,45.92084118197682,46.05277260251739,46.189719217105136,46.30350845090821,46.39180909589463,46.463743199252,46.479153171180975,46.48388970148497,46.46794228389654,46.47108953041456,46.457065719460736,46.442285080773146,46.42738087843435,46.44568407471346,46.47670848220461,46.526965642191314,46.59556840206414,46.67013109653985,46.76472238762035,46.834567539415,46.90977434711134,46.99740538248781,47.08805119641013,47.18349048186763,47.26148201273366,47.296548012218146,47.32302606668441,47.34290600300096,47.343494469734104,47.3342438035768,47.33113910433693,47.31199017940497,47.288496604499755,47.270298933935486,47.283438921284066,47.320813367044465,47.377887040935654,47.43939368346716,47.53441324098098,47.66053606621534,47.80744522642191,47.96617980136258,48.129401149079534,48.290914345433045,48.44483813765798,48.58524229116482,48.70746178140555,48.812980016443746,48.905674702018395,48.98996068025217,49.06929682528716,49.145192365235175,49.217868867733976,49.28794172709681,49.354419174335625,49.4082154210716,49.44659848945059,49.479145606782694,49.52225848944932,49.59322696532946,49.68875806129982,49.8052303519675,49.93058944070912,50.06270857143233,50.245608182859065,50.393612359785635,50.49043171049211,50.58240082426604,50.68241016438959,50.76198412067915,50.82831135108788,50.87719326074179,50.888053699364704,50.87234858841089,50.84734024923848,50.81773801274281,50.79310607403006,50.78546370446771,50.804842904084055,50.85341508372475,50.93217824337698,51.03941472855166,51.16367585638094,51.29982851758546,51.4775223028673,51.65726336219284,51.808882530304125,51.89806317450664,52.025854284979914,52.14919457450266,52.25826379342484,52.35096782262003,52.42199656826715,52.47690982745255,52.50795490582763,52.53548057395249,52.55450087602037,52.570399679065986,52.581540433635574,52.582947254203816,52.58806903912662,52.605708427453784,52.64617436656478,52.701102041696416,52.76415510259884,52.83622902265715,52.90962497857586,52.99046044326951,53.07764598525126,53.14725962411296,53.21511308536317,53.24535100814063,53.259656736133365,53.25442385020335,53.22545688788638,53.16103687502657,53.0789995346136,52.98482023150111,52.93234823437217,52.86553895138081,52.736492431915,52.675346193328195,52.64444566947154,52.69324884631549,52.7775431178924,52.86239744583922,52.952226967016756,53.03145559414442,53.097383628120845,53.146360734369004,53.19758269722309,53.249498282669514,53.27423013282611,53.26270764346344,53.22890527763919,53.18122597964489,53.11432498835091,53.043273841368624,52.97634359034722,52.924272528655855,52.89835799289515,52.90608612338681,52.93783910800606,52.975758522800525,53.02574659230739,53.08431065024891,53.14672608180321,53.22376310832159,53.31411082519069,53.41243675823229,53.49816201932338,53.564792423357744,53.62211799228651,53.66909848394365,53.70331436473406,53.72158251026449,53.7264978828366,53.72634184555829,53.730651888819,53.74018330120632,53.76393678996471,53.798186184456,53.854082581596465,53.92587358541405,54.02014176205847,54.12071651626678,54.22968533216138,54.34210709771631,54.45410611420401,54.56211258064188,54.66300542982139,54.754062493398465,54.83216498757281,54.88242984990752,54.92478402789253,54.94934443237321,54.968287782561006,54.9681892914661,54.96147488296825,54.9525956131517,54.94668877458552,54.95039141898434,54.96929748277208,55.0037627825887,55.05254372170609,55.10741129627021,55.1766849537937,55.25829522470528,55.337532032392595,55.419572124656334,55.50287400077969,55.584674875204634,55.66259679953998,55.735184473685926,55.80172822114589,55.86053438889627,55.909949841874685,55.95027454523248,55.9826558841913,56.00874269200142,56.03062362704248,56.05050811557604,56.07016404756042,56.091541208703504,56.1170311952678,56.149602339865716,56.192555259899976,56.24833306187269,56.315923013489346,56.39284810135969,56.4762679662241,56.563643533268525,56.65352380108827,56.74736655502063,56.84530300465137,56.94714892170861,57.05073112951705,57.148359813012696,57.24732491807685,57.3528641782444,57.450689109776285,57.53397854899534,57.61107449753049,57.68625076556404,57.7593802409081,57.82017706202543,57.888942452478126,57.953940952919545,58.014494959560835,58.069791479720855,58.11899095713441,58.168721423379395,58.207129441198475,58.240205826134975
38.00287373515385,38.31092864972346,38.61084347555483,38.90358167429714,39.19132359060655,39.47690877019105,39.76324324345842,40.052014136865445,40.341006173973895,40.62742068227276,40.909113560378636,41.18573014876918,41.4582703273647,41.72717862456906,41.98177166464626,42.25233804213799,42.51401312254329,42.752143208130455,42.987158690461335,43.18882986749401,43.39065601151587,43.583399229312136,43.74222675315393,43.88545824709013,44.0128592972976,44.137388473728386,44.2652879067038,44.4048403702584,44.562138714130185,44.73407264221789,44.91535880525957,45.10116828077874,45.28707268688741,45.46943937816448,45.642043060778555,45.802334946352424,45.95067735182731,46.077279173955894,46.21036926300186,46.319869221755994,46.40391416716824,46.47316563666259,46.484161616144505,46.48720450820612,46.470747319337725,46.47733286891139,46.466726218888226,46.45596982647383,46.445156689007995,46.46874640410373,46.504321878095716,46.55805185257207,46.62871147944665,46.703723872109286,46.79811323565061,46.86659263661195,46.93979730034776,47.02555770171242,47.11313109980339,47.20591693824118,47.28112556959801,47.31317251548214,47.337672470200694,47.35751583638327,47.35806269249236,47.34921364738901,47.348075440015,47.3310236518399,47.3104238145287,47.29620029499239,47.31515440706318,47.35874178408405,47.42145530036229,47.48755217823157,47.586180328277216,47.71451325326643,47.86224709573476,48.02062130970288,48.18255549720352,48.342114554112655,48.493638590393836,48.631354771774504,48.7506977583413,48.853216245915064,48.94282994806533,49.0239976230432,49.100281411814684,49.17341012362954,49.24396650108631,49.313053979710006,49.379990564568246,49.43533725173464,49.47601995022316,49.51138177893773,49.55770523378993,49.63202474025743,49.73037738342682,49.848601402125915,49.97412050020653,50.104614532903,50.284365628803855,50.427634275585056,50.51888802499031,50.60575458059059,50.70089607140004,50.776212486369374,50.84039927378498,50.88837606672825,50.898852662762806,50.88365324891299,50.86049230528649,50.833788650979635,50.81324107851961,50.81095945950498,50.83673224773572,50.89151015355005,50.97524702675146,51.08621145588303,51.21287896236538,51.34968906357451,51.52680889527128,51.70477520481956,51.85414547935647,51.94040847143186,52.06424007069526,52.18316614801625,52.28781096285025,52.37666125867024,52.44453954616384,52.49654454882681,52.52386983146002,52.54965928272409,52.568198603821315,52.58429153889595,52.597656712432524,52.601385306530965,52.60942410740534,52.630117510933054,52.67330494154356,52.730009186191936,52.793516526053736,52.86438251699646,52.93457696480447,53.011394083246884,53.09410128765367,53.15767729887495,53.221407949784584,53.24656929654117,53.25725109077135,53.25087848682176,53.222610235761664,53.15924502883578,53.07926021971292,52.98782926545597,52.93971382769087,52.87672553879022,52.75114196235429,52.69411434377153,52.66751791725766,52.72095818285503,52.80788783225974,52.89328150785376,52.98201661176387,53.0581829626714,53.11879604894271,53.16112133772939,53.206804298566254,53.25593840057291,53.27918778619579,53.26656877873498,53.23258144479501,53.18594640782219,53.12085434753315,53.05297402479018,52.990456963998675,52.943443505834686,52.92245439750136,52.934143720103535,52.96884820030503,53.00853592803545,53.059457088437185,53.11815335770881,53.180172938009555,53.25641950975627,53.34560019503752,53.44236262129127,53.526503437973155,53.591783054063946,53.64771375259702,53.693293851476675,53.72632285773957,53.74416122684884,53.74968686081457,53.7509751821466,53.75762128386112,53.77007385237242,53.79744000956351,53.83536972228245,53.89478831255962,53.9692992460313,54.06535547075801,54.166082000315185,54.273937790793106,54.38425292736825,54.49341157741062,54.59809145731421,54.695434839296105,54.7829967894458,54.857900506537725,54.90466627817602,54.94442535851489,54.9668251731492,54.98508223961013,54.98516459662009,54.97994344151693,54.97360703309228,54.97100037904488,54.97841235890131,55.00102807961806,55.03874263621184,55.089993294684376,55.14620810038805,55.216015657546464,55.29751101256154,55.375831723857324,55.45646717853694,55.53802616482283,55.6178735336597,55.69376458741451,55.76438446781752,55.82917685705466,55.88659212693113,55.935088048988256,55.97494850692558,56.00727066606521,56.03368817655852,56.056341243228104,56.077511788949636,56.09890162700562,56.12234347446209,56.150108843482,56.18506385577868,56.23041519770999,56.288496999504396,56.35816297402217,56.43681895929312,56.521542557247315,56.60974787795862,56.69996675769407,56.79370705192009,56.891194424605,56.992318081524594,57.09496793250255,57.191492164319534,57.289270965664144,57.39363503021176,57.4902365391741,57.57227701262242,57.64814776840936,57.72214461558702,57.79416378439669,57.853362275070985,57.92134022665222,57.98570152958921,58.0458015684786,58.10087481281527,58.150128903052455,58.200630243296594,58.23988016390974,58.27471761048907
38.09788392565075,38.40802948260044,38.70897840977001,39.00186647493074,39.28902755341703,39.57347979573113,39.858338117375524,40.14546733510299,40.43260128694904,40.716813652744804,40.995853140106725,41.26932043716454,41.538196088883396,41.802943774863834,42.05233939305578,42.31863286404352,42.57573451340161,42.808715542353056,43.038974692616996,43.23858931494646,43.436949454026006,43.623029794463186,43.7804690586622,43.92341328941634,44.051583849319115,44.17757368922708,44.307265530573865,44.44871265574386,44.60775193794896,44.78094545637407,44.96274613742713,45.14809779042923,45.332347576741284,45.51176502746889,45.68045858299268,45.83628929884178,45.97999889000927,46.10138859214261,46.23062890257764,46.3359199000849,46.41580964766819,46.482372951666484,46.48925640407533,46.490830166828665,46.47412839424605,46.48415393385265,46.47708167079301,46.47046185705281,46.46389299866483,46.492630960617554,46.532627594958676,46.58966143425993,46.66220098568457,46.73758912988005,46.831534885545736,46.89856170462986,46.96968400685203,47.053486460644145,47.137943853724146,47.22804735019227,47.3004946480905,47.32973282101802,47.352432875072935,47.372318467701895,47.372970322343896,47.36469096776542,47.365559419460055,47.350746441865404,47.333143349356426,47.32295471630658,47.34769105713739,47.397461357617125,47.4655946369343,47.536153136563314,47.638234949813935,47.768617506994836,47.9170327385965,48.074928446281774,48.23548087558032,48.39301208737155,48.54208361961413,48.677081944025815,48.793542477941976,48.89307610629267,48.97964316383977,49.05774806345237,49.1310594331643,49.201529067437136,49.27010161046743,49.33835848237757,49.405901421442564,49.462907048327494,49.505955698250595,49.54416710360378,49.593698850833036,49.67130860777409,49.77236149837816,49.892175783851286,50.01769095467331,50.14641095134679,50.32275954743236,50.461187618275886,50.54694359965497,50.628662013162106,50.71889087942033,50.79007148164696,50.85219326112361,50.89929803047578,50.90958552411487,50.895154908358414,50.87406803654987,50.85047915263747,50.83418305576872,50.837342138454524,50.869474995679155,50.93033792695897,51.01887802833767,51.133372348160435,51.26225203996427,51.399532338502326,51.57574277796243,51.75178416387829,51.898957424733936,51.98244768348979,52.10226725314332,52.21677903734903,52.31704611159394,52.40210498911295,52.466887841705734,52.51606864445946,52.53982641071849,52.5639578381792,52.58215200725168,52.59850570754125,52.614221710659415,52.62031707472239,52.63127373731425,52.65496551228859,52.70075305070797,52.75908654172924,52.822901377864625,52.892423579988005,52.95932276198598,53.03203083522117,53.1101394560422,53.16761599607407,53.22717427530535,53.24737907660089,53.25451208493216,53.2470733491647,53.219571625980905,53.15744570243669,53.07970296052883,52.99125096023438,52.94720092249219,52.887917414035975,52.7665770078869,52.713597710020025,52.69125549719536,52.74911667798889,52.838415566590086,52.924132381285624,53.01158339211617,53.08455057690412,53.13977644881096,53.17551434633039,53.215658759354,53.26192559360644,53.283734917956366,53.270205916087974,53.236223255043086,53.190791785705514,53.1277286936733,53.06319423495434,53.00521823893938,52.963329263439206,52.94726791721584,52.9628476963823,53.000354513030146,53.041733961015574,53.09347202635616,53.152179830642304,53.21369349680063,53.289043812452356,53.37696688283674,53.47210018734588,53.554607532071536,53.61851735868991,53.67309505656008,53.7173716613403,53.749354423131216,53.76691534601062,53.7731813656148,53.77603767991039,53.78511449775358,53.80054566705842,53.83151853028872,53.87313179109876,53.93597557640943,54.01309084739449,54.11071370094535,54.21147756644933,54.318130685325805,54.42626779909779,54.532529515727475,54.6338428672557,54.72761401279752,54.81167296086681,54.88338432724863,54.926786174216794,54.964003078852144,54.9843362697849,55.0019444351793,55.00235011997247,54.998765458955425,54.995100685282544,54.99589436477834,55.007064294082554,55.03336274750115,55.07424290684789,55.12785087539755,55.18537190499837,55.25560985084166,55.33682336688358,55.41415537207982,55.49332572281933,55.57309239644923,55.650950500671755,55.72479089970852,55.793440736217505,55.85649853325162,55.91256008080642,55.96019562942798,55.99967053511629,56.032027157679074,56.05887636891998,56.08239861533138,56.104936464220906,56.12812161068994,56.15366790799567,56.183724601774784,56.22105262350731,56.26876207550308,56.32907880038771,56.400731716516276,56.481021185534765,56.56695377147685,56.655904410979005,56.74639095997142,56.83997005111732,56.93695823422842,57.03731727612628,57.139004333938466,57.2344152678621,57.33100974028823,57.43420938121367,57.529614375549066,57.61043176254024,57.68510272490597,57.75794593685476,57.82887986828932,57.88660580983616,57.95381804958374,58.01757600270003,58.077267386267266,58.13217069445918,58.18153680287735,58.23279349155285,58.27294021714389,58.30960263025767
38.19312706532656,38.50529294589286,38.80720062981879,39.100170334916136,39.38669099712477,39.66995795867579,39.95329612277171,40.23874873656293,40.52399392944477,40.80597285840531,41.08232439151164,41.35260421809462,41.61777381277624,41.87831513701193,42.12256773177078,42.384436575384925,42.636855278228474,42.864760322015236,43.09028027471475,43.28802149975417,43.483008122987,43.66248544033593,43.818655756994325,43.96138215429226,44.09044842681733,44.2179827773196,44.34950665476121,44.49283287550276,44.65353772619878,44.82787327140594,45.01005187944513,45.194813239306214,45.37730131216717,45.55369842990859,45.718442237545396,45.86979281066554,46.008867901478226,46.12519028658963,46.25059016765394,46.3517577843402,46.427595575236445,46.49144469789253,46.49452567636272,46.494844308385815,46.47816252277261,46.49158961598877,46.48814627460317,46.48575655789428,46.483580373801786,46.51730228323249,46.561577677430066,46.62173935533509,46.69598064627387,46.77168405703668,46.86494441569502,46.93044549703673,46.99942080561755,47.08118900958853,47.16250697903852,47.24991298351735,47.31963333622348,47.34629686245326,47.36738445730202,47.38737801625998,47.3882724373864,47.38072173661767,47.38361029526678,47.371163330817396,47.35664360340113,47.3505343386528,47.38100333569139,47.4369184327571,47.510231170356874,47.58511671002933,47.69049816326735,47.82277826974475,47.971746361645614,48.12906445888769,48.28816132038717,48.44361132476199,48.59019590988058,48.722461696082775,48.83604542302468,48.932617578875195,49.0161783244643,49.09127977893071,49.16170016206769,49.22961700007855,49.29633623114884,49.363905224758874,49.432183677928656,49.490937114951656,49.53639896199714,49.57747716979232,49.63019967561154,49.71102784066156,49.814653759650255,49.93589755445855,50.06125447450825,50.188070423080376,50.360778765925794,50.494288000169384,50.574653218395426,50.651202828311504,50.73648994122655,50.80367256317879,50.86379570575378,50.910036890061804,50.9203169625955,50.90690795944907,50.88810372902379,50.86782694082064,50.855929344115594,50.86458742559202,50.90302458571285,50.96983441945267,51.062999141447264,51.18082489887863,51.311728818800475,51.449303835165665,51.62427179080936,51.79825538572481,51.94331267974104,52.02420824355626,52.13997772371469,52.250088243193844,52.3460339365439,52.427367119481424,52.48910575782431,52.53554043963176,52.55588304636077,52.57841729762338,52.596377143441856,52.61305120047186,52.631229805456314,52.63971864028283,52.65357905729665,52.68020489310647,52.72846916735913,52.7882887588267,52.85227352594655,52.92032942586278,52.983858419138095,53.05238424742939,53.12578660540711,53.17712130989674,53.232465725779576,53.24785659423304,53.25152111677142,53.243075070178996,53.21637814817043,53.15565832534079,53.08033182979437,52.9950834785326,52.95476083439418,52.89904124369466,52.782775063387646,52.733758589009234,52.71561867375994,52.77768023334403,52.86908334345663,52.95491819461121,53.04091145733696,53.110563241564776,53.16035481045351,53.1896032593773,53.22422531227849,53.26752957252741,53.2879326809323,53.273677768486884,53.239879719477734,53.195792630381376,53.1349659749086,53.07393612201574,53.020611792124896,52.98389754654852,52.97275373087201,52.99214709631696,53.03230238936217,53.07530537729507,53.127753496526616,53.18636467010891,53.247276812142964,53.32164002366676,53.40822940105508,53.5016814441094,53.582515701910026,53.64504180533157,53.698311750857904,53.74138232824636,53.77245767294044,53.78988730815297,53.797010872479575,53.80154349016511,53.813128704756565,53.831580475721765,53.866138969480936,53.9114322784938,53.97759518596713,54.057195591670535,54.156156334944306,54.256851491545206,54.36222665765869,54.468132306819406,54.57146014461196,54.6693868265154,54.759581178190636,54.84014367674025,54.90867777095336,54.94886611442737,54.98359152988274,55.00194702454417,55.01892416496364,55.01978231086434,55.01796021378676,55.01707619898486,55.021349670911164,55.036306877358946,55.066245758771245,55.11019820053114,55.16604695159295,55.22484119996441,55.295412245377655,55.37618039427592,55.45246487932973,55.530125374928105,55.60806678998858,55.683916244726085,55.75570158417431,55.82239249583189,55.88374259519657,55.93849308802694,55.98532723273061,56.02449023353427,56.05696648034922,56.08433771070815,56.108814131253325,56.13278764236026,56.15781645648625,56.18549462493401,56.217847686830815,56.257528784758954,56.307548982381704,56.3700267979566,56.44357550258313,56.52540196658431,56.612452822016685,56.70207132236603,56.79276422943069,56.88613516916635,56.9825868592132,57.082151805048404,57.1828579704885,57.27715848861596,57.372580257625216,57.47463338371259,57.56887445703558,57.64849801130156,57.721995967457815,57.79371097213231,57.86358248069769,57.91996928146696,57.986430435246824,58.04961088238193,58.10893036901941,58.16370813262888,58.2132344389949,58.26521274135428,58.30630102730047,58.34483833449334
38.2885845649094,38.60269318663442,38.90548338058374,39.19847107447618,39.48430055263466,39.76634143721727,40.048128259050685,40.331882132686786,40.61522011950476,40.89494587942315,41.16858585187987,41.43565040286461,41.69708204173992,41.953379975427744,42.19256337709081,42.44985028638861,42.6974720856539,42.92038470742555,43.14118193123298,43.337209401558596,43.52890311463631,43.701864952949485,43.856865496002065,43.999414727644975,44.12947927959348,44.258618738853926,44.39199504104816,44.53717062449796,44.699457150618045,44.87481450814946,45.05723742367536,45.24128447140145,45.42191771453177,45.595242085301706,45.75601730416418,45.902889188757676,46.03734649118975,46.148773686808994,46.270345090052196,46.367480172967156,46.43937198771507,46.50046042896954,46.50005757439598,46.499324563910704,46.482926719068466,46.49967680607016,46.499934229746714,46.501849314382504,46.50420938081578,46.5427249109261,46.59112417014642,46.65423058387769,46.72999418671051,46.80596584076376,46.89829890448777,46.96221476740056,47.02899403563766,47.108662698851155,47.18683799661254,47.27154510401285,47.33858572200936,47.36293257341532,47.38260439288879,47.40275860136066,47.40402411571765,47.39735192585738,47.40224732002979,47.39227910003176,47.38091297108102,47.37891130280581,47.415045706909886,47.47705935461744,47.555291020335176,47.634363050196605,47.74289102631372,47.87692498386031,48.02633217152055,48.182992595309045,48.3405808678013,48.49391664583616,48.637998145754786,48.767531916109434,48.87825607640646,48.97189864496125,49.0524994050615,49.124660546929285,49.19227287125653,49.25774172497435,49.322732398401946,49.3897441965132,49.45886926699659,49.51943975570858,49.567342969927005,49.61128756651482,49.66716804315827,49.751131711701944,49.857197520739476,49.97971077126259,50.10476473011015,50.22956554442045,50.39841211146536,50.52695103357682,50.602071665121024,50.67345673236971,50.75378860959479,50.81712718763179,50.875309000325444,50.92067038356366,50.93111165737923,50.91896679488687,50.9026356687035,50.885849438633535,50.8784772818984,50.89267100519309,50.937334455635245,51.00993564653233,51.10753825939196,51.228496601532385,51.36124302849693,51.49894904636134,51.67234377368076,51.84415401671492,51.987205557682316,52.065717584507105,52.177413373799986,52.28314876624363,52.3748391345881,52.45251575530887,52.511257597451056,52.555018259624966,52.57209814114464,52.59307871836226,52.61089006952226,52.62793703315766,52.648675373963286,52.65956608471704,52.67630119579589,52.70578811497273,52.75640376479829,52.817570488002715,52.88159683821451,52.94807726885179,53.008179985278524,53.07246786810855,53.141068850738705,53.18623883452948,53.237335965061376,53.248078095350785,53.248359584444806,53.238950282811466,53.21306689195664,53.153902327059555,53.081150900242555,52.99932498304691,52.96234487901486,52.910023694342804,52.799713623731286,52.75455927767484,52.74056771142671,52.80660475054738,52.899848185432575,52.98560707630695,53.06998495668946,53.13622576137556,53.18056111659834,53.20345157607551,53.23258319003189,53.272820048093116,53.291842227948024,53.277043048896175,53.243599849193274,53.200979458936324,53.14258413937619,53.08520133612902,53.03662200051081,53.005116100241736,52.99886701730326,53.02199096400139,53.064636172481855,53.10920293242804,53.16226358941088,53.2206824771682,53.2809119380031,53.354212150656416,53.43940626215927,53.53113837929509,53.61026934778004,53.671402862084925,53.723413682172634,53.76537626690662,53.79568121919868,53.81311955367899,53.82120485665119,53.827506764226264,53.84166107913022,53.86316000881987,53.90126794448077,53.95023107205646,54.01959795405401,54.101560681026264,54.20162325507874,54.30215205247877,54.406188349690915,54.5098270444476,54.610203679521454,54.7047433511424,54.79137456334045,54.868461606144905,54.933842158899736,54.970982675205306,55.00326505258514,55.019726739690874,55.036071224658265,55.037497618636834,55.03754698451399,55.039533203461545,55.04734523656848,55.06609976156128,55.09962138577821,55.14654312329579,55.20451201101806,55.26455447514949,55.33536755285285,55.41553020134306,55.490722147876745,55.566843752287824,55.642943439770534,55.71678123430794,55.78652248856426,55.85127896360671,55.91095838834936,55.964445986097466,56.010537508432826,56.04945720590923,56.082129755392,56.110102643545346,56.135606178894946,56.16107082433805,56.18797862226752,56.217803740906916,56.25244731533467,56.294452481241095,56.34672900744825,56.41128932564502,56.48664059383416,56.56990848894147,56.65799092197068,56.748206802156105,56.83905438758218,56.93218202262128,57.02807272525093,57.12682696782583,57.22654647881626,57.31975119155652,57.414021533351175,57.514953190170914,57.608068621768105,57.68653097145924,57.75888409650243,57.829495964184595,57.89832560973351,57.953514305109344,58.01923189761556,58.08185267876482,58.14082847282766,58.195516135300664,58.245241593790915,58.29788956590701,58.33995402077899,58.38040217224865
38.38423783512735,38.70020435185876,39.003799906947435,39.29674651383369,39.58184285085157,39.86262840954778,40.142845525616174,40.42489131491603,40.706315875172685,40.98378029596714,41.2546960584979,41.518527902779766,41.77619931847108,42.02822555452565,42.262433025315474,42.514975107280954,42.75768160430787,42.97569585889255,43.19178615665014,43.386236000001084,43.574705525211314,43.74126711832291,43.89517692353715,44.03756089540144,44.16870265744876,44.299484574678026,44.43471445121707,44.58169549769246,44.74547128294509,44.921727587440635,45.10426416247959,45.28748133070665,45.46618060520189,45.636398493466366,45.79320706257656,45.93562214005221,46.065496764099414,46.17222822231276,46.289985701593864,46.38318436441103,46.45123892294603,46.50949969852632,46.505940239564374,46.504348564436526,46.48849799728477,46.50845239484718,46.51245973565171,46.51873551190172,46.525770586103704,46.56886338267595,46.62121911774427,46.68708008796795,46.76418533249051,46.84039166824585,46.93155543031327,46.993840269289336,47.058390035905774,47.13590487873759,47.21095442731233,47.29297497747523,47.357395893460556,47.379707887531644,47.39816985783407,47.4185243423071,47.42028043543533,47.4146275073962,47.42148974634376,47.41409853084437,47.40593984681424,47.40805774954037,47.44977263497753,47.517830468311594,47.60070030657438,47.683812308632056,47.7953345966292,47.93098709168567,48.080734374859766,48.2366761033343,48.392723553999986,48.54393243014632,48.68551301179843,48.812330492269794,48.92022392090436,49.010977285849435,49.08867038075399,49.15795814489909,49.222846833462505,49.28597104554514,49.349352147498195,49.41592538729994,49.48599012161646,49.548427274699705,49.59878095050443,49.64557388278275,49.70456428850607,49.791569493677386,49.899936135142234,50.02355949157832,50.14817539187774,50.270868911683664,50.4356484112323,50.55919233080946,50.629253723741044,50.69550343166761,50.7708822373011,50.83054681167281,50.88683553748858,50.93127624905875,50.94203428764065,50.93138580737371,50.91770014158418,50.90456406918047,50.901824207455384,50.92156856153341,50.972358043244796,51.050577623699134,51.1524232754834,51.27631494961641,51.41072839867655,51.54841346488613,51.71990656644521,51.88944520320441,52.03063037186231,52.107003139218165,52.21461609478984,52.31601560719121,52.40352640261458,52.477619002128556,52.533407663517416,52.57456042972037,52.58853009782785,52.60798315770141,52.62570684262325,52.643172221068546,52.6665527933204,52.67983548952979,52.69940128125528,52.73166763947347,52.7845073163266,52.846886379775626,52.91083518258356,52.975644323185946,53.03228350942492,53.09229524549571,53.15601230702723,53.19501416415874,53.24183865700488,53.24811982586735,53.245108886107914,53.23476562000896,53.20967494696587,53.15219713710447,53.08216424460641,53.00397363647361,52.96990437197228,52.92079143255697,52.81737018379258,52.77596207295246,52.766062874670986,52.83584613122594,52.93066711509112,53.01616715484926,53.09878803943694,53.16154294105863,53.200425349973415,53.2171227956303,53.24081162530639,53.277866731060904,53.29552471182801,53.280360470280336,53.247432655284,53.2063827884569,53.15060113521326,53.096991527448836,53.05323324105272,53.02695266959793,53.02556295534303,53.05232834352948,53.097300205569994,53.14337938196866,53.19696439547122,53.25510785287974,53.31458792834762,53.38676420067824,53.47051597861602,53.56050298061619,53.63790986997308,53.69764699704587,53.748450697186456,53.78940389203293,53.81907367393739,53.836654522991815,53.84579279337192,53.8539416534093,53.87070879513472,53.895265996810174,53.93687207262882,53.98948805937563,54.06193469349123,54.14613331762857,54.24705434367245,54.347327526125994,54.4499784033217,54.551332605896874,54.648760335913394,54.739932457185766,54.823032396111934,54.896679418159536,54.9589388123356,54.99321243294814,55.02309798793781,55.03774471748898,55.05343540995825,55.055532492631016,55.05754504964014,55.062471327974976,55.07386000087553,55.096402599520324,55.13343390087189,55.183212281176154,55.243176541420254,55.30445022041686,55.375420484965595,55.45482089468955,55.52888907999044,55.60345847232312,55.67771644012481,55.74955593790255,55.817279460630644,55.88013935648797,55.93819525816975,55.99047361252273,56.035881106071365,56.07462105597081,56.10755810412377,56.136201609053884,56.16279314615726,56.18979151112467,56.21860056590661,56.25057537154416,56.28749270397101,56.33178385466107,56.386255239805216,56.45281471688697,56.52987325188083,56.61448793910592,56.7035192844428,56.79426904038558,56.885229255936274,56.9780902280361,57.073408258033126,57.171348063993285,57.27008749558542,57.36222274165934,57.45537258314222,57.55521495305105,57.64724870788102,57.72458585556605,57.795823712477336,57.86535715577667,57.93316324350853,57.98730249590929,58.052276950664066,58.11434790197853,58.17299965378457,58.227623710450914,58.277578049651225,58.330825538417095,58.37389062397902,58.41627159257621
38.480068286708516,38.79780058859954,39.102123453792466,39.394974473211505,39.6793045226804,39.9588170538596,40.2374589218719,40.51780007469215,40.79731721449221,41.07252368820616,41.34071354865226,41.601305629145266,41.8552041856664,42.102939138720046,42.33228337274429,42.57991214828829,42.81758050282042,43.030800936724766,43.24219944544456,43.43518427472305,43.62048645094947,43.78079072247531,43.93366868745139,44.0758705434887,44.208144810184415,44.34058328563989,44.477648647050266,44.626377090049125,44.791541194918345,44.96857093011543,45.15109348821958,45.33337366121357,45.51007380554428,45.67717015422077,45.83003479251001,45.968035371483104,46.09338082516274,46.19564332261297,46.30960403410036,46.398967657117076,46.46329641877134,46.51864206019167,46.51226181325726,46.50999394099645,46.494953371572606,46.51795327307029,46.52573699174621,46.536410535836175,46.54825455606251,46.59568223745957,46.65181456486014,46.72023283568603,46.79849780910983,46.87491872666754,46.96467107156077,47.025292756271085,47.087595145415264,47.1629128995534,47.23487379200393,47.31423386970092,47.37610793858944,47.39669073842971,47.41415802813873,47.43473935840242,47.437096474637215,47.43259445314574,47.44135682680336,47.436626404591145,47.43171262501904,47.43794581963124,47.48513858407905,47.55917811895297,47.64638514877965,47.73338463690266,47.84774993189006,47.98489403556501,48.134897178301735,48.29007823075182,48.444573415160484,48.593663057244655,48.73276319257315,48.85689531272791,48.961998439335495,49.049911482838375,49.12475522666433,49.19124035029119,49.25349132141727,49.31437276521149,49.37625751370903,49.4424987867784,49.51357817475832,49.57791197602648,49.63070613219363,49.68031170760759,49.7423487466878,49.832290459370014,49.94281295635492,50.06738777272068,50.19144013020987,50.31195312118673,50.47247649240781,50.59102750417857,50.65625417816483,50.71742263253612,50.78786617712159,50.84404289196878,50.89847770989316,50.94193222462443,50.95314953255431,50.94421938961148,50.933333433661076,50.92398825556586,50.925967459124735,50.95125577888865,51.008048786339984,51.091696366454265,51.19758208303329,51.32420743662548,51.46011865896226,51.59764258353684,51.76690800897139,51.93409409154907,52.073581435585545,52.14809234056529,52.251627778074855,52.34874376672952,52.432160437511335,52.502744965473724,52.55562025895485,52.59422527519921,52.60523731916812,52.62317167294645,52.64084351987526,52.65876577967444,52.68485644066771,52.70050293622585,52.72284044211817,52.75779592819477,52.81273029524526,52.876191084663844,52.93995242696869,53.00300780309626,53.05616504059502,53.111879927827864,53.170643089262974,53.20349289297101,53.24602746546418,53.248058031695955,53.24185041991639,53.2305877147183,53.206239402824465,53.150562184987066,53.08337593561895,53.00902760150898,52.97739062888442,52.9312711249137,52.83572223844632,52.797929271777726,52.79206442796805,52.86536027700667,52.961497155005496,53.046566558714545,53.12730485484265,53.18651958533618,53.21997749330666,53.230680417247044,53.24898985079413,53.282739332188044,53.2990412853967,53.28368874560385,53.25142714884424,53.21203313602964,53.15903491055699,53.109308346129836,53.07042989070621,53.04937499969627,53.05279672382471,53.08310827899509,53.130238831807304,53.17778748147103,53.23181800516999,53.28961539830311,53.348293837143075,53.41930018098918,53.501577062892075,53.58980723578595,53.66547866878061,53.72382067831039,53.77347264258153,53.813515618337114,53.84268364918797,53.86053465649455,53.870804157884024,53.880862309029744,53.90026902703022,53.92788017015012,53.972917971265694,54.029163128040175,54.10455621710008,54.19086070364431,54.29238948304935,54.392326189362876,54.49355946045021,54.5926295850817,54.68713032924514,54.77497416069457,54.85459290437009,54.92484978186289,54.98402905250882,55.01563196405341,55.04316467691919,55.0560702602023,55.07106651655875,55.07392338218803,55.0779736876683,55.08589020178746,55.10087290295749,55.127175044066924,55.167627576402154,55.22014028020647,55.28197103054692,55.344466925629845,55.41551575341429,55.494000580919895,55.56692757794054,55.639947152458554,55.712379885381075,55.78225082399523,55.84799834812581,55.90901289142169,55.96550255011754,56.01663080480755,56.0614126751829,56.10003138744869,56.13329264786087,56.16266504885614,56.190393420941305,56.218955203690506,56.24967474527639,56.28378963247552,56.3229530694244,56.36948304672632,56.42608076855499,56.494551305116424,56.57321973833461,56.65908750357735,56.748989122536926,56.840216227090856,56.93125665600324,57.023839401964906,57.11858588325136,57.21572039308559,57.31349865745962,57.40460250389985,57.49667242267439,57.59546482481542,57.6864665535088,57.76271787617482,57.832871415820044,57.90135078967349,57.96814937013449,58.02139546901279,58.085620108366406,58.14714306215302,58.20548186798273,58.26005986605591,58.31026358896163,58.36402223209063,58.40810226330011,58.45242404452858
38.576057330381,38.89545604389043,39.200427266001434,39.4931327728325,39.77667219902604,40.05490554834496,40.33197944722156,40.610632203456625,40.888260155507005,41.16122363630909,41.42669685962944,41.68405249326633,41.93417518602254,42.177607992425315,42.402221115676824,42.644762519637034,42.877265449821515,43.08580710123076,43.292528292094694,43.484137205365926,43.66631698808817,43.820534551425766,43.97241943559647,44.11439355783378,44.24783198760164,44.3819178725875,44.52078139033009,44.6711849965309,44.837627958276165,45.01530295700983,45.19768679325714,45.37893130691395,45.5535811369257,45.71755956738297,45.86652377369202,46.000172589984345,46.12106077933531,46.21910841722171,46.32929211939314,46.41492734953056,46.47564451303298,46.52796706759442,46.51911043686386,46.51633832462368,46.50236985608306,46.52821633148986,46.53978019745825,46.55486977157009,46.57165185708909,46.62314601425455,46.682862556130566,46.753633795112115,46.83287534206446,46.90950420321337,46.99760290661962,47.056542981913786,47.11659570315951,47.18968411160413,47.258613611553464,47.33535304648639,47.39476594540842,47.413949059737,47.43064607980362,47.451467768949755,47.454527311421,47.45129873501762,47.461867814003185,47.45986750260794,47.45821970011359,47.46854765385314,47.52109801839913,47.60104865165505,47.69227166665617,47.78300018657537,47.900058089772486,48.03857525784244,48.18876478848492,48.34316222535007,48.49611448746002,48.64311290668339,48.77977137264061,48.90126426564779,49.00362911451691,49.088759217226674,49.1608179179151,49.224574940556586,49.2842756078525,49.34301468739398,49.40351053230591,49.46951438460791,49.54166535939227,49.60790616379035,49.66311174345883,49.715476630000815,49.780481752736314,49.87324388156195,49.98577133787392,50.111139672004555,50.23451261550527,50.35279076924632,50.50888518217311,50.6224721659954,50.68312781230173,50.73929404130621,50.80483578183233,50.85772688518655,50.91033791018912,50.95271604833808,50.96452207129476,50.95752193430208,50.9495718309294,50.94413942089401,50.95090437524463,50.98170834153443,51.04436012271924,51.13322789029891,51.24294257535328,51.37210155605431,51.50934753897697,51.646581895110245,51.81329594112792,51.9780658281047,52.11605306215655,52.18901262142432,52.28849031504565,52.38138824555143,52.46080593616638,52.527961750877616,52.577959686694875,52.61407112134276,52.62227820792323,52.638685321402924,52.65631615840864,52.67472672444522,52.703580693145284,52.721544506309975,52.74657980682787,52.784125442722676,52.84102317485545,52.905439253185705,52.96891243928494,53.03014492281372,53.07982062780648,53.13123546334205,53.18498731243622,53.21172061515275,53.24995605429341,53.24796895874978,53.238665584025874,53.2264831998863,53.202797349158814,53.1490169002188,53.08479004601322,53.01448504084931,52.98475496536939,52.941389437989564,52.854747282567274,52.82042317108626,52.81853263579319,52.895103089516525,52.99229532774888,53.07677341637922,53.155519552169835,53.211160498930404,53.23924752932606,53.24418794013108,53.25719709918729,53.287507562231845,53.30245310147856,53.287086587831126,53.25563234096831,53.21796101874109,53.16790341354456,53.12215344232667,53.088196326426875,53.072350835615815,53.080523501581716,53.11427981449211,53.16339639437458,53.212379986489296,53.26678650896946,53.32417971449787,53.382018718356,53.45182409884614,53.53260802745417,53.619083132517645,53.693017144494064,53.74997037397441,53.79852936504005,53.83776186053096,53.8665597569819,53.884802394590324,53.89626842542982,53.90828288240304,53.93033894907686,53.9609842592971,54.009372257731954,54.069216165638984,54.147413337701806,54.235690041240346,54.33756855553318,54.437096319065375,54.536894162975656,54.63369857591657,54.72531387497414,54.809888477717884,54.886094315979875,54.953025366333726,55.009174200667125,55.03831784491867,55.06353946050775,55.07477267009474,55.08901434015486,55.092706736648964,55.098852177101456,55.109789454161366,55.12836288193957,55.15837674803186,55.202146684718876,55.25726172642096,55.32082596614549,55.38454308065171,55.45559806989731,55.53301736663861,55.604799543996634,55.67628741011871,55.74692786986905,55.81487636107117,55.87870499880209,55.937938785353886,55.99292960965259,56.04297240045668,56.08718686530416,56.12573780407255,56.1593745079196,56.189523404574366,56.21842539114804,56.24856740300592,56.281193618249816,56.31742663933078,56.358797628379506,56.407510199144234,56.46615868279999,56.53644742376735,56.616626314806936,56.703654368855425,56.794351649356976,56.88600655230835,56.977104409293474,57.06940916096173,57.163598026597185,57.25994925463754,57.356797601102514,57.44691984325354,57.537960067623814,57.63574895792646,57.72577399678582,57.800982245838334,57.87008380696812,57.937533108640054,58.003337977723056,58.0558548395658,58.11931588469671,58.180284669418164,58.238313071514725,58.29285361009201,58.343317994107956,58.397481220133756,58.442580365141765,58.48883697715833
38.67218637687288,38.99314486476509,39.2986845884569,39.5911992329195,39.8739325107934,40.150892071196125,40.4264181010689,40.703411492650964,40.979180716260764,41.24992772044476,41.51270452871595,41.7668374064482,42.01319086223618,42.25231938005585,42.472352950412684,42.70962733155353,42.93683311394116,43.14082151271908,43.34287919107895,43.53317777157108,43.71226823286485,43.86059739119339,44.01150781582419,44.15317982436367,44.28779043950166,44.42349133636885,44.56409644283889,44.7160888121007,44.883692644756934,45.06188208895985,45.24400546995399,45.42412411179953,45.59668642071291,45.757569232771175,45.90269728585006,46.03207750248994,46.148598731572655,46.24271293565103,46.349141989293656,46.43116074009674,46.488383243573,46.537554274363394,46.52657425177349,46.52345934635134,46.51082446496723,46.539278460856295,46.554603552215866,46.57410860448771,46.59595305558037,46.65121925203844,46.71431513619208,46.78722793432635,46.867261656850374,46.94410528506794,47.03030801387907,47.08756169978544,47.14537804813188,47.21621586519535,47.28219140682699,47.35636377362807,47.4134140019299,47.43155078508094,47.447711188829594,47.46877369325227,47.472628023884454,47.47078632492352,47.48304196053795,47.48382660623067,47.48544946651607,47.499835392980856,47.55760540212244,47.64338841153124,47.738285979909094,47.83257910921716,47.952180127952694,48.09196020086214,48.24228141204775,48.39589133491747,48.54733080707585,48.692286358014776,48.82656023656246,48.94547523919348,49.04516542926569,49.12757847031296,49.1969224296289,49.25802969314635,49.315268965499875,49.37196461551319,49.43117323856025,49.497022170447835,49.570283608488374,49.63842214209278,49.695991012764246,49.751044238973904,49.81892364168444,49.91437903303532,50.028754633195646,50.15475924674489,50.277346518162766,50.3933544521791,50.544863307709434,50.65354192857122,50.709929410061065,50.76119736430874,50.82188640420939,50.87171024799306,50.92251853102651,50.963705458277076,50.97621658303655,50.97134783414744,50.96645161938435,50.96503498826932,50.9766322941533,51.01290193374645,51.08124549018105,51.17510821073423,51.288432645755044,51.41992480139767,51.55834876834358,51.69517689240313,51.85901820278341,52.02132555922707,52.158039564879864,52.229791414671084,52.325245597092845,52.41400404434983,52.4895275954677,52.553337463873476,52.60049024966892,52.6341562934323,52.639711166850915,52.65456516037647,52.67214081535382,52.69106407085085,52.722719927893195,52.742936281286916,52.77058050382772,52.81060864464326,52.86933642845835,52.9345855358596,52.997679087447366,53.05703289656931,53.103246320077005,53.150375400275294,53.19907109153723,53.219742924890426,53.253678087346685,53.247928852942046,53.235635776592005,53.222518708459816,53.19938587559527,53.147580712311154,53.086410648522246,53.02034411719087,52.99194869704514,52.951073038361095,52.874422811030215,52.8434060678137,52.845427762621775,52.92503047038246,53.0230186558945,53.10675585631971,53.18341628068176,53.23547048656349,53.25826544075956,53.25770886348773,53.265512603178024,53.29224113194964,53.305821312898054,53.29061270992669,53.26009724275052,53.22419695367781,53.17722459231316,53.13552846619399,53.10651692517029,53.09584792243569,53.10869846744746,53.1457919941144,53.19671723645254,53.247109652577585,53.30183199733196,53.35877540252357,53.415751625952964,53.484339961506045,53.56362738476901,53.648362658524505,53.72056669740493,53.77614255213391,53.82367071124418,53.86219303332632,53.89075060935058,53.909500177682226,53.92221507125155,53.936217524844686,53.96091573553484,53.99455999470859,54.04620154936823,54.10960705976095,54.190456868117614,54.28056853258355,54.38253144344782,54.48158619210947,54.579945152797194,54.67452017231598,54.76331118855772,54.84469542430476,54.917574858806326,54.98125884065081,55.034435578058435,55.061346651941484,55.08429667968191,55.09392124943022,55.10732867644168,55.11191900535491,55.12019979644272,55.13416871435899,55.15630887694696,55.189967364245945,55.23693549817189,55.2945112258539,55.35967183596338,55.424617175345716,55.495612146113054,55.57181935845019,55.642466880428415,55.71245686272821,55.781354487918385,55.84744301761571,55.90942526041182,55.96695625523054,56.020525782234664,56.06955323697491,56.11325832597186,56.151789909572074,56.185844805616334,56.21680711783092,56.24690744467847,56.27863361004134,56.31314964269974,56.35146650773973,56.394995597520925,56.44582545362221,56.506442071642695,56.57845140627373,56.6600392429093,56.74813572143988,56.83955807800686,56.93159820607441,57.022740337317266,57.114779121580625,57.20843711376216,57.304039948183906,57.400001963177786,57.489204124695895,57.57927453366653,57.676113504846555,57.765222875846554,57.83943417710946,57.907517486359055,57.97396035544141,58.03878305438598,58.09074222271431,58.153418793629065,58.21381923390385,58.27153122047318,58.3260339505355,58.376761047476016,58.43120407575252,58.47731635590357,58.52548783951804
38.76843683691229,39.090841198257195,39.39686866604146,39.689151673695335,39.97107208888733,40.24677480060532,40.520785882817606,40.796161733716644,41.07011491479713,41.338683520782055,41.59879509319829,41.84972927999606,42.092329757003995,42.327160566026016,42.5427855732514,42.774607694264176,42.996380163809384,43.19595133149826,43.39335863687571,43.582388952979926,43.75841128151694,43.90107802779723,44.05101247598632,44.19227922900541,44.32804641568569,44.465306677831926,44.607577566359,44.761058131721434,44.92969632609904,45.108266746801405,45.29001091067195,45.46892191986203,45.63937347827267,45.79720165020351,45.93857860871163,46.063793815933856,46.176056786830365,46.26654630741295,46.369245675623354,46.447765127260915,46.50161264823335,46.54748323412739,46.534741399375456,46.531434637212634,46.52039421237621,46.551176551919994,46.57022125544714,46.594122419973296,46.62114871793324,46.679866489788786,46.74612434968124,46.820960221408995,46.90160047896355,46.97867915941579,47.06274347172842,47.11831966345404,47.173928519325784,47.24250551063264,47.30562469869059,47.37729731692238,47.432096196166256,47.449563848088985,47.465430531217486,47.486721250613094,47.49145369012528,47.491103194775036,47.504898519002275,47.50850849679523,47.51339031864468,47.531781177789114,47.594615199433704,47.68614374369502,47.784354208243606,47.88204155639494,48.00403710410692,48.14497830696826,48.29539125562874,48.448228807242415,48.598206410185234,48.74118779079101,48.87315246890033,48.98956612152899,49.08665686639887,49.16642722339585,49.23313273692831,49.291672385511504,49.34654066709104,49.40129035298972,49.4593076677435,49.525072133957465,49.59946485501671,49.669472215035235,49.72933716857414,49.78699012353833,49.85763474856508,49.955645186572234,50.07170619581648,50.19819055425654,50.31989550858109,50.433616766301775,50.580399696197986,50.68425240421728,50.73671375535214,50.78321230787466,50.839113397028854,50.88610443705516,50.93512196505524,50.97497819251879,50.98829774695427,50.98575148184944,50.984009085021164,50.98669238079613,51.00314855418892,51.044812239800315,51.11865832652385,51.21727334326139,51.333980187550296,51.46760466615029,51.607056076685026,51.743373068212286,51.90402263380653,52.06383843127199,52.199535257060006,52.27045615318145,52.361935515607044,52.44664616381759,52.51839011230333,52.578940209994535,52.62327625080847,52.654539116749085,52.65759459870892,52.67085224717265,52.688333547841154,52.7077868343612,52.742268522051496,52.76465434266143,52.79480366156107,52.837197995542624,52.897620529355144,52.9635845832039,53.02621623937096,53.08364893859398,53.1264381664243,53.16931328686462,53.212920541556265,53.227605416370544,53.25724722847812,53.24801396018597,53.23284239577042,53.21876087338567,53.19604207176015,53.146273050775626,53.08824181587904,53.02660299322994,52.99892313952976,52.96024859260486,52.89472631870991,52.86684025889568,52.87271007292904,52.95509832123149,53.05362416201554,53.13648200701242,53.21097918964169,53.259454352957626,53.277061210335155,53.27130668652233,53.27401559545853,53.29700975209872,53.30920707247963,53.29432582485501,53.26487086528517,53.2307714579263,53.187016394999986,53.14943506788642,53.12537606389204,53.11983400523499,53.13727680025534,53.17759386195583,53.23014570122199,53.28192923529004,53.33691656071976,53.39337706343979,53.449481613900524,53.51685177622583,53.594653647303346,53.6776778015198,53.74816872780466,53.80238368088481,53.84894652787608,53.88685955143499,53.91530481832548,53.934670446173406,53.94867357059155,53.96468038767017,53.99199656066428,54.02858910684196,54.08337246351512,54.15029569799491,54.233637621168796,54.325443379840806,54.4272180291171,54.52574408537112,54.62267507181406,54.71507496819444,54.80112248545334,54.87941501650432,54.94907276071438,55.00960287389293,55.059874505930544,55.08479496151934,55.10551067542017,55.113585300472614,55.126059321114326,55.131596637647014,55.14203582419512,55.15902761164273,55.18468982710481,55.22190654554001,55.271938289111084,55.331823384539554,55.39843912774798,55.46462769957519,55.53550269375987,55.61035466295917,55.67989148950551,55.74843312771163,55.81565383385879,55.87996126211405,55.94018498070731,55.996104517997715,56.048340413323565,56.09642815186698,56.1396817067227,56.17823730767692,56.2127446622674,56.244546630248124,56.27585796943367,56.309159325767126,56.34553527649908,56.385889353332146,56.43151619353324,56.48438895186766,56.546884024185516,56.62051158606956,56.70340478425311,56.792478747830344,56.8845596215905,56.97694937842544,57.068132261584964,57.15992890037565,57.25309557043785,57.347997773259486,57.44312938034904,57.53148471320243,57.620654836478664,57.71660461803812,57.80486502882537,57.87812888254091,57.94522905443037,58.0106887728425,58.07453858823495,58.12611923360432,58.18798334913759,58.247793265739965,58.305174270950644,58.359629895362716,58.4106125314516,58.46519237215302,58.51230166198501,58.56235408066027
38.86479012122731,39.188519191400395,39.494952743637704,39.78696791538286,40.06807756421278,40.34255191476478,40.615093791871416,40.88890671809515,41.16109876915977,41.427538617489795,41.685027090362965,41.932797025215116,42.17167041302263,42.40221881475022,42.61362568049253,42.83980471799531,43.05600326805615,43.25130371787686,43.4440731239634,43.631853729233875,43.80481723028184,43.94207524725644,44.091012063934585,44.231741657686015,44.368626165954964,44.507366897824674,44.65120852267274,44.80606255035605,44.97560007404088,45.1544153513705,45.33566450777278,45.513294575093184,45.68162613097175,45.8364593194981,45.97419102200422,46.09536523725009,46.203497050063966,46.290697962019586,46.38969521020365,46.46483780946828,46.515432764856065,46.557833500515244,46.543700021059024,46.540341828240734,46.53115611246112,46.563947495431364,46.586647506580114,46.614906603411065,46.64722941054463,46.709052266483155,46.77824224123457,46.85477562444012,46.9358355339,47.0131830134415,47.09486635855694,47.148787626487625,47.20223345573456,47.26855039822156,47.32893100801034,47.398184942165805,47.4508566161299,47.46805618238864,47.48388128296816,47.505374560335376,47.51105938824123,47.512295316483794,47.5274567419908,47.53391795563749,47.54203065091763,47.56435714905271,47.63208187451761,47.729260993259814,47.83040247136489,47.931307679675704,48.055550075911356,48.19755901850495,48.34803852586631,48.50013789011339,48.64872533296541,48.7898215845643,48.91957075421588,49.033574800818364,49.128152908733526,49.20536345777394,49.269512814935915,49.32557079510307,49.37815998535771,49.431059703244124,49.48797585512712,49.55371426479616,49.62924103194739,49.70106868671913,49.763143439352696,49.82328987270558,49.89657540841103,49.99699161495485,50.114569379232826,50.241377651854506,50.36211325715908,50.473550307931006,50.61548317481997,50.71461920524488,50.7635356320843,50.80541857833488,50.85661211306682,50.901020909039744,50.94825060492529,50.98661198914059,51.00083024222243,51.00078727010998,51.00228051383504,51.0091290215788,51.0304504936897,51.07741494397171,51.15655206954609,51.2596593033816,51.37951309405066,51.51506864380692,51.65540319362421,51.79111591533449,51.94825707406589,52.10556959059524,52.240534452001526,52.31103426983125,52.39860196197887,52.47936960464759,52.547458183561226,52.604838094774045,52.64638199304498,52.6752779165744,52.675986906254984,52.68758763909708,52.70491041300107,52.72490403044618,52.76222085276026,52.78667477193829,52.81921040847123,52.86384595700679,52.92582595084702,52.99239104573698,53.05448776297075,53.10997026311873,53.149392215866,53.188062671347055,53.226561777483646,53.23535368377954,53.260717141541825,53.248300526394736,53.23036683971672,53.21527632761067,53.192803027279865,53.1451133451237,53.090287620816625,53.03325983166283,53.005629608441225,52.96884276729742,52.915635300481114,52.89068804126784,52.90033983119032,52.98526254369052,53.08406886868521,53.16591999693375,53.238192428312864,53.28311690283497,53.29566482078076,53.28504490844022,53.28278530872094,53.30188313343639,53.31267153304776,53.29828464558054,53.27000221966658,53.23771504857312,53.197296769742174,53.16387489755862,53.14475811954773,53.144276829092824,53.166213678838794,53.2096344621103,53.26362613186368,53.3167914901808,53.372002289595216,53.42795929830607,53.483197736165245,53.5493635502624,53.625705327523896,53.70706054921678,53.775864635984725,53.82874022832305,53.874406661617925,53.91181182956877,53.94027099593801,53.96035564046697,53.975673398692074,53.99368562219495,54.02357859872539,54.063053326154666,54.1208516175132,54.1912419679298,54.276906409676535,54.37026178517894,54.47156819486487,54.569518275726324,54.66504656192537,54.75534355746644,54.838747981118374,54.914067270365585,54.98062624956908,55.03811013513882,55.085552305531294,55.10873935004985,55.12725578870096,55.1338341254858,55.14525606986789,55.151776082866355,55.16437953886171,55.18436577527491,55.21348467153839,55.25415394474483,55.307099329886285,55.36913280851218,55.43705832924671,55.50451314320339,55.57521442453615,55.648571386770065,55.71703527349758,55.78419382249357,55.84982000201995,55.91244156305148,55.9710100074409,56.0254227906014,56.07642284837912,56.12365198263769,56.16651165709336,56.205129602116756,56.24011519918914,56.27277238344832,56.30529535331458,56.34015005115365,56.378342977520745,56.420675291737815,56.46832863310115,56.52316083558801,56.5874376295309,56.662576296588774,56.746669200449844,56.83663063452656,56.929307493211795,57.022018259397825,57.113248003606934,57.20483811390084,57.297565822315796,57.39182802939908,57.486197489279974,57.57379097374861,57.6621399917363,57.75726844996358,57.844752293856715,57.91712157468559,57.98327511161963,58.04777460360834,58.11065856738171,58.16204748738176,58.22306406519636,58.28225327505641,58.3392801790397,58.39367045255,58.44489222842055,58.49944768254138,58.547527709785655,58.599413149637655
38.96122764054602,39.28615299122837,39.59291006612821,39.88462577820492,40.164935567674576,40.4382215918668,40.70935282763404,40.98167023722798,41.25216829739237,41.516540590736874,41.77145905749648,42.0161095534106,42.251291372988796,42.47758139064285,42.68497996843568,42.90531951297333,43.11579909531148,43.30698583216342,43.495129146820396,43.681655079974334,43.85155717539699,43.983687835590054,44.13158522752075,44.27161699633251,44.409555940110685,44.54967499719512,44.694973073562466,44.85107166296744,45.021364960320774,45.20028632350316,45.38092765361825,45.55721192148475,45.723428200176905,45.87534474047309,46.00955780545533,46.12683547337264,46.230981626229024,46.315257328982966,46.41058262485601,46.48247608516414,46.529943631283146,46.568684627155754,46.553538258213514,46.550258550468804,46.54318717937304,46.57762818214083,46.60389650504281,46.63645654018527,46.67418569981148,46.73874112109913,46.810620855488594,46.888619111499985,46.96991054715566,47.047574034329664,47.12663375275394,47.17893634245415,47.230279196351624,47.29434787826769,47.352127855652334,47.41905791515477,47.469739349833226,47.487095721607325,47.503140620082476,47.52479774172225,47.53150019633003,47.53440866196143,47.550735882098195,47.56005976409334,47.57135885775308,47.59753544754636,47.66995989155883,47.77268650533906,47.876356888978115,47.98029763062639,48.106640101042224,48.249631777816376,48.40016742939892,48.55158183131878,48.698871611593646,48.838192118886894,48.965837777070796,49.077539165225616,49.169703039086755,49.24444515474585,49.306126638774316,49.3597926993721,49.41019619303153,49.46134046969702,49.51723983598254,49.582998552623266,49.65964407225045,49.73322386124596,49.79740305356417,49.85991907548712,49.93570595625519,50.03836759096527,50.15728753694107,50.28426459685362,50.403953434295474,50.51312767338349,50.65010257075664,50.74465794396524,50.79044982416687,50.82789588202031,50.874477905099354,50.91657112061371,50.96200684328665,50.998684586219845,51.01387874801564,51.01650959163098,51.0213021918212,51.03236233372169,51.058535450993844,51.11068573053631,51.194880157046256,51.30220210659603,51.42495925856786,51.56224422786232,51.70332384878406,51.83835092656655,51.99166936343014,52.146484183552616,52.281031463008944,52.35155319749631,52.43528682759894,52.51222936753272,52.57679650612943,52.63109922374528,52.66987177930994,52.696431018189514,52.694946492246906,52.704812393455335,52.72188746796393,52.7424246745757,52.782571297159535,52.80897365062226,52.84376187300154,52.89050499062187,52.95390316623515,53.020959573977194,53.08245752616177,53.13597408437455,53.172104517419875,53.206637101959615,53.24002091430961,53.24303332130392,53.26414149039194,53.24886479748158,53.22829050658658,53.212131704081656,53.18970583178074,53.14412102486688,53.09255213606803,53.04031279518582,53.01201941939762,52.9767822290153,52.937127251218634,52.9149117118658,52.92827730188093,53.01547903938654,53.11430979847673,53.19503795456016,53.26504014595855,53.30646294091773,53.31410625482433,53.29898702844674,53.291900975657434,53.30693098671996,53.316275847426866,53.30254788506776,53.27554031698907,53.245058242704836,53.208083664676955,53.17884960536525,53.16464746909295,53.169144139088324,53.195464282031196,53.24186283867167,53.29710287155837,53.35164917280399,53.4070512744206,53.46249670818199,53.51688904671364,53.58187929087273,53.6568009378974,53.73654288932869,53.80369582223656,53.85525866254462,53.90010095915192,53.937100282439516,53.96569775421964,53.98659820096602,54.00324403079541,54.02324737973453,54.055659023978286,54.09793438310416,54.15860562870309,54.232405757154474,54.3202140464621,54.41497095076484,54.51552182301492,54.61285704005104,54.70702226503037,54.795306534046446,54.8761878910102,54.94867220193765,55.01227355323535,55.06683329346727,55.11153029810853,55.13325639393051,55.149606360502716,55.15473702673367,55.16496871839752,55.17249379035405,55.18725021894552,55.21018283451787,55.24267234937285,55.28666921469124,55.342362892847405,55.40637410380601,55.47545992820698,55.544211996093594,55.61469205014028,55.686417636487384,55.75386013467428,55.819716564498584,55.88384708673155,55.94489438891325,56.00192618836493,56.054950289987595,56.104822432861134,56.15127956679181,56.19380282662062,56.232516396621286,56.26799753769788,56.30151481905377,56.33523798422226,56.371611287171305,56.41156520363761,56.45580443858649,56.50540213290922,56.56210124649063,56.62805597678126,56.704593871265374,56.78977875311096,56.88053856802819,56.97375290597469,57.06676303902794,57.158055384893466,57.249486378710266,57.34184029508754,57.43553601613746,57.52922392663421,57.616152271309886,57.70376901511549,57.79815115308534,57.88493650907504,57.95646746609624,58.02171225836434,58.085274090503916,58.14719697993798,58.198588599192654,58.2587154557795,58.317245771983096,58.37388690083295,58.42818463007364,58.47961992076867,58.53397158012369,58.582985925705046,58.63664249550271
39.057730805596556,39.38371674477476,39.69071387839557,39.98210308238434,40.26163273017766,40.53378201010357,40.80357398950919,41.07447608255662,41.343359517538616,41.60573702069217,41.85814953188535,42.09973577588772,42.33127117959909,42.55333555811824,42.75695513338037,42.9712531894246,43.17586431420536,43.36310483466648,43.546633199925125,43.731875984842674,43.898702213099796,44.026014578817204,44.17281061459657,44.311955130871894,44.45086198795408,44.59223397679121,44.738854980810515,44.89605506451856,45.06695205667716,45.24583808403529,45.42576174057014,45.60064380302846,45.7647635072549,45.91386041294663,46.04470223879242,46.15824823123546,46.25857262028111,46.340313837815145,46.43199995140188,46.50077725279375,46.54524528535658,46.58011616767774,46.56434425222818,46.56126243493002,46.55656442726308,46.59225550279877,46.6219824502633,46.65876761568017,46.70200815213068,46.76889759261422,46.84321223707986,46.922435650668746,47.003769244226554,47.08180940926482,47.15800273270871,47.20873656492163,47.258052080170316,47.319895301076556,47.375232762482646,47.439947501685715,47.48878848528861,47.50675039937252,47.52328571856125,47.54505491407685,47.55283119248941,47.557489203119566,47.57475519191912,47.58693870349868,47.60136333356925,47.63128821404483,47.70820371474206,47.816366625046214,47.92214358078846,48.02893156081399,48.157228237175744,48.30112602724667,48.45172217286506,48.602523878647,48.74862928224718,48.886303773311,49.01197622202669,49.121497102914795,49.21135674027559,49.28373029561021,49.34303818356611,49.394405875769614,49.44271856284416,49.492200455768966,49.54716164558119,49.6129749870981,49.690705908896,49.765950042717144,49.83210923967278,49.89685332089442,49.97498672713039,50.07972238738566,50.19980402243762,50.32679544656883,50.44536971038909,50.55232145897588,50.68424671118917,50.77438423268963,50.817511115509184,50.85072392526187,50.892806125902524,50.93286652844395,50.976493072789296,51.011273721833945,51.02750794350844,51.032972839114294,51.04111040497485,51.05640974032917,51.087400764439536,51.14460028376973,51.23359602682279,51.344837768405874,51.47024657441353,51.60905891181121,51.75075177178747,51.885023594705245,52.03420734176791,52.18654735649991,52.32102060338679,52.392040369052495,52.47203200385785,52.54528045316588,52.60646977689594,52.65779170244143,52.69380991253483,52.71805674687568,52.71453175944238,52.722567567553035,52.739280769860144,52.760357782219664,52.8033142323894,52.83152706021809,52.86841918359532,52.917127557973906,52.98180264882073,53.04924481844294,53.110089396859046,53.161637616592394,53.194571120103575,53.22505012693934,53.25332406702443,53.250689923130125,53.26757393888254,53.24978301935968,53.22669479453562,53.209393635745464,53.18678757488914,53.14331551951662,53.09503943436629,53.04776004649519,53.018043888016955,52.98399364433506,52.95917966579722,52.939473567625186,52.956482749476166,53.04570370994652,53.14430397396329,53.22380400836803,53.29150649184199,53.3294972719281,53.33241549519387,53.31319654574723,53.301441828960186,53.31222302270676,53.32008116844143,53.307174256281115,53.281534168346944,53.252831557407944,53.21939502794147,53.19436084146094,53.18502848948325,53.194403680300574,53.22498378866597,53.27422803573382,53.3305202634868,53.38645503871374,53.44202560565824,53.49696389412711,53.550544599512314,53.614403005313676,53.68795899089057,53.766156809568805,53.831703686851704,53.88198545164544,53.9260792671602,53.962775324759,53.99163370520178,54.01344056807371,54.031414942143854,54.05337981160438,54.08823501068316,54.133214008147846,54.19660111442539,54.273746953257834,54.36351134434672,54.459518078765385,54.55901879589113,54.65570865522124,54.74856482302823,54.83494449184898,54.913442430586244,54.98324982726959,55.044052899578226,55.09582501795702,55.13786980491005,55.158422669558874,55.17263673180394,55.17636330648013,55.185247062398275,55.1937862094512,55.21066714294958,55.23647841863395,55.272231799733405,55.31941200821002,55.377673250344266,55.4434818764553,55.513574412376194,55.58366274810913,55.65388028227064,55.72384151871566,55.79032797530526,55.85497897115128,55.917729182323285,55.97733020818461,56.032959371231726,56.08472623310234,56.13358851222942,56.17936574183413,56.221609864841106,56.26044729492017,56.29643279910999,56.33080437868688,56.36570425005769,56.40354853479046,56.44519441272257,56.491256909507996,56.54270590964209,56.60117032628293,56.66869215503905,56.74651264353333,56.83267970384792,56.924149734834934,57.01784707298306,57.111141907352184,57.20252222695491,57.29385331135795,57.385911414444685,57.479127033009426,57.57222632907542,57.658597970861784,57.745580922292355,57.839298879865844,57.92546951261472,57.99622176932572,58.060597095102,58.12324347629424,58.184207814015465,58.23580418418296,58.29499203486111,58.35281726664991,58.40903239242302,58.46320143591,58.51481539088178,58.568765638106036,58.61866773614272,58.67401956730804
39.154281027106975,39.48118459907323,39.788337425322354,40.079377648143975,40.358155682626894,40.62923134766737,40.897768276900585,41.16734804552256,41.43470844764215,41.695175487524466,41.94515705081605,42.18374460395169,42.411688375550256,42.62956858159085,42.82965787162618,43.0377068575755,43.23629559336783,43.4197678856946,43.59869177775599,43.78259942348035,43.9463234396277,44.069154262956935,44.21476687301381,44.35280594723119,44.49257055928635,44.63504683746098,44.78283800619925,44.940982349972295,45.112322434848416,45.29102905380295,45.470128160990214,45.64356006371606,45.805615873572485,45.95200883673687,46.079647601743005,46.18964721777257,46.28633213717575,46.365956918028196,46.45403922166268,46.51983861080236,46.56143776491839,46.59220767571001,46.576206144492346,46.57343111265757,46.57136487028235,46.607866348155596,46.64091954166961,46.681835215279946,46.73068733389915,46.79948622000602,46.875968430644896,46.95617021002657,47.03735535060864,47.11584632543154,47.188930376810525,47.238159047458076,47.28553844618406,47.34519001695373,47.39826324936735,47.46088496755509,47.50804811050848,47.52708814931167,47.544393754405355,47.56621019670235,47.57510745481708,47.58158291186985,47.5995339240482,47.61455955518939,47.63203247278433,47.66558758932286,47.74676780825202,47.86024769749471,47.96768866650106,48.0771296218054,48.20723554198813,48.351971209140004,48.502646962903164,48.6529272798865,48.797982381103274,48.93416092738884,49.058008773645234,49.16548650204991,49.253163495117136,49.3232768616656,49.38031142443383,49.42947810174666,49.475796367527295,49.52370746488057,49.57780331919453,49.64369355788,49.7224584748541,49.79925953523415,49.86725522614274,49.934068197938984,50.014378056069475,50.12100527699809,50.242062189218856,50.36891425831505,50.486315755838696,50.59110426102488,50.71790442329881,50.8038128393973,50.844774290020574,50.87398241439048,50.91169212825244,50.95001858919737,50.99181168608319,51.02445713406023,51.041782507875396,51.05023140526189,51.061741439291204,51.0812886645056,51.11704377236499,51.17913428794766,51.27265311667417,51.38750230431228,51.51530293489937,51.65544018914835,51.79762069225737,51.93107941254736,52.07581884894785,52.2257242557929,52.36049618643958,52.432523217375625,52.50887938214625,52.57857786223993,52.63654269274876,52.684983636395785,52.71826069565107,52.740213427914156,52.7348011105992,52.74089421869572,52.757106375820115,52.77871236884801,52.8244440355899,52.85431108223054,52.89314346869591,52.943666120649,53.00947487190494,53.07720142965258,53.13734724297762,53.18693807400324,53.21678807293481,53.24331529452323,53.2664973506184,53.258369083444656,53.27106815086776,53.25113143794225,53.225661101719474,53.20712875554892,53.18408534623143,53.14271625858443,53.09775358844443,53.05559974828721,53.023654329917235,52.99040367983325,52.98177003909166,52.96433590548165,52.984916438451314,53.07589245699743,53.17400803067505,53.25218628683376,53.317575615226424,53.35222470058825,53.35062252461731,53.32773695954702,53.311487101321354,53.31782895215407,53.32414864891591,53.31222247218512,53.28803278483453,53.26106550976901,53.23124880767294,53.21041025600034,53.20588555767428,53.22002319780865,53.25472737757656,53.3066790973906,53.36382265082977,53.421161843464205,53.4768873737704,53.53133545720101,53.584153448527786,53.64693870084221,53.719197998970145,53.795934297650355,53.85992963012154,53.90896706372147,53.95239143232496,53.98888737123908,54.018127460915885,54.04092518219311,54.06021560797967,54.08409706911997,54.12130373310015,54.16887393174315,54.234804692020695,54.31522544382872,54.406749116151644,54.50385037134743,54.601998995817304,54.69802139811293,54.789636877818154,54.87423802478851,54.950511815303905,55.01782016241045,55.07600251646266,55.125137977686826,55.1646321471837,55.1843147533325,55.19642124358304,55.19878226698905,55.2061408975653,55.21568978949892,55.23464958937699,55.2632521568855,55.30214196174522,55.352341978132,55.41297467472675,55.48039073249432,55.55133226950175,55.622803889113214,55.69272383262561,55.760791140059375,55.82640069766018,55.889958659876285,55.95146038312483,56.00975948935085,56.064135403793614,56.11478983689165,56.162770431943756,56.207965345269365,56.2499874212916,56.288971900743064,56.32546210474177,56.36067150396993,56.3967125387219,56.43596729498153,56.47922306264852,56.527012820132114,56.58020917998435,56.64032821667233,56.70929925340669,56.788280946826625,56.87531831427218,56.96741132144648,57.06154120734085,57.155113054406954,57.2466163513016,57.33791852839798,57.42977160607873,57.522606379549764,57.615222333267255,57.701157437379784,57.78761472894295,57.880757782767496,57.966403142610204,58.036439696926806,58.099986222270175,58.16173900374431,58.22174505772588,58.27375585749866,58.331948316415264,58.38901426918674,58.444754609902446,58.498749878035376,58.55049842114569,58.60383142969452,58.65456456749821,58.711521814106234
39.25085971580542,39.57853070115748,39.885753951791166,40.17642729570668,40.454491055927186,40.724567782750434,40.99194668921196,41.26030991756727,41.52625110574666,41.78490357140268,42.03254015157511,42.268204948907716,42.49262150353893,42.706367725475026,42.903194879472686,43.10478162765239,43.29718960142883,43.47708214555633,43.6514113747914,43.833908375528715,43.99449195121809,44.113205674028386,44.25753265062422,44.39421933133742,44.53470790390873,44.67811658005236,44.82690591151096,44.98582311429159,45.157437166572905,45.33581765364207,45.51398830724025,45.68593054753926,45.84596912049643,45.989792511661946,46.114417174034564,46.22107613991795,46.31432228186852,46.39227599913416,46.47679246745988,46.53975745763527,46.57862110781056,46.605038704881395,46.589212076395285,46.58684221468463,46.58766552258191,46.624497608961704,46.66072197868982,46.705654724368905,46.76021381151381,46.83047154225209,46.908841480820236,46.98976775765365,47.07061259179793,47.14964197001441,47.21937376344867,47.2671745436315,47.31272463338622,47.370229376204826,47.42123683717254,47.48190157855935,47.527562313505214,47.548176905052266,47.566541903615665,47.588327708901886,47.59838406141081,47.60673576012392,47.625091331080114,47.642927100501375,47.66335466981651,47.70040571415523,47.785606636273364,47.90427606779798,48.01291826582112,48.12481196516761,48.25658307315561,48.40209676584053,48.55288600615171,48.70275528282569,48.84691494433915,48.98176796067264,49.10395811648808,49.20954525079502,49.29517278642844,49.36314283421069,49.41801033650011,49.465077154754255,49.509498879812604,49.55592930045237,49.60922689209398,49.67520425462831,49.75493370309482,49.833164642898424,49.90283424143827,49.97153929563226,50.053840278105305,50.16216553258473,50.28400539078118,50.410565089407186,50.52674524104307,50.629448675847186,50.75102986357286,50.83287258065696,50.87229369081453,50.897751055737075,50.93123126492518,50.968138759540835,51.008065075818294,51.03831256097612,51.05676712029104,51.06833968277564,51.08323158076552,51.1070165293553,51.1474618131084,51.214263427345735,51.312004864398816,51.43013172981643,51.56005623333704,51.701315553368474,51.84386433981669,51.97646387288969,52.1164517243111,52.26397887076077,52.39945071160772,52.473029175341566,52.54587085385473,52.61217659544776,52.66707995057589,52.71274313114156,52.743288431590166,52.76295938658623,52.75581294847508,52.75983340418903,52.77538034297421,52.797497449930624,52.845955083901124,52.87730179816438,52.91789585674663,52.970073140233204,53.03687030878899,53.10478405812449,53.164194932432494,53.21185267083809,53.23875142493123,53.26144615294835,53.27956688008178,53.26611639643398,53.274677790201736,53.252986299142506,53.22527082629378,53.20540369643885,53.18163623543395,53.1423426715818,53.10069867103545,53.06383006325819,53.028802544440985,52.99595510697283,53.00487586597671,52.989461022370804,53.013538633281705,53.10598389024309,53.20328529404977,53.28013742177924,53.34323166537516,53.37465003162037,53.368757325822614,53.342671769051435,53.3221160254331,53.32381848581922,53.32853944167476,53.31775124574421,53.295085177546135,53.26979061687458,53.24366295200851,53.226999499138095,53.22720305062159,53.245970436691714,53.28465022759633,53.339165067735934,53.39695391617408,53.45572222092976,53.511598669219445,53.56558599846324,53.617704647726626,53.679490384715265,53.75053647460284,53.82590734128662,53.88841505233757,53.93624996686865,53.97908730132836,54.01548683659154,54.04522763339338,54.069094483727376,54.08967550354516,54.11541330359679,54.15486236548942,54.2048958843475,54.27318297882959,54.35680111645605,54.449878174698114,54.547915030677856,54.6444023051173,54.739743545602046,54.83020107129931,54.91316772677955,54.98739626062056,55.05240322340932,55.1081606317537,55.15482484173549,55.19187864617733,55.21100922164893,55.22103423681849,55.22206321052431,55.2277000195937,55.238240979838274,55.259216836730765,55.290503678534854,55.332381774533545,55.38541877728798,55.4482114383447,55.51703527795732,55.58866398733105,55.66157390896919,55.731167412903574,55.797214607123074,55.862040204008665,55.92463324809815,55.98503478346589,56.0421927008972,56.09548013380292,56.145180318301534,56.19241753746395,56.23713321460235,56.27899014550875,56.31813981781967,56.3551265759096,56.39114663652525,56.428281238115886,56.46887306871487,56.513643611288416,56.563052286088606,56.61788116062063,56.67953505936622,56.74983036098662,56.829847114579216,56.917640845995194,57.01027051436248,57.10478652215197,57.19863467022858,57.29030557944388,57.38166164638437,57.47341329568129,57.565979355293265,57.658229575873364,57.74386003583934,57.829909450743386,57.92257401425265,58.0077892371959,58.077176461452325,58.13993624030637,58.20081691561909,58.25986269918097,58.31250523428573,58.36963881441608,58.42588328972349,58.48109150936381,58.53485896442611,58.58668879394622,58.639170528095214,58.69066784617109,58.74912668494984
39.34744828241996,39.675729198061134,39.982936702684576,40.27322984529526,40.55062548098342,40.81978949354501,41.08612022584701,41.35338549013227,41.61802350989581,41.87496885249567,42.12035737144904,42.35318572206103,42.574149106261785,42.78382025418516,42.97767285321943,43.172578609881654,43.35864300701841,43.53515477456019,43.704898485509744,43.885885820629206,44.04327884410842,44.1582675980506,44.30118659527955,44.4362451691176,44.577300271622434,44.72144620541338,44.87104245852802,45.03054695243935,45.202257323589,45.38016230438863,45.55730357168201,45.72772509848982,45.88580706939351,46.02721393754,46.149034235394595,46.25257870460557,46.34260515931496,46.41936051064511,46.5003517206149,46.56063109173768,46.596895351875126,46.61868880882071,46.60345018932629,46.60157337204434,46.605543398312896,46.6421861759675,46.68140396075194,46.73022152833125,46.79057815137158,46.86181809832997,46.941783432242424,47.02317296240473,47.10348258065471,47.1831475636462,47.24928808742075,47.29575380700987,47.33959698077018,47.39501072913536,47.444171046764275,47.503028600494915,47.54737518229123,47.570084600221755,47.58980734219299,47.61147156997857,47.6227160903683,47.632993719793355,47.6514466656095,47.672046120770496,47.69531831908399,47.735714729316676,47.824674662990795,47.94838266077008,48.057735326881996,48.17189189266095,48.305188555164165,48.45142907892366,48.602380586390424,48.75196922536491,48.89541053354244,49.02912925269031,49.14984693511686,49.25371123731413,49.337434097026545,49.40338619454403,49.45619889488753,49.501270812243455,49.543895372431756,49.588933765904976,49.641494399551014,49.70755706700234,49.78816352658827,49.86767766981142,49.93883951402364,50.009242202985725,50.093333728270736,50.20315242692769,50.325576980620994,50.45169199716016,50.56661166890224,50.66731700341011,50.78341479378682,50.861333421389126,50.9000137248754,50.92210955563254,50.951518888696775,50.98733849614124,51.025355634644605,51.052917740658955,51.07252645992997,51.087352064357425,51.105617115392945,51.13361075798269,51.17865222500798,51.249963386239614,51.35160470779523,51.47266092551855,51.60442560469192,51.746591703799886,51.88939239210019,52.02110633462583,52.15603614596079,52.30123746363304,52.4377861736057,52.51358567582614,52.58304831037391,52.646131653482264,52.698146247265335,52.74113829221201,52.76895742328358,52.786352948173175,52.7776256758278,52.77942618133854,52.79411872845282,52.8167220409374,52.867841754463115,52.90047528952436,52.9426374761908,52.996301078312584,53.06393943277403,53.13194735437703,53.1905963331387,53.236358621327895,53.26045722511057,53.27945625045168,53.29255877040486,53.273977456284555,53.278456520738544,53.25542384887366,53.22560536641415,53.20428509136208,53.17947733212308,53.14221418802023,53.10387875487238,53.07244915410438,53.033490827623346,53.000880872124256,53.028474344205684,53.01481121522828,53.04230832895035,53.135713579873794,53.23178508220874,53.30741172002023,53.36839809688038,53.396777920824604,53.38684988153775,53.35806447346583,53.333407833987614,53.330261334459486,53.3333146995424,53.323819289922874,53.30274035757605,53.27903739581119,53.256655409085404,53.24413022102886,53.24896534528074,53.272213142028846,53.31470750172096,53.371598438961136,53.42976949049489,53.490005468572015,53.54609535470137,53.59968840907336,53.65118725107538,53.71206206418973,53.78199293025541,53.85610792819083,53.91720135379125,53.96388062918294,54.0062167208526,54.042624135528214,54.07298283466573,54.09799091307959,54.11982410408258,54.147342666350326,54.18890808211115,54.241261596418326,54.31170259219269,54.39843385872869,54.49284933280736,54.591659258923514,54.686168606114926,54.780823368043045,54.87022004479923,54.951714191736585,55.02409598199362,55.087019026315296,55.140565473316265,55.18493827918172,55.21967062313874,55.23858265090571,55.24655005248874,55.24627543934984,55.2499742241786,55.26147622981045,55.284388163513974,55.318232612844355,55.362930177223525,55.41860205850877,55.48332781354797,55.55335011887854,55.62550005361155,55.69991129754029,55.76915561851418,55.8330596423701,55.89720801942632,55.95898021989373,56.0184464741957,56.074640311308954,56.127019409011965,56.17593689427801,56.22257917424984,56.26692418733784,56.30867268702927,56.34800064987965,56.38546733392979,56.42226021797517,56.46042873614068,56.5022713569609,56.548448516515094,56.59935542300727,56.65569106823556,56.718750996072,56.790238566881285,56.8711594802251,56.959593560628385,57.05267449878915,57.147534048812716,57.241664309087334,57.333556758451465,57.42506135734395,57.516828119882724,57.60925046830414,57.70126523607669,57.78673513121595,57.87250410336974,57.9647937267838,58.04967963450626,58.11848727545507,58.18050374964809,58.24053345468361,58.298614726492424,58.35211392969014,58.40811804283769,58.46347083839003,58.51808104689975,58.57155770305851,58.623406291669184,58.674784506514236,58.72696899856086,58.78681162889145
39.44402813767871,39.77275423681787,40.07985892288518,40.36976310506381,40.64654558619391,40.91489465824335,41.18029988620946,41.44659855435671,41.71006162465136,41.96541884436966,42.208667247724314,42.438755834716815,42.65634972641548,42.86201343213563,43.053198489165986,43.24119891448966,43.42075247876654,43.59409293301475,43.75925960438944,43.938614738423205,44.0927552145361,44.20443882104273,44.34580735483157,44.47893334649874,44.62037391222869,44.76503871439197,44.91523140903275,45.07512345937851,45.2467439776351,45.42402142687864,45.60003534667729,45.76891356055948,45.92511354163046,46.06427561418916,46.183522065550555,46.28419861876943,46.37124287447064,46.44729988207308,46.524809012949206,46.582556811554895,46.61636053495404,46.633237541156745,46.61900862467467,46.61770221576991,46.62507551162639,46.6609689399234,46.70297968728405,46.755531012551245,46.821770919869344,46.89348288335304,46.97470115412693,47.056237725891044,47.135783925315764,47.21613366599839,47.27850964934493,47.3238570748897,47.3661418273293,47.41953142605091,47.46708339900866,47.52429729915825,47.567530804878906,47.592879168447595,47.61426724613819,47.63570589923557,47.64815861978732,47.66040276278984,47.67861902988741,47.70192001086264,47.72791179684026,47.771486775370846,47.863899088968,47.99225988660101,48.10184441619572,48.21813525368111,48.352846498069226,48.499771673729214,48.650942978026954,48.80040156553534,48.943341652412634,49.07617436329333,49.19566279353356,49.29801488240795,49.37999690609146,49.44406492396428,49.49494107471866,49.53812685166529,49.579055118116415,49.622788664659,49.67466787683707,49.74080198466147,49.822179878304496,49.902810920074565,49.975264272363034,50.04715250901086,50.13281874159861,50.2439152328091,50.36672031223468,50.49222958268383,50.60578679836592,50.704498776419626,50.814803469228416,50.88894815461075,50.92762487860799,50.947130344594896,50.972650352343386,51.0077292556655,51.04378575521206,51.068350411186124,51.089125205966724,51.10732294270916,51.12893432916876,51.1610887734921,51.21061234640193,51.28620936977554,51.39137192151646,51.51490936715046,51.648168083860064,51.7909935679813,51.93393330519053,52.064779624003094,52.194438109898606,52.33738111364855,52.475273916208614,52.55417120012257,52.62045363736772,52.680498037036344,52.7298062797051,52.77023722514037,52.795331973662805,52.81045243795625,52.80029769541508,52.799713607449846,52.81333758938638,52.836395157338245,52.89009842441595,52.92380763781526,52.9673294554718,53.02230239647321,53.09063198112943,53.158636667563854,53.21649206023338,53.2603802065187,53.28185021929858,53.29733688777866,53.30549478073802,53.281997857182866,53.28245800633235,53.25852033304892,53.22674612023628,53.20383957326547,53.177645725925174,53.142350237411186,53.10729791268829,53.08141928950081,53.03781549863303,53.00566548139425,53.05241688682862,53.040320752115754,53.07105978452114,53.164685136811016,53.25912683263904,53.333626341217766,53.392746956243506,53.418514550947336,53.40492861806655,53.37397857199555,53.34544175967703,53.337227208832225,53.33853557534336,53.330485317685586,53.31104733601862,53.28883636366535,53.27024412704076,53.26180407182727,53.27115681860735,53.2987135463148,53.3447732493007,53.40365604245925,53.46193179234086,53.52365242791369,53.58008314203056,53.6334788445411,53.68455942998453,53.74464874010324,53.81357607495127,53.88654247255884,53.94631897696,53.99190551876028,54.033829537579805,54.07034968276092,54.10144167676434,54.12765691065291,54.150690884834255,54.17989930869608,54.22343805722548,54.277952798413075,54.35032975778107,54.44007793696724,54.53559500208361,54.634993310051335,54.72719276786863,54.82115029784469,54.90959679899428,54.98981456936719,55.060590334503445,55.121682553294065,55.17325516553796,55.215530959104335,55.24806939931578,55.26711161750036,55.27304303157227,55.2714882557295,55.27301330701508,55.28543198875648,55.310182848229644,55.34643858907634,55.393766108940376,55.451851474625194,55.51826793819712,55.5892653238812,55.66175123893559,55.737699335151724,55.80654634859635,55.86818874215299,55.93177385442417,55.99288906881659,56.051613861911356,56.10705858093654,56.158750144609584,56.207089035007535,56.25330319493341,56.29739309956499,56.33908969538992,56.37860400065268,56.416525500118695,56.45404268994201,56.493173420697275,56.53616766068995,56.58363023620147,56.63590234651787,56.69360811951376,56.75793575144094,56.830471764473465,56.91214902517695,57.001086504742766,57.09451127252063,57.18965281731351,57.28405866031548,57.37622316369422,57.46797793006518,57.55988611393028,57.652296596230386,57.74422338360304,57.82974465497883,57.91540767637311,58.007434018711585,58.09210312491665,58.1604245347177,58.22174535073289,58.28094486370285,58.33805512777201,58.39264355885789,58.44744051565415,58.501823425316275,58.55576117860282,58.6088751019089,58.660670696700365,58.71067493815768,58.763459451067064,58.82455409498364
39.54057688929223,39.86954900666348,40.176435010091154,40.46593396332711,40.742169379248416,41.009819814918764,41.274434861446004,41.539894714538484,41.802299905770866,42.05619294970221,42.297449688019135,42.524955392010284,42.73930079319381,42.94103452374082,43.12987848361193,43.310743651702786,43.48361468530323,43.65400378122858,43.81460122590888,43.99217810855211,44.14299215873852,44.2518181290238,44.39147357713202,44.52233374940788,44.663955075528705,44.80889710783615,44.959456524807514,45.119522230071986,45.2908582004496,45.46735344194805,45.64214502458785,45.80946554526951,45.96386960504621,46.10097155968982,46.21789435423962,46.31597631729366,46.400297529889855,46.47618354293016,46.550256376284224,46.60563191553217,46.63711669488935,46.64876445551835,46.6359755238297,46.635306376894505,46.64633884447412,46.68088279157979,46.72546335771417,46.78157406139901,46.85369341306431,46.925221237249524,47.007247139942514,47.08859028465037,47.16714670405242,47.24816214125716,47.306687001708205,47.3512625671329,47.392305315372404,47.44378315859983,47.48998996533448,47.54573330431981,47.588055700852,47.61661570718691,47.63994798588785,47.661029457454106,47.674695284358776,47.68891432573736,47.70650277405315,47.73239304220333,47.76102899808508,47.80761627618743,47.90296119143494,48.035412483548335,48.14484933567333,48.26316584372584,48.39919493899542,48.546766206026845,48.698208381846854,48.84767631864639,48.99032768273349,49.12253972284299,49.24110034262364,49.342262689353724,49.422813875690785,49.48522243918774,49.53430084928395,49.57571305047079,49.61504738959826,49.65756180013496,49.70880935922355,49.774988997265005,49.85701465838591,49.938566482576974,50.01209697378088,50.085245801247986,50.172255653121795,50.28440289313078,50.40735146158696,50.53193880787991,50.64392923259623,50.74064026507865,50.84494013927689,50.915469573338854,50.95478190133039,50.97265321148263,50.99471815510318,51.029422494780476,51.063457830170684,51.08468831063497,51.10662803757587,51.128306710532755,51.15321950808812,51.18946799898787,51.24332545915723,51.32285081803761,51.4309716807333,51.55648331339431,51.69089784999478,51.83415214629967,51.977132936251415,52.1071685911038,52.23150903695103,52.37228823662174,52.511675099289754,52.59444837788369,52.658031369001534,52.71530669084833,52.76211550627111,52.80010406741917,52.82247638565926,52.835316181216704,52.823887409994704,52.82073673982855,52.83305298290524,52.856525814603096,52.912719470899695,52.94727106875536,52.99190728978654,53.047984544416295,53.116790583560736,53.18462026713137,53.24160761189661,53.28360110894327,53.30261891182727,53.31482831806515,53.31821298460312,53.2901595734832,53.28672869483086,53.262351997581476,53.228774485915736,53.204133775095784,53.17617850646657,53.142770249266164,53.11096021721615,53.09045044721756,53.04188313487306,53.01080177333711,53.07623438720854,53.06567957999001,53.099399160899274,53.19249992884343,53.28492998282781,53.35839570819407,53.415885204459904,53.43949746877332,53.422868733222025,53.39044995316436,53.358295056142474,53.34478581969469,53.344263221902025,53.33780804199679,53.320055123968146,53.299218037523644,53.28444695729717,53.280013615468484,53.29369994984194,53.32524811651053,53.374451592293966,53.43492121483002,53.49307778328589,53.55626514143241,53.61314844150802,53.66655913601459,53.71752096481143,53.77703774893272,53.84507723710631,53.916942295371506,53.97555742643564,54.02028612458613,54.06195310067125,54.09870781375551,54.13064895556473,54.15813141742532,54.1823045686045,54.213096045106795,54.25843459518216,54.31490068307376,54.38892127508372,54.48149686111104,54.57781254935979,54.67756951852039,54.767172172043345,54.86041138986379,54.94801080147988,55.02715888983334,55.09661541612201,55.15621340864889,55.206151839529,55.24660933434811,55.27712632961514,55.29667240357179,55.300587515047496,55.297770961927164,55.29686706379824,55.3101447060175,55.336620169380815,55.37511953980916,55.42485675459051,55.48508749912007,55.55288716295261,55.624564407957344,55.697143068019685,55.774575468428715,55.84295708168874,55.902272357226394,55.96539641938768,56.0260093192243,56.084184502547046,56.13911072150587,56.190381463683394,56.23842313008936,56.28446307625718,56.328492501331276,56.37024756714064,56.40998120805638,56.44833653699294,56.48652273005759,56.52653256804667,56.57056504143464,56.6191732166209,56.67264973258232,56.73154583772654,56.79694106272823,56.870314187875024,56.952544819506315,57.04181185807327,57.13545163764275,57.23080069402643,57.32546410620925,57.41793979170091,57.51003802481308,57.6022055985118,57.69472742991945,57.78670931951844,57.872526522048126,57.9583236145594,58.0502006156293,58.13478326620314,58.202840967115975,58.26364105167326,58.322087941038404,58.378236149924575,58.43415573693493,58.48766074683956,58.54098756063213,58.59416986056561,58.64684016895362,58.69850179142565,58.74684339623166,58.800130630089264,58.86233139725106
39.63690943759015,39.96582289246815,40.27234092430199,40.56141125076203,40.83716720365087,41.10423958815134,41.36819557570124,41.63292143171047,41.89436019585068,42.14690259864597,42.386338341200265,42.61150856308753,42.82290899585527,43.02094505994023,43.2078195328568,43.381313931747385,43.54732629525847,43.71499447951017,43.87102984454649,44.04665891065737,44.19406077295315,44.30050430801293,44.438263910032674,44.566496263772024,44.7080700113237,44.85302438659391,45.00370156763462,45.16371285948269,45.334560693121695,45.51010618031281,45.6835527193485,45.84926255379008,46.00191581354631,46.137102809093165,46.25194962914899,46.347767674314696,46.42973182625044,46.50606336852168,46.5767756256623,46.6299517359629,46.659263869523045,46.6653491055343,46.65443902218118,46.65436915750979,46.669271632050965,46.70192200762455,46.74880496242536,46.80813879173263,46.88585998435852,46.95656984545515,47.038984923416486,47.11982584401227,47.19718502364038,47.27878324355155,47.33345213508493,47.37759459341207,47.41779013207741,47.46758304943477,47.51276132136966,47.567154894154925,47.608695290620616,47.64102215123646,47.66641289270045,47.68698249375267,47.70185704310685,47.71802804951082,47.73464141333583,47.76300498590141,47.7942490926667,47.84369970627088,47.941411870113704,48.07734012166109,48.186353094799294,48.30660168865047,48.443861810886915,48.59204328165585,48.74379915970312,48.89339851526063,49.03595291451564,49.16778998517411,49.28570865941179,49.38600374027945,49.4654885858635,49.526628221854416,49.57424228820143,49.61408124358642,49.65194073853069,49.69332097555085,49.74398085905023,49.810160822992586,49.892589298443646,49.974704204756954,50.04912993005122,50.12341679009139,50.21156324939418,50.32446112497414,50.44716137436308,50.57042834447085,50.680663268533614,50.77538340913903,50.873569053311485,50.94065047059035,50.98113954236068,50.99824194245315,51.01759993468177,51.052499667970444,51.08447390975877,51.102009153325795,51.12509921334713,51.15035644281417,51.17849959530215,51.218684263887646,51.276512738335725,51.35944364494372,51.46995463843096,51.596965983408566,51.73222419204887,51.87569765286113,52.018636722440995,52.14795710727216,52.26710034794454,52.40583724836713,52.54675088272244,52.63395444014116,52.69538107039929,52.750284423751765,52.7948790286503,52.83059380043995,52.85038354480476,52.8609924099785,52.84845322232439,52.84253663578022,52.8532809661398,52.877123016762965,52.9356281755402,52.97066856878034,53.01607423918098,53.07301493458366,53.142039359155014,53.20950767777121,53.26555208516015,53.30563668758436,53.32237196781442,53.33151235611705,53.33030418947423,53.298146757710015,53.29109199790667,53.26693452136387,53.23176361931588,53.205234329799936,53.17511276337365,53.14349334447632,53.114826195865604,53.09914441716492,53.04580031374644,53.016782586507006,53.09940742983182,53.09045169108232,53.126908285383024,53.2187593237597,53.308813970262115,53.38133424377138,53.43741980242575,53.45931883530976,53.44026505819925,53.40716734828182,53.37183259173306,53.35295111324988,53.35055237060202,53.345846052858285,53.32981246789912,53.310195299066436,53.299171604183144,53.29852750457115,53.31621545162349,53.35136732505681,53.403290574627476,53.46497705712775,53.52284442490389,53.587445651605854,53.64487665339844,53.69850809361762,53.74964287584763,53.808808475323175,53.8760747707657,53.94687124026558,54.00447127455352,54.048638306563426,54.09031377720354,54.12750809617288,54.16043141472672,54.18923894389874,54.21453530507529,54.24678062580355,54.29362904040256,54.35174678550177,54.427075354603915,54.52222130770733,54.61903702294862,54.71893029185617,54.80575005594709,54.89825022062924,54.98508916004813,55.06334992676474,55.13175002539505,55.19017757563726,55.238839335560094,55.27783211335865,55.306627331913226,55.3271720564736,55.32919316562836,55.325167053851885,55.32156905472917,55.335619689229134,55.36363933137123,55.404111836030594,55.45594207626955,55.51796635690583,55.58679868000451,55.65885616822686,55.73129957874139,55.81010874522604,55.87796396151293,55.934954657084475,55.99770489692933,56.05794996559095,56.11574538705997,56.17036136924299,56.221457539450284,56.269471497357806,56.315596944908066,56.359794885601865,56.40178865119104,56.44186120331876,56.480704477783654,56.51954950769649,56.560363218122404,56.60528944971583,56.65484525404672,56.70929550064371,56.7691402717069,56.835367328327386,56.90935731529628,56.99194557568082,57.081380715618046,57.17511658815164,57.270602018854056,57.36550072524524,57.45831687741292,57.5508409505175,57.6433736791481,57.73611908369248,57.828286990395064,57.914621447734646,58.0007771050834,58.09261021385581,58.17722739797821,58.245260764956036,58.30579336133332,58.36369390508501,58.41902427986164,58.476611582555755,58.52879302662693,58.58099178298444,58.63333338947159,58.685469676229395,58.73690152781464,58.78326490235583,58.83691403838751,58.90002033838044
39.732620294414744,40.061178495504954,40.36719224400504,40.6558139035364,40.931153547929654,41.19775904987121,41.46117389760672,41.72525511315335,41.985804351444294,42.23709726127924,42.47487157167613,42.69794433284698,42.906728038187126,43.10147331961797,43.28700973259823,43.45300539373414,43.611983977262305,43.77717218816811,43.928651954780655,44.10214012438033,44.24603215341738,44.350596144029225,44.486257001385276,44.611470775518164,44.752744969414884,44.89742296148687,45.04794236187289,45.20763039135141,45.37771149973289,45.552045739698066,45.72395568244203,45.88796576220095,46.03888805012607,46.17227857224802,46.285274218006364,46.379149060614346,46.45914479191362,46.536571715695914,46.604124585212595,46.65536951742195,46.682782831898024,46.68304393025011,46.67435221808607,46.67446983583339,46.69335568134265,46.72373548882143,46.77260598891997,46.834732608345206,46.91768017226922,46.98705444269728,47.069477944441964,47.14953960930627,47.22551299085532,47.30754722701055,47.35843704004953,47.40247261820227,47.442207786115446,47.49054469764386,47.53500026612807,47.58811759621444,47.62896888760043,47.66548048417582,47.69297774889142,47.71290897146562,47.72899809970429,47.74710876095799,47.76251724224262,47.7932612534644,47.827085799232805,47.879262149025195,47.978800830042545,48.117542470988376,48.225958703058076,48.348060814310365,48.48647504668788,48.63523350645557,48.78733767344875,48.93717318594067,49.07980163776973,49.21148980412154,49.32903576587957,49.428772908358866,49.507545968058935,49.5678079726076,49.61436100730958,49.652994991276614,49.68964378422054,49.730034322585354,49.78012927525351,49.846115972067246,49.928468245287085,50.010737571122746,50.085894303905405,50.161261836396385,50.25039271301651,50.36368632805311,50.485730087129404,50.60730170083023,50.7156132031186,50.808370148352644,50.9004344607114,50.964243639382275,51.00635255101693,51.02344429615491,51.040812427281466,51.07661570502497,51.10674092119503,51.12026746757166,51.144449678422255,51.17333240762534,51.20452892311551,51.24829780353836,51.30966331969686,51.395501964353514,51.50787089366798,51.635940596351766,51.7717563989751,51.91526030177168,52.058090100917404,52.186829043852335,52.301063463705624,52.437906564699176,52.58026242638002,52.67222630068684,52.732025931361996,52.784949538513196,52.82762854883075,52.86125283510585,52.878677952253376,52.88726433858991,52.87400340376062,52.865149463454124,52.87403057815802,52.898116043836126,52.958434452858846,52.99357138015202,53.03941000321143,53.096981286941975,53.16597579250296,53.23290280353965,53.28793343341604,53.326102296776284,53.34071802643278,53.346968330169624,53.341341777672405,53.305556487004615,53.29511105512946,53.271870841232854,53.23549703269967,53.20712847169894,53.174438445837275,53.144416687633374,53.11856302462868,53.10710257537587,53.049673612656164,53.024100759458186,53.1214165991848,53.11420003203093,53.15316898527068,53.24306468934845,53.33039823242906,53.402056370771945,53.45695771103716,53.477570811563844,53.45668249249225,53.42358242212523,53.385520568557034,53.36138057543673,53.357229507467316,53.35451851619746,53.34021868040846,53.32151084463865,53.31400395076341,53.31688185887469,53.33823221215261,53.37660798897165,53.43083824022786,53.493406670406735,53.550868678768786,53.616796000911684,53.674853177966554,53.728904527473965,53.780495240676665,53.839531240006025,53.906138107894556,53.97589077641177,54.03260533720074,54.07649006524428,54.11842321498425,54.15625602707499,54.19028394920298,54.22046904023619,54.24689990868185,54.280478427817364,54.32854387064184,54.388029627916445,54.464352864026104,54.5617678116825,54.65880024303763,54.75861762966163,54.84256965544464,54.93431036666986,55.020458982491135,55.09799035430978,55.16557032301884,55.22312410586133,55.27084015644233,55.30869969396828,55.33607106037187,55.35806512235507,55.3584256782539,55.35334477194202,55.3468607245918,55.36153922932456,55.39083371280211,55.43295921222398,55.486556465918184,55.55003506264431,55.619574778911264,55.691739176933865,55.76384376985609,55.84386821059326,55.911143131790574,55.96587981122145,56.02832846966168,56.08832000239055,56.14588350640724,56.20037508643248,56.25152059312598,56.299754508304275,56.34620485648907,56.39078449270782,56.43318917664465,56.47372428375256,56.51312592788824,56.55264046734243,56.59419630986498,56.63987300413474,56.690177813338245,56.74537692670629,56.80594122612588,56.87277926556141,56.94718156101016,57.029947829394246,57.119404036001896,57.2131271180433,57.30868113169897,57.40378859590004,57.49696465577163,57.58998601610838,57.682977461359975,57.7760476718705,57.86852034280512,57.95557012887343,58.04229110737988,58.134176851488334,58.21893828107757,58.28717750929052,58.34768868643759,58.40525102148861,58.459937916041525,58.51952117897182,58.57045799501438,58.621538160684345,58.67298855811848,58.7244956235408,58.77557114310167,58.8196393033,58.87344579199346,58.93721904695905
39.827288298365616,40.15521786916297,40.46060454768293,40.74876085781802,41.023742900613186,41.289983271474014,41.55296169133059,41.81647216614777,42.07619422910517,42.32632640768032,42.56258774100675,42.78378880037273,42.99026791540998,43.18211519586491,43.36694782134812,43.52566184823041,43.67762607998204,43.84063104707439,43.987572118046515,44.15870414430582,44.29897642034288,44.40218840073718,44.53551961627922,44.65727945225117,44.79793768070267,44.94196222926358,45.09195219736502,45.250956710597436,45.41993413057305,45.592785370513624,45.76297629193693,45.925202470824736,46.074406041169226,46.2060998088335,46.317445451002946,46.409673555023886,46.48805230815955,46.56707816589165,46.63167823591244,46.68126606714195,46.707125738868875,46.70154080594841,46.69518431859514,46.69507954114358,46.71797908169526,46.74580457219109,46.796350245743035,46.860842307242144,46.94856351345799,47.016200763703274,47.098289642912135,47.177326785861936,47.2517447124729,47.33400434576319,47.38127370717634,47.42551610597858,47.46516962612503,47.51227020995885,47.556280802139575,47.60816002710939,47.648389398871934,47.68935609202948,47.71895600207125,47.73815210932564,47.75547225279798,47.77552126337132,47.78961255528065,47.82266725639984,47.8590528364311,47.91382868785433,48.01467777625976,48.155519201579224,48.26326916993416,48.38716124656087,48.52666257934246,48.67596748626535,48.828446284936724,48.97860536124912,49.121458142506356,49.253203833520104,49.370629684008506,49.470105066765775,49.5485109537264,49.60827888404788,49.654167700497055,49.69196739347467,49.7277047828401,49.76728633867543,49.8168189338734,49.882356338156065,49.96414396870215,50.04616902660083,50.121903151420135,50.198308521256266,50.28828915701925,50.40163801072088,50.52263685926537,50.64216238533158,50.748403333291655,50.83924242247135,50.92528061085586,50.98600187273157,51.03007567661722,51.04780803123643,51.063837821795076,51.10110828678083,51.129644781461664,51.13900752052401,51.164209624905425,51.196700974402624,51.230752670557614,51.27776084906048,51.3422583240301,51.43053989012667,51.54427054550279,51.67299037138242,51.809103759726334,51.952470307137446,52.095138508838815,52.22346827218855,52.333249805060724,52.46837460143237,52.61197089013578,52.70880087331254,52.76748914169064,52.81881626648034,52.85988191048341,52.89160278402759,52.90686567449259,52.91363050254513,52.900164639431466,52.8884021964598,52.89512003579779,52.91916383180058,52.98066190569987,53.01553399991708,53.06149313519608,53.1194712687389,53.1881973681953,53.25440954849296,53.30835961005627,53.34461329085342,53.35726572685508,53.36077556845824,53.350899131518666,53.3119858277883,53.298334287183756,53.276591722314585,53.23939887585941,53.20937781444598,53.17382497346439,53.14513027733604,53.12171676925148,53.11392629788345,53.05360960900521,53.033249130744885,53.14174247975382,53.13648754947404,53.177763087860534,53.26501739339836,53.34930220681573,53.420176512018,53.474105891190355,53.49384555854272,53.47168593559501,53.43914225611849,53.39878125577989,53.36959137663024,53.36383643178458,53.36333744095444,53.35077459797452,53.3326961075175,53.32847141834504,53.33460198681489,53.3592790980071,53.40050692527306,53.4566426330219,53.51979315572124,53.57678750645447,53.643918231827584,53.70266341547706,53.7573272477074,53.809648136882075,53.86877636371269,53.934836680458,54.003562372980724,54.059504430264326,54.10336940116602,54.14578843607479,54.18443687236213,54.21967361269962,54.2512821375883,54.2788674568559,54.31367753796802,54.36269520145434,54.4232876082552,54.50031467103466,54.599652907962884,54.69663402981446,54.796173531539665,54.87727420640076,54.96823540451452,55.053747376600974,55.13068284661683,55.197652469689636,55.25460205092312,55.301676804986684,55.338711673215876,55.364941828927755,55.388731323576735,55.38766434280203,55.38168895159284,55.3722304961258,55.387394360017,55.41770335284843,55.46117455463907,55.51622690540854,55.58084028533637,55.6507877492313,55.722812006322386,55.794398640119084,55.87542290957996,55.94207073624328,55.99469198913144,56.056896320197275,56.11672842409714,56.17418585154603,56.22871643535891,56.28011284592613,56.32879253442014,56.37578686660333,56.42094556298022,56.46392452362514,56.50504336481492,56.54507624894201,56.585277198560846,56.627523148754435,56.67382014754864,56.72469040214054,56.78042887855805,56.84149847849695,56.90874159175345,56.98336733928948,57.06614811634037,57.15549277784972,57.24910422131385,57.3446623724638,57.439947796650216,57.53349336171848,57.627072530515655,57.72060405066823,57.81408930877465,57.906973323320734,57.994913262299534,58.08238858088372,58.17441456662411,58.25941867633697,58.328084781172,58.38881340194453,58.446240843824285,58.500457179060625,58.562268128032365,58.61205353135924,58.66204430931414,58.71257028038419,58.76336336728638,58.81396170867984,58.85550362084352,58.90927114631081,58.97347775045894
39.92049228804236,40.247543066831284,40.552193413818266,40.83987104977471,41.11454975022982,41.380517324355395,41.643150821041104,41.90614899797438,42.165091685386784,42.41413950792745,42.64902521075207,42.868568064748935,43.07303862274443,43.262361847016464,43.44700634252162,43.59877533541006,43.74393666881685,43.90514545064044,44.047675884367735,44.2162462316824,44.35276997695549,44.45510137522947,44.58579364890783,44.70362216321779,44.84325961770783,44.98621082325037,45.1352900692215,45.293261089365906,45.46081815265207,45.631933564502084,45.80023687038889,45.96059997998416,46.10808951305955,46.23816747852875,46.34804065832986,46.4388942363746,46.51597025626833,46.596948261824274,46.658789468623915,46.70696759459106,46.731598340813406,46.72027546666799,46.71629618450988,46.71566940152204,46.742529922454864,46.76760948880015,46.819521449968114,46.88595468442884,46.977919544586435,47.0435345432005,47.124983458720116,47.20278257900883,47.27549429526882,47.357704853938515,47.40159412703975,47.446344521216055,47.4862870007447,47.532361693111504,47.57617693193408,47.62682080345082,47.66646973151569,47.71201436082189,47.743661099850385,47.76205512606542,47.780633301034776,47.80263036004314,47.81540964695707,47.850728406215225,47.88966392290928,47.94692440616227,48.04859241380359,48.19076998348268,48.29788750491203,48.423521011257286,48.56405234179488,48.71387582692453,48.866747356020056,49.017300071748544,49.160506718736166,49.292496727204615,49.410038435780145,49.50953508867395,49.587908474315206,49.64755814877591,49.69317306165251,49.73050321736183,49.765622678784695,49.80456923465079,49.85353478567597,49.91836593737035,49.99910893847477,50.08050101611762,50.156669528672005,50.234084425764394,50.32479742864976,50.43787568133054,50.55746095015041,50.674613906348476,50.778657955993296,50.86764217124699,50.94785175312409,51.00567796365524,51.05196366847966,51.07088090634611,51.08615830711547,51.1253075490027,51.152485381547976,51.15768827751833,51.183851141870235,51.21988041972197,51.25659932905615,51.306525621942214,51.373778872124944,51.464071536122816,51.578703692993976,51.70769852765903,51.843875563255324,51.98695788306451,52.12942738336334,52.25755866362502,52.36351079283633,52.4971197743812,52.64163743386309,52.74321507181011,52.80129389118621,52.85139883900097,52.8911569572793,52.92116525981584,52.93445272203466,52.93957540553096,52.92638815087195,52.9118384422189,52.9161588082874,52.93986806761255,53.00183413425542,53.0361109251222,53.08190218845317,53.140072547222125,53.208301570822655,53.273631816687434,53.32643856847286,53.36078502415013,53.371623708254084,53.37251339921821,53.358549633334015,53.31703184648228,53.300310114754105,53.28052735739446,53.24287090887281,53.21140195711324,53.172808326961146,53.14517650930609,53.123833114308184,53.11921696072064,53.057714880196556,53.04472053892134,53.15986565602526,53.15687719004992,53.200272420450894,53.284218803698074,53.36514533090925,53.4353090903318,53.488471303781466,53.507735237253634,53.48484028700156,53.453293931685515,53.41103692256715,53.37710034967917,53.36989706006276,53.37174091110156,53.360915358284466,53.34327689404242,53.342101428235146,53.351213196827494,53.3788849757648,53.42260095097904,53.48025179693623,53.54371961412563,53.60023786953484,53.66841438683116,53.727892766194635,53.783355064441714,53.83667164204742,53.896114167174616,53.961739920421145,54.029447499143124,54.08471336963134,54.12880431486603,54.171916462536664,54.21153589793463,54.24806745892284,54.28113866710574,54.309907027029084,54.345866043075375,54.395599148394396,54.457059124455455,54.534521643314015,54.635393131474906,54.73207020346665,54.83113999709318,54.909506944680224,54.99966891069209,55.08458145016975,55.16103007783422,55.22757262610371,55.284160462424694,55.33087178400416,55.367367648140245,55.39272395151758,55.41855038249913,55.416287808203776,55.4095774469597,55.39715842587883,55.41267361599105,55.44374828924117,55.488270749525654,55.54448037661269,55.60992869398291,55.680009880523045,55.75167322863646,55.82258718828571,55.90434188723568,55.97032291859267,56.02103536030867,56.08303763114863,56.14278422518478,56.2002394134334,56.254949978306854,56.30677651906648,56.356105947196774,56.40384303085389,56.44976233675016,56.493470072256194,56.53529136196289,56.57603080258029,56.61694129091734,56.659835040270906,56.706635322814776,56.757902528098725,56.813986223986966,56.87536180633364,56.942819024226594,57.01749506440717,57.10014297221302,57.189257899786355,57.282668891959375,57.378170081051124,57.47359840597242,57.56751323019482,57.66169980266918,57.755840552593654,57.84982010872601,57.943209878514146,58.032191544848025,58.12059248502979,58.21283739736038,58.29817134459217,58.36747616165313,58.428653882812554,58.48614492566708,58.540062189515254,58.60423602521623,58.65297498239332,58.701918326528585,58.75149933437129,58.80150565368519,58.851516682766466,58.89039275334173,58.94393533183582,59.00834667635222
40.01181110204462,40.33775614189897,40.64157442089371,40.928763415574274,41.20318858530799,41.46896627991101,41.73133315090637,41.99386201591383,42.252058576842586,42.500086032098935,42.73372234247212,42.95180822505974,43.1545501554111,43.34170443140806,43.52655783939832,43.67181173336222,43.810466752211966,43.97015836081346,44.10843123172645,44.274207811974854,44.40686332780538,44.508709715087065,44.636464595551985,44.74999080863689,44.888213128056435,45.02969605563445,45.177504680736995,45.334112286651425,45.49995313297985,45.66909881340603,45.83535974035363,45.99378559000188,46.139558192180786,46.26808254101283,46.376637170178256,46.46636418349775,46.54241451752008,46.62554754620914,46.68481117420907,46.73180030923746,46.75550638282123,46.73867818441684,46.73704867663176,46.73571054505046,46.7663962929675,46.7886304697153,46.84160331866876,46.90955653591066,47.005157802316155,47.06858151591634,47.14912283175909,47.225502194076505,47.29637584601878,47.378199005665536,47.41903029021416,47.464577328389794,47.50517125861293,47.5504212538336,47.594262658041416,47.64363854184978,47.682722792612225,47.732820676577504,47.76640648983929,47.783961240417675,47.80383504306153,47.82780085426587,47.83939081177903,47.87695011441811,47.91843277731507,47.978074387353,48.0800944477123,48.22279448674786,48.329416717476164,48.456758134255004,48.598272266989255,48.74858913427242,48.901863248551734,49.0528623480016,49.19653165646978,49.32893313900995,49.44681004317605,49.54659784725718,49.62526346127465,49.68516295939224,49.730887784664624,49.76810723011935,49.80289641644962,49.84137522134118,49.8897617814273,49.95362878582135,50.03285562439088,50.11323598459954,50.18970649173767,50.26811713101416,50.35946237515544,50.47195884823526,50.589781619163944,50.70425977225448,50.80600136816399,50.89321133443147,50.967892136895316,51.023024705170236,51.07167127592228,51.09221068013246,51.10725607213543,51.14854362745526,51.17456261244327,51.175768703890135,51.202846318390364,51.24228902015923,51.281497390038744,51.3340443436718,51.40370608477087,51.495611016201615,51.61072043519996,51.73964828434011,51.875681098514896,52.01835324365895,52.16060216164915,52.28878408950592,52.391697847858914,52.52402049936013,52.66902321743524,52.77500580997136,52.832963369649725,52.88221148742279,52.9209715328894,52.949461875081326,52.96094510539183,52.96458355123419,52.95212423233402,52.934981655069464,52.93674575265481,52.95983043822829,53.021474738717636,53.054856652813996,53.10021571630089,53.158372789639294,53.22588588497576,53.29017351217931,53.341778262057865,53.37423285100074,53.38340060980246,53.38176115068487,53.3638666654395,53.32029160950784,53.300586958525,53.28310793925789,53.24531489181759,53.212620400141404,53.17092404807829,53.14409777926526,53.12445774437296,53.122575939920495,53.062096003633265,53.05900781038174,53.17526671248546,53.174931900396764,53.220278810340034,53.300270288036266,53.37754704219669,53.44706852853555,53.49966090970668,53.518832008703704,53.495710446205905,53.46548453025025,53.421709838084375,53.38342432743229,53.374935308810834,53.37916701061119,53.370076099025376,53.35277901055279,53.35442140174082,53.366240797348276,53.396578712003546,53.44242688310759,53.50121377589756,53.56476914667415,53.6208567295838,53.6898865084001,53.750126630384,53.80656678780069,53.86113583375624,53.92111497112322,53.986417259749096,54.05310762406963,54.10777697118885,54.152322806881635,54.19631431643135,54.23703836969281,54.27493254157875,54.30949905993921,54.33948769663316,54.37653202995923,54.42677182701633,54.48888257445463,54.56653464854855,54.66850501714492,54.7646405841818,54.86305902592512,54.93891110614779,55.02825446173142,55.112588310989594,55.18863472211034,55.254906952957356,55.31134839196813,55.3579475963058,55.39416721578025,55.41890174207798,55.44690202148277,55.4436747233902,55.4363881121979,55.42112457039858,55.43686553193124,55.46846855971129,55.51376068313349,55.57084386140274,55.63684695758475,55.70681346234497,55.77792141612018,55.84803241311135,55.93019418861004,55.99547582256039,56.04455409424729,56.10638158512829,56.16609640012747,56.22363118302659,56.27864027756085,56.331053833762695,56.38121511812558,56.42987340484387,56.476719054348685,56.52130120266151,56.563941190653594,56.60546495043844,56.64711433397732,56.69062328989447,56.73782297279044,56.78933369885793,56.845583830780974,56.9070809871494,56.97457628030387,57.04914515063611,57.13152893270599,57.22031036043665,57.31344212397593,57.40882859736354,57.50436050234316,57.598634496142076,57.69346714149888,57.78827407265714,57.88281618604565,57.9767939549575,58.0669456733539,58.15642577925289,58.248959381794364,58.33469904667882,58.40484523178647,58.46669650400014,58.52444482059206,58.57823306800171,58.64480846600229,58.692617694848536,58.74056830998249,58.78919649818234,58.83835522895634,58.8876795235789,58.92384159915005,58.97698357906487,59.041376052110984
40.10082357897199,40.425459147755085,40.72836314739187,41.015056891384525,41.28927389437608,41.55493520953647,41.8171005450946,42.079187627246796,42.33665676002608,42.58371545027305,42.81621749772687,43.033035380389286,43.2343125086306,43.41963410737513,43.60497485525789,43.74423692017601,43.87676710065337,44.035097380759055,44.16925923009143,44.331962849783935,44.46065031590547,44.56234726694252,44.68689974736567,44.795873821021935,44.932300518479245,45.07194523860308,45.21814473520607,45.373079061448614,45.536928638566295,45.703889608968055,45.86796722438686,46.024386601200554,46.16843180491668,46.295445955964894,46.40281231673931,46.491636475224674,46.56690097319492,46.65224156176163,46.70909624352998,46.75509042054935,46.77815560998201,46.75617923120301,46.75680265576229,46.75467409981057,46.78896628257923,46.808347746003186,46.862079568918546,46.93113465769303,47.02968782330875,47.09086741657813,47.17027120192216,47.24508083639452,47.31400347149846,47.39503705507329,47.43321418727396,47.47983399197485,47.52143374836824,47.5660509988569,47.6101119829915,47.6581518589173,47.696661489242096,47.7511404253208,47.786505619648445,47.80321367111506,47.82443127752515,47.850397549331916,47.8610383442537,47.900837792516015,47.944873118296144,48.006803714830504,48.10873358302417,48.25109238142375,48.35745981711099,48.486490641409326,48.62895028786982,48.77973801414838,48.93341632438472,49.084897220570824,49.22911724571784,49.36207772277088,49.48049252817777,49.58082821568928,49.66010084605404,49.72061050849754,49.76682256342203,49.80428419892853,49.839024940230225,49.87719650957628,49.924984871893464,49.987628899620354,50.06487649623641,50.143876376973054,50.22052709669381,50.29993421809886,50.39182884378366,50.50344701978817,50.619178125685394,50.730703491423164,50.830057866744255,50.915591851776625,50.98514601154876,51.03779489029355,51.08885324826318,51.11134511124392,51.1266133057478,51.17014665790321,51.195176365136895,51.1927077649749,51.220667243539424,51.26334505229035,51.304875344933095,51.3597692357375,51.431521082757364,51.52467244422274,51.639870871179276,51.76842286058418,51.90412965445783,52.04628660302685,52.18830828085438,52.31682842117545,52.41766239095494,52.54895519218362,52.69388940072555,52.80371000158816,52.86202076688214,52.910768443093595,52.948843480984685,52.97601424243476,52.98584883507635,52.988139443341616,52.976823178069665,52.95735528934947,52.956479725928084,52.97865263060401,53.039107319278706,53.07132568003915,53.11601227205746,53.17395966323811,53.240547795245256,53.303638539024895,53.35398664420326,53.384572125739616,53.39220507067299,53.388098151093615,53.366423610156154,53.32136218328622,53.298713239181005,53.2837636606903,53.24613258477143,53.21245264397118,53.167707678566586,53.141436482935276,53.12313634402005,53.123604611515965,53.06683998116484,53.076183247081836,53.187426233620776,53.19021462715283,53.237364084826226,53.312773214201556,53.38612677816515,53.455069249451526,53.50728166986212,53.52672803390017,53.50386131270205,53.47516113323654,53.430222271497065,53.388080142738346,53.37847509453772,53.38505382345564,53.37769195788446,53.36072826338806,53.364958760169166,53.379210096813026,53.41188917330111,53.45952153867675,53.5190766138326,53.5825248544211,53.638281048175294,53.707936639012075,53.768950408309856,53.82654122790809,53.88261078959204,53.94334909628993,54.008438130407,54.074104216930934,54.1282400508239,54.17345287775016,54.2184890198203,54.26042955353698,54.299735914373535,54.33582374723937,54.36707854309977,54.40516358543939,54.455729352874464,54.5182963561901,54.5959145544227,54.698505099899315,54.79387699214744,54.89147261763837,54.96512992666822,55.05363563416139,55.13739506685256,55.21309945359356,55.27923161094682,55.335714891155526,55.382426744702585,55.41860997317475,55.44295951454564,55.47316596288823,55.469203737292275,55.4614988014628,55.44360898623268,55.4594586425222,55.49136420198982,55.53715724171238,55.594844341650834,55.66114174514278,55.73077078425552,55.80115514101755,55.87035731335132,55.952548858752586,56.017105591868024,56.06489236044148,56.126557364748805,56.186273943399236,56.24394815128269,56.299351895405486,56.352487011230444,56.40364041869797,56.453378044176276,56.50129995610688,56.546893294964796,56.59046576634408,56.632854054151785,56.675277917306325,56.7193792031052,56.76688754033291,56.81850342206322,56.87475656672805,56.93620579845773,57.00357807730841,57.07789801224917,57.159902533513076,57.24826111842547,57.34104491135959,57.436262261303646,57.53185416423911,57.62646739450163,57.721973855934614,57.81749171637941,57.912653655054676,58.00728949922302,58.09871634465225,58.1894114229879,58.28229455802332,58.36850454343274,58.439685572624654,58.50242764046568,58.560622082174284,58.614449935116355,58.683369045869355,58.730377015456725,58.77740235733059,58.82508254991992,58.873344839318946,58.92189368933445,58.9553850566238,59.007961118494215,59.07211610520735
40.18710855742409,40.51025413778874,40.81217517179537,41.09837041337328,41.3724201659625,41.63802918462741,41.900044867773964,42.16170223925391,42.41844809149074,42.664577232528075,42.89604903807629,43.11177562982171,43.31183567762353,43.4956420332531,43.681629933379945,43.81551677394056,43.942388484626996,44.09939011364283,44.22958094943144,44.38888530971032,44.51352478426872,44.61534787742847,44.736466395502845,44.840759632886375,44.97502409570704,45.11248568434345,45.25675893592335,45.40973017275211,45.57133423642131,45.73591444293076,45.89768164504426,46.052030313902875,46.19433007765098,46.31985868306402,46.42614342820416,46.514264190386605,46.58894550457296,46.67639585119709,46.730997567448675,46.77616413799489,46.79885176738533,46.77220887903448,46.77491898270294,46.77203119388405,46.809627980636144,46.826241548730486,46.88043391779106,46.95017584578133,47.050919144225794,47.10991797991323,47.18799200910253,47.26111371129241,47.32799127848352,47.4077692562908,47.44377780879352,47.49173397644627,47.53468581864917,47.578853034913195,47.62329890931419,47.669899371264435,47.70779872848583,47.76633899307624,47.80327193688828,47.819155636890315,47.841775803072444,47.86978524853367,47.87983453888821,47.92189685201643,47.96849866450023,48.03263747199875,48.13405952477748,48.27516333755946,48.38161981330106,48.51233655857565,48.65571433738071,48.806953072391735,48.96102894537203,49.11300972001885,49.25784777649093,49.39149513232226,49.510633912766835,49.61176106714402,49.69194556010269,49.753417988692405,49.80048809181342,49.83853889097062,49.87350719452182,49.911525310185844,49.95868900784053,50.01985029487863,50.09466402379729,50.17192463816459,50.24864439961703,50.32906326811189,50.421441681781765,50.5318997043424,50.64522972909421,50.75354857222809,50.850451748674544,50.93442566303433,50.99935762646361,51.04974131204216,51.10316433482045,51.12783195832897,51.14371219684544,51.18944677611124,51.21362653061814,51.207964426108106,51.236786006391036,51.28246679269117,51.326161685166866,51.383152519627544,51.456704986873895,51.55076993404582,51.66570509999044,51.793605475549754,51.928830520036946,52.070388175274296,52.21219117813719,52.34137552997781,52.441255842950895,52.57180226866621,52.71599714360737,52.82886456045231,52.88798927268448,52.936583937361114,52.97429064523619,53.00034397448681,53.00866992160048,53.00972758554007,52.999935282330846,52.97848279939695,52.97495958513519,52.99593633169597,53.054255476130734,53.08507250384435,53.12887040904109,53.18642083526622,53.251884786221865,53.31363080128043,53.36267166830108,53.39141820270111,53.397645730038406,53.391103728679674,53.36579384980499,53.31984063423866,53.2942373774066,53.28192471447708,53.24472574781205,53.210318189043264,53.16269476017679,53.13673501603792,53.11941459782359,53.12190435154011,53.071571509898156,53.09478932151524,53.19582480391757,53.20228831695632,53.25111007120778,53.32132894998262,53.39050397630173,53.45892567590194,53.51094054514397,53.531015473850175,53.50885778598399,53.481770822068356,53.43599649197074,53.39058462844612,53.38004033375237,53.38883943360731,53.3831980725488,53.36665045888762,53.37324092482727,53.38964640365748,53.42434522623538,53.47342173470446,53.53338835466805,53.5965698384208,53.652147786883205,53.72216682114472,53.783949500236915,53.84285719488772,53.900666587138424,53.96238686340616,54.02737196435992,54.09199874689769,54.145647424423565,54.19172252800895,54.237947594764975,54.28119471536748,54.321944631013324,54.35957316015686,54.39214864386064,54.431248796335666,54.48198784152315,54.544838867599296,54.62222222862083,54.724909914664494,54.8193112475512,54.91592277183585,54.9878066421063,55.07545600451081,55.15862882555078,55.2340269464322,55.3001227607684,55.35680901158887,55.40383173200553,55.44019551736259,55.46438158285723,55.496721929075996,55.492253498841094,55.48428736890968,55.46409172992885,55.479941482448496,55.51193525380773,55.55797331151204,55.61600879922904,55.68235972565783,55.7514541358131,55.82097297557264,55.889184887760976,55.97097494271291,56.03478837023718,56.08169432838545,56.1431941526227,56.20292584947417,56.26077730915889,56.31664939412534,56.370618272685434,56.422902220405355,56.47385700445428,56.52298928235577,56.569721729289704,56.61433800449147,56.65767347535562,56.70091363046988,56.74559408538326,56.79333346829944,56.84493120535974,56.90103929961618,56.962286017772094,57.02938913256329,57.10333406351924,57.18486031032806,57.27272113237769,57.36509824810644,57.460095412774024,57.55569947013686,57.650622160214915,57.746819254906356,57.84308058928131,57.938908630074195,58.03426045788286,58.1270442555781,58.21907237566969,58.31235696414447,58.39909059568962,58.47149076522026,58.53533366716765,58.5941582639888,58.648192911455496,58.719301360296306,58.765648290949805,58.81182856622765,58.85857826768661,58.90590723099208,58.95360263825047,58.984558024118364,59.03641318062021,59.10011706311336
40.27024487600054,40.591743165389,40.892626072586836,41.17832291770835,41.45224188859562,41.71785327657949,41.97975798311262,42.240982259215855,42.49699442779001,42.74222084894228,42.97275532508038,43.187555072441135,43.38662965761051,43.56921936737736,43.755895617044125,43.88511717274497,44.006881674618825,44.16246416263044,44.28881745971524,44.44434915635472,44.56488057590809,44.667045393177496,44.784531831117484,44.884136676743665,45.01588616647064,45.150844705042786,45.292895986183474,45.443634379556535,45.602759493554814,45.764781807036755,45.92412532488157,46.0763440284315,46.216872736767456,46.34092168198936,46.44620783476399,46.5338004078148,46.60806399293435,46.6973759572309,46.74986803682724,46.79434767104232,46.81690060012084,46.786197399919295,46.790758518255224,46.78725295535259,46.82776947648428,46.84179210896386,46.89615008235983,46.96616689618098,47.0682613017289,47.125258940649026,47.20184869319334,47.27319602409976,47.33795337374967,47.41594586344706,47.45035314534721,47.499896746279155,47.54453881809422,47.58842946873424,47.63339743953936,47.67841969550223,47.71564741742395,47.7777817658683,47.81601888916928,47.831130356476095,47.855222418350344,47.88532875516351,47.895261690189706,47.9396327044269,47.98882313457502,48.055100742261715,48.15562197801048,48.29450702520403,48.401499715530775,48.53391391160927,48.67819234846611,48.829864914841785,48.984323473366665,49.136804876908286,49.282307538799735,49.41675002149893,49.5367822189248,49.63893127479518,49.72032253486992,49.783102592577436,49.831395063727456,49.87037607342689,49.90584212371973,49.94385383399955,49.99035914003458,50.04977698770747,50.121710676859465,50.19688321310059,50.273571456584,50.35503186214657,50.44784573639715,50.5568764102511,50.66751568876978,50.7723985230428,50.86680731089538,50.949354707956445,51.010271231019146,51.05861676343303,51.114259284912166,51.14121898003608,51.15803493432114,51.20577411784405,51.22921299987636,51.22099765262529,51.25067469601885,51.29907251793763,51.344784902167724,51.40364641683018,51.47873891790995,51.5734175995305,51.68777322069191,51.81477934839534,51.949392984205026,52.09028817450737,52.23189629065571,52.36210928725722,52.46232962467323,52.592440144622316,52.735107605954,52.850006400355646,52.91039207685772,52.95917220157303,52.996830869314856,53.02197268384819,53.02891437547646,53.02883248151629,53.0209108393696,52.997887639549916,52.99178418730416,53.01128322846034,53.0664428094659,53.09565162127623,53.13836868057001,53.195343972971294,53.25949434249623,53.31975420300223,53.367441287743354,53.39438643621958,53.399331227071414,53.39035721167845,53.36155076670705,53.315324028786456,53.28670779388633,53.27702129340364,53.240496141017154,53.20563653579836,53.15542083465965,53.12953577429488,53.1128381903578,53.11707653602592,53.07544617723452,53.113020726494995,53.19994300786216,53.210715916445494,53.26109859678297,53.32553886316811,53.39029807409353,53.45825223070904,53.510244496448394,53.53128648956092,53.51026476554577,53.48476067816957,53.43845476867093,53.39045461740437,53.37915494296376,53.389961925038506,53.386029580705575,53.37007140339088,53.37879531702222,53.39707502631742,53.43347573738413,53.48366428820879,53.54369704233057,53.606487199727525,53.662093907281445,53.73217909727571,53.794709306429866,53.85509349886335,53.91487330397889,53.97779859320337,54.04278819357302,54.10635268314057,54.1595439078749,54.206659758195364,54.25419706332685,54.29881912108462,54.34102574520425,54.380207729842354,54.41416707634747,54.454275749467875,54.50506340851666,54.56804850661963,54.64501853882739,54.74723599636681,54.84047517058061,54.93595148812048,55.00658448832676,55.09335914930861,55.17591669487632,55.25101987477466,55.317156563118346,55.374179804870316,55.42168506102566,55.458423445382614,55.48265226094942,55.51694964240665,55.51220265696764,55.504131668693866,55.482052858034734,55.49780258639474,55.529681752896,55.575721778782295,55.633864216009485,55.70004756813079,55.76843580657617,55.836973492029486,55.9041381350957,55.98504148554054,56.04810030138951,56.094604167573344,56.15592113136247,56.21566111282626,56.273705647612246,56.33009733600498,56.384989839343376,56.43852089473905,56.490810341280884,56.541271273426474,56.58926188575995,56.635030820552856,56.67939857568531,56.72350306303342,56.768759242208716,56.81666519954733,56.86813655639259,56.923966897233306,56.984871422606,57.051574163391585,57.12503371871918,57.20599879884474,57.29330136091814,57.385223128212566,57.4799523916773,57.575516498512954,57.67070902822324,57.767602647343956,57.86462779688364,57.96115722542527,58.05727077750918,58.15147010296648,58.244931596733075,58.33866063825506,58.42595996428519,58.49975439062592,58.56490095906446,58.62453491961073,58.67894211761549,58.75198900476199,58.79782686805965,58.84325503432846,58.88910442958494,58.93547515019485,58.982249828544326,59.01089539998913,59.061884995939096,59.124929153301125
40.349811373300945,40.66952828394493,40.969331428248935,41.25453334055755,41.52835355080389,41.794012556788346,42.05583175527875,42.31660409441326,42.57185762547738,42.816195769593946,43.045874720299125,43.25989980733173,43.45820444381214,43.63985726808334,43.82714444953006,43.952503994678395,44.069797441114815,44.22374713088747,44.34638983091161,44.497728354317836,44.61411153383652,44.716773660822184,44.83046334536359,44.92549338510726,45.054389037500805,45.18654961288834,45.32610458928104,45.47436044085653,45.63079397697672,45.79010019302858,45.94692058645447,46.096955045109084,46.23567950864982,46.35823591242001,46.462582866609935,46.54979820634063,46.62377231955918,46.714547422578455,46.76506054252771,46.80896722915978,46.831607853278136,46.79757506586547,46.80368212322061,46.79981051229792,46.8427788594697,46.85447965776995,46.908711779698486,46.97859460489734,47.081123832479676,47.136416033512866,47.2114046940877,47.28092298014611,47.34350386407259,47.419117130671154,47.45257218750941,47.503941765948575,47.550604095341875,47.59438240705179,47.6399815761969,47.68325144824172,47.71972046313704,47.78483412972142,47.824059924101924,47.83848104860513,47.86412492200566,47.89639287251385,47.90680209266533,47.95355076125495,48.00536024716823,48.07371860902339,48.17297064776144,48.30862311440651,48.416702533284656,48.55084072636556,48.696012254070205,48.848104147337935,49.0029222702216,49.15588772180169,49.302080822654844,49.43740704413571,49.558485468633215,49.661873711816575,49.74475670180503,49.80918151275325,49.85905417305279,49.89930051347861,49.9355286722193,49.973674291847146,50.01948021924168,50.076892994218106,50.14550892520884,50.21825454670749,50.29482132367136,50.37736758129625,50.47058585487719,50.57793664586739,50.685615264091574,50.78685685224089,50.87874885034725,50.96002092629485,51.01763107459455,51.06417403748315,51.1217928478564,51.1510539350137,51.169063707067735,51.21845881886631,51.241235663900824,51.23126640986192,51.26180540149651,51.31258050460561,51.360173487363326,51.42070314883366,51.497103996655014,51.592129554536456,51.705625332342215,51.83152769827947,51.965426335914884,52.105616814832146,52.2470690555681,52.37871356435783,52.480735156948434,52.61074723586647,52.750981947638785,52.86667243509002,52.92875236920284,52.97804746707716,53.015981996891675,53.04042198312961,53.046088207216535,53.04493863495714,53.039200143437874,53.015093264146365,53.00655238946301,53.024295007853404,53.07519291947634,53.10261752938144,53.1440856399624,53.20031674360102,53.26297394865905,53.32161264824654,53.36790345592209,53.39309218062937,53.39687020094479,53.38543792832526,53.35326774318334,53.30740943335082,53.27567290930472,53.2684835902554,53.232845524464445,53.19782718467718,53.14542144376595,53.11938115342793,53.102952806196846,53.108722541006394,53.07759863393823,53.12907215483406,53.19926142994095,53.215060372258556,53.26691148885011,53.325004321546686,53.38512850902767,53.45266333669506,53.50480048467157,53.52713324203961,53.50764715088137,53.4835777829641,53.43701937076315,53.387206942461866,53.37534283868084,53.387859381721576,53.38562162004189,53.37051690323728,53.38114935806111,53.401021273228594,53.438809573325216,53.48978601620773,53.549550720746886,53.61186003939558,53.66775637094391,53.737575509882696,53.800815227153414,53.86282894995876,53.92480101769698,53.98915460641297,54.054256250011356,54.11672749483025,54.16947431706496,54.21779256884672,54.26674444756741,54.312788036588714,54.356446310652494,54.39718788744655,54.43260291799195,54.47373253165583,54.52447216940941,54.587463671188516,54.663864352726755,54.764999879932645,54.8569005814233,54.95110076609517,55.021106701194405,55.10698864508357,55.18888578262131,55.2636809127693,55.32990917869295,55.38737632260191,55.43550923457397,55.47279335427367,55.497255862758855,55.533228825240705,55.52842986060297,55.520409554970705,55.49697242709799,55.51253048904548,55.544103736985626,55.58991552977289,55.64793757386424,55.71375194156251,55.78128808610318,55.84875526263214,55.91484005411079,55.99431753228511,56.05661752904663,56.10326604749933,56.164367483580705,56.22408872792955,56.2823201576,56.33926028332896,56.395143932419934,56.45001681319052,56.50373811025924,56.55563016965005,56.60498914449923,56.652017129985325,56.6975047167762,56.742527804562485,56.78836597906166,56.83638717693382,56.887638982806884,56.9430742273674,57.00351179047291,57.06969788711639,57.14257739212193,57.22291453475694,57.30961276267171,57.401040545674014,57.495457537916046,57.59092532784404,57.6863382334681,57.78392334217735,57.881720444707206,57.97897555542899,58.07588440467421,58.17153458365245,58.266512045612906,58.360719618452315,58.44861541005516,58.52397002989419,58.59061589111459,58.65123360261508,58.70617767419264,58.78081557474523,58.82630809351808,58.87108985928775,58.916081813717504,58.96148134314638,59.00727871843324,59.03393208259147,59.08392179494726,59.14610260324275
40.42538688792492,40.74321154684562,41.04190681726424,41.3266206180887,41.600369641115655,41.866112096649594,42.127858048440544,42.388144152126785,42.64259954110633,42.886051464561376,43.11494558529252,43.328335933577605,43.526070031449066,43.70704689370648,43.89474897411739,44.01714311782993,44.1306865546009,44.28266662157954,44.401719132989314,44.54839686820036,44.66061150106694,44.76386652699513,44.87362822939512,44.96431819049058,45.09003501552834,45.21912772006731,45.35593344851065,45.50147711564667,45.65502725369691,45.811478092648876,45.96568975231871,46.11349066425834,46.25037011968185,46.37140233403509,46.47484585393316,46.561810664795324,46.635586365727555,46.7272757899551,46.775927975412166,46.819349021815476,46.84227927194688,46.80577214888102,46.813050658400584,46.80917499280172,46.85404421893848,46.863784426215446,46.91760272688056,46.98694576793582,47.0889162731397,47.142914993232125,47.2162234516788,47.283889784761016,47.34425685622796,47.416833312092045,47.45006692585453,47.50348849992958,47.552492999030655,47.59631395659764,47.64262532181665,47.68393324609393,47.719530772705596,47.786861470660085,47.82670848929665,47.84055093201011,47.86783711268528,47.902342403877086,47.91393804082228,47.9631564340081,48.017623720927524,48.088016155687725,48.185655239068616,48.31701127521598,48.42683127604716,48.56273502869984,48.70880198713715,48.86130137571945,49.01644769778984,49.169863285261705,49.31675191806689,49.45303085406744,49.57529168387362,49.68012325138196,49.76477299235734,49.83117194182046,49.88297611367809,49.92481697830704,49.962065784415806,50.00047889455831,50.045537196227876,50.10068233052188,50.16555123863136,50.235541083911755,50.311907056955754,50.39559800665432,50.48920688446926,50.59463991954442,50.699107714439,50.796527068195886,50.885900663970645,50.96606625780138,51.021181406569035,51.06616592720949,51.12541977297123,51.15688458191028,51.17628070397807,51.22683101494271,51.24899441368088,51.23822966315349,51.26965021189763,51.32240902927101,51.37175593218136,51.433774937126195,51.51128134389855,51.60641991292333,51.71881153399983,51.843433744360624,51.97653986411931,52.116004310354704,52.257354910032475,52.3908722326239,52.496323860602956,52.62660195821311,52.76338132853503,52.87839957844726,52.94259333952085,52.992723965221224,53.03126187163766,53.05521348494176,53.05969742733296,53.057530549549384,53.05425348878768,53.02962312752431,53.01886304863975,53.034573356831345,53.08002940635422,53.105524725206664,53.1455998405365,53.20092681440306,53.261921089301026,53.31881004106963,53.36366612622931,53.387150790264826,53.38987129083123,53.375925206855435,53.34051816155488,53.29569391435303,53.260681144346265,53.25574179781778,53.221175658231644,53.18630963612042,53.13223212924642,53.105813549158796,53.08930412991492,53.09644374251456,53.077163530773525,53.14113829934548,53.19326065464026,53.21488463103376,53.26813057470748,53.319326692907005,53.37461471859119,53.44177341668224,53.49421547070964,53.518147892293385,53.50056984148482,53.477669217875835,53.43111256741294,53.38035843646734,53.36812793741255,53.381969887628884,53.38140932824492,53.367512764766225,53.37983046925102,53.40101045282679,53.43987560063645,53.491323735719284,53.55049743384371,53.61227145847926,53.66877213944454,53.737958101443354,53.801852662672275,53.86564235829774,53.93001980587626,53.99602522376638,54.06134556564011,54.12268465113742,54.174983467880814,54.22464896050036,54.275096769548085,54.322586727780056,54.367673381064186,54.40997406412008,54.446925246225774,54.48910722971933,54.53973023975567,54.60262275924335,54.678320538003355,54.77771810028842,54.8681193002668,54.960912605362864,55.031016516573956,55.11598806836463,55.19716319657782,55.27161273456446,55.33795676818845,55.39594761638571,55.4448267554615,55.48280484107464,55.50767670222225,55.54493919993866,55.540313758678096,55.53249888189549,55.50833049366629,55.523613725085305,55.5547012438076,55.60006745073358,55.65775585466543,55.72301951495388,55.78958326395259,55.85591685962467,55.92091364356159,55.99837212799616,56.05991619693018,56.107324137657606,56.168162391889915,56.22781768925806,56.28620783007922,56.34370279838187,56.40062277313082,56.45691034725113,56.512140366992355,56.56555021135756,56.61637888563125,56.664769848245946,56.711467260263575,56.75746944462259,56.80390560142221,56.85200384331623,56.90295799224771,56.95789615780642,57.01775689888634,57.08332502106075,57.15554549800032,57.23520405375842,57.321266296263225,57.41217149448688,57.50623519139285,57.601546036606685,57.69712001089084,57.795380648336454,57.89394563827283,57.99193973440648,58.08966528595014,58.18677839447108,58.28333668174405,58.37804794283348,58.46655969383532,58.54363126407774,58.611964838276414,58.67373586657693,58.729379701783266,58.80516466572488,58.85048731405701,58.89474113876033,58.938931198186864,58.983358556065745,59.02813276613466,59.05320297028073,59.10206880814098,59.16318764041032
40.496550258472084,40.812395007480156,41.1099678181154,41.394203686469574,41.667904648059334,41.93375696755889,42.19542872676615,42.45517883963709,42.708782031230314,42.9513374039228,43.17950628162053,43.39238955026293,43.589736415741854,43.7702794025822,43.95808173408576,44.07850042028872,44.18909978556307,44.33865023787226,44.45422643591711,44.59572866260299,44.703774320612325,44.80765783832896,44.91339377436609,45.00009952540712,45.122326407284014,45.24810633876693,45.38193126716694,45.52455316292162,45.675048890725314,45.828523997640225,45.980055145029944,46.12557818620193,46.260564296247296,46.3800219065137,46.48257412692482,46.56939086201017,46.64302201271964,46.7349266020762,46.781823226342645,46.82481925847758,46.848220601216674,46.81021892097394,46.81822498459666,46.814817524945695,46.86095364423667,46.86918664536701,46.92230664097963,46.99070718130183,47.09104816037058,47.14428155453417,47.215868405859794,47.28169164327404,47.33982645699145,47.408644661838814,47.44246935095694,47.498156412697256,47.54981687779908,47.59382622410356,47.64090267892851,47.68000370566994,47.71459125321018,47.78322917470874,47.82327803236393,47.8366832254237,47.86571278903608,47.90254215254561,47.916151829167646,47.96795513419388,48.02512727450066,48.09751846565872,48.193225456970325,48.319171177681476,48.431488953302775,48.56921484446745,48.71618948061112,48.86908720582569,49.02452211792437,49.17833659785091,49.32590511504652,49.46318610512894,49.58674888662759,49.69321476666513,49.77989633797612,49.8485910723797,49.90267157949202,49.946430235093445,49.984952404704615,50.02375985296281,50.06801502175928,50.120629012730014,50.181330086912965,50.24824526963979,50.32434171251384,50.40925071931405,50.50325367242074,50.60654573963533,50.70757229919147,50.80101267928138,50.88788704870603,50.96713264222793,51.02066647632188,51.064345225629026,51.12479480957473,51.15825867937434,51.17916811394498,51.23022084183796,51.251789140205844,51.24134637783549,51.273681216295856,51.327976368509724,51.37896072804946,51.44231400319606,51.52075208043006,51.61580278855077,51.726881924723266,51.850080705797346,51.98234285777112,52.12108087518116,52.26239929120702,52.39826916339957,52.508947156463314,52.63988272747674,52.77206690851606,52.88472474421918,52.951438177612744,53.00271592735296,53.042188337223806,53.06586880189534,53.06924804633799,53.06609272897983,53.065521169670966,53.04100068402177,53.02831502186239,53.04171996235042,53.080475870291664,53.10392770579856,53.14248983561049,53.196761852625094,53.25593324901283,53.31095028552779,53.35433725205706,53.3761776194603,53.37794313590348,53.3613983755043,53.322875404142735,53.27977453821433,53.241280919695534,53.23822610887615,53.20488830239646,53.17050339056878,53.11538843285183,53.088375357209216,53.071437846086205,53.07984151658342,53.07327551850472,53.14741385284223,53.18142126644647,53.20975163940932,53.264337681653345,53.3081073450377,53.35837614027123,53.42519689349283,53.47809641545877,53.50392260132946,53.488597736850124,53.466482064328716,53.420156627785815,53.369425932269586,53.35703415566785,53.371731526732795,53.37282784300177,53.36058479431713,53.37436607189907,53.396567873547745,53.436202685895644,53.48781426376146,53.546085225547685,53.60730455803287,53.6647781743572,53.732928914435306,53.79740701325113,53.863112534004046,53.93009974610026,53.99798076599503,54.06362557242436,54.12378562123271,54.1756161762095,54.22675693369364,54.27876105133039,54.32770046055903,54.37417401014549,54.41802669101363,54.45660313848067,54.499887930478216,54.55035373510975,54.61306416872158,54.68794796234157,54.78490719236046,54.8736631472987,54.96492900552644,55.03595717033021,55.12000099568059,55.20037604453799,55.27441801430855,55.34087549230113,55.39944273782378,55.449160126499216,55.48795750282432,55.51339909327621,55.55146048886108,55.54723300012408,55.53977750362354,55.51560711428734,55.53054082919881,55.560974311092906,55.60569042791416,55.66284604028516,55.72739695730573,55.792893629682794,55.8580568552511,55.92198190220349,55.99677431772326,56.057572448761725,56.10642260754236,56.16693503890263,56.22645699128585,56.28495565600709,56.34298944344827,56.400968582691696,56.458721868412276,56.515517167083345,56.57051563888008,56.62290648927966,56.67276189079183,56.720761567782795,56.767809572779214,56.81486941477043,56.8630196415518,56.9136130923602,56.96796755633832,57.02715652535975,57.09202028254782,57.16351845062726,57.242463891543,57.32787292031757,57.41823696864723,57.511909692010306,57.606998703277505,57.70266459543286,57.80157387475114,57.90089048310132,57.99962587667879,58.09817736790911,58.19674223225737,58.29492846456133,58.3901596494958,58.479295576461375,58.558231674229134,58.628434175508424,58.691523265071375,58.748028320983735,58.82441987317982,58.8697598764083,58.91361697040091,58.957073361095624,59.00053953517204,59.04425542986584,59.0682429614123,59.11587126601656,59.175734492275915
40.562880323542046,40.876680719237584,41.17313000928505,41.45690148186802,41.730573060163316,41.996552240911875,42.25813565442379,42.51728456422483,42.76996695240281,43.01160305775654,43.23909517084318,43.451586756471826,43.648713591911125,43.82904595304589,44.016515272714784,44.13604178014387,44.24458790448727,44.39112558293126,44.50333280966375,44.63909770212643,44.7429938354856,44.84748144145622,44.94912727143044,45.03232582237031,45.15076551949863,45.27301278117443,45.40364674854452,45.543157341676014,45.690448455071824,45.84084639974523,45.98963908714392,46.13284491126249,46.26588176472989,46.38369558953495,46.485345015776055,46.57209187681643,46.64559514181553,46.73686540165713,46.782099186181206,46.824704148614316,46.84873758617715,46.81034565415226,46.8185659626103,46.816209236811545,46.86289522471034,46.870166546291294,46.92230723906925,46.98936564100074,47.08692903083389,47.14004145214634,47.20990299652382,47.27392376101473,47.32982677313878,47.39410143404046,47.429411453391,47.48756496872668,47.54218708028568,47.58652131630131,47.63438765006238,47.67100144358076,47.70441481173134,47.773302627891866,47.81308200091421,47.826221147578615,47.85710574970491,47.8963569218118,47.9129257522086,47.96745227331979,48.027384626535294,48.10175062234035,48.195231006504756,48.31460249185208,48.43027857453597,48.56989819952378,48.71780266743632,48.87109224349601,49.02676789247816,49.18091269013189,49.32912470360434,49.46743745115503,49.59240509887661,49.700683130839884,49.78965167011073,49.86095609703156,49.91765126438323,49.96364505101911,50.00368747748103,50.043009377890336,50.08639864660194,50.13621705695379,50.192337939839575,50.255869548818026,50.33163834642226,50.41785330036887,50.512271065979,50.61321361449324,50.71058827772845,50.79991719387091,50.88433230149392,50.962862019326344,51.01583053323225,51.058464725758746,51.119572706985004,51.15472398605431,51.17720812586128,51.22795843531672,51.24891973446502,51.24007551924345,51.27337050376481,51.32870079889766,51.38121636639529,51.44577256853149,51.524997327039,51.61979229527844,51.729386603571015,51.85105180174812,51.98244460582309,52.120476723417575,52.26184763624987,52.40058822802908,52.51845646535594,52.65046795947183,52.776799847455194,52.88518484619765,52.95481007327952,53.00753758482012,53.04827923732106,53.071909546601034,53.07424607474387,53.07010967693528,53.07245348033976,53.04874938797674,53.03450716615893,53.04533651136684,53.076055911480836,53.097380968203794,53.13433417850263,53.187409525514774,53.24460791238513,53.297637285677276,53.3395247867973,53.35978802255016,53.36069437533427,53.3414367625072,53.2999128532679,53.25924837135597,53.21702065603701,53.21536671621595,53.18338521703658,53.14982794846295,53.094425896332936,53.06660897330096,53.04889963928491,53.058517239246,53.06506924789608,53.146093508137334,53.1632238498459,53.19922434402347,53.25511463698602,53.29094764600812,53.33603749865115,53.40254818994907,53.456050279815145,53.48404953015502,53.4712957364713,53.44946340374662,53.403573821047296,53.353926262717366,53.34158540995566,53.356582383005644,53.3593123019996,53.3492587982294,53.36428358731233,53.38721884382723,53.427319695680644,53.478794417352255,53.535862139785564,53.596542439110706,53.65541143726023,53.72208999133626,53.787063679154706,53.8548182872015,53.92461091595253,53.99459155383037,54.06066570232922,54.11959187428682,54.1709172579381,54.22364448896391,54.27724431497577,54.3276145008259,54.37541525160254,54.42080619927787,54.46110567218829,54.50556272075229,54.555858771026024,54.618326297560586,54.69230749342583,54.786083691075184,54.87306394270659,54.96269196618881,55.03557189832793,55.11867100356034,55.198151434293855,55.27169942614987,55.33824151172728,55.397410738518204,55.44803185049814,55.487750936561596,55.51390734985746,55.552172414368506,55.54856623387191,55.5416232743102,55.518282345508766,55.532800336070544,55.562422976572535,55.606297347564386,55.662735112595534,55.726430937618936,55.79079147285226,55.854773821755494,55.91766782879179,55.989093146516,56.04916242826291,56.100205626647764,56.1603146072314,56.21961562848696,56.27815062634075,56.33668478081272,56.395723582318276,56.454971748165335,56.5133685661353,56.5700106925487,56.62404733556818,56.675466173080096,56.72486300096919,56.77302977859787,56.820748724586444,56.86893901449783,56.919123790789456,56.97282329075111,57.031260447406666,57.09534838890064,57.16607666427562,57.24429058380447,57.329043593459595,57.41885796215115,57.51210537967105,57.60690340633309,57.70258222203555,57.802102330351325,57.902142084713475,58.001610096567035,58.10098459712333,58.2009667938464,58.30081035349961,58.396568776536505,58.486325818769025,58.567264841401,58.63951027776904,58.70407735167342,58.761603652390335,58.83796479258885,58.88352112730385,58.927125451864306,58.96992908054628,59.01245702668435,59.05509016784413,59.07858695434154,59.12487439907032,59.18329338631165
40.62395592173442,40.935670735507024,41.23100896925584,41.51433294045184,41.78798936595601,42.054102988104155,42.31557069558157,42.574037733170655,42.82571616117728,43.066397896140856,43.29325061452041,43.50545365128843,43.70251155517751,43.882837703433005,44.06942213328411,44.189233075484516,44.296701681859446,44.43952025992216,44.54845932419804,44.6778779513714,44.77766388869973,44.88267118300954,44.980196011742166,45.0604855138936,45.174854658902966,45.29337435947702,45.42062859593803,45.55685841090446,45.70081551374636,45.848053790706444,45.99406390121633,46.13491813976275,46.26594225151338,46.38202434277798,46.482735850678054,46.56946678804543,46.642821634295345,46.73245773141328,46.776108745789934,46.81832990169383,46.843135971917924,46.805582620424005,46.81343445324301,46.81282125648095,46.85925704970555,46.866204360054965,46.91708823822302,46.982407943037956,47.07596842119127,47.12972042079602,47.19789066356402,47.260181343312624,47.31387191144558,47.372753882826004,47.41052522373113,47.47133363249291,47.52921495512893,47.57400133992264,47.6226542377481,47.656465076437456,47.68851435534959,47.75644721623395,47.795433842558,47.80850791720755,47.84136979333866,47.8831515149681,47.9037421044523,47.961153262893376,48.023909495679156,48.100237709136614,48.19122159271025,48.30280488777682,48.422804877461594,48.564404747897996,48.713271513601,48.866949394066694,49.02280880269065,49.17719676189745,49.325994973750994,49.465349545980565,49.5918083426023,49.70206321708001,49.793563920210445,49.86778420837667,49.92742586224041,49.97596619326528,50.01776994714039,50.0577196801706,50.100173021521954,50.1469304793045,50.19806726719711,50.25791636637296,50.333310014757636,50.420933330912085,50.5158039123914,50.61420305247131,50.70773490942931,50.79284412033805,50.874860719274814,50.95289632884849,51.006417826679375,51.04827722061562,51.10940821452012,51.145828260598655,51.169882928619785,51.219373931143686,51.23968608744775,51.23387605271283,51.268190163378144,51.32400059701071,51.377951338646554,51.44360285462069,51.5234982045149,51.61790254696598,51.72587566960159,51.84593025137149,51.97645439722803,52.11382206917002,52.25534600648204,52.397507694462654,52.52469731030878,52.65823606192076,52.77734054199515,52.879316798174465,52.952232216322145,53.00670316897044,53.04905241560044,53.072857331669574,53.07419752306284,53.06906589710252,53.07450071504603,53.05239269372728,53.03703833855739,53.04502469083683,53.066293130113884,53.08543900946901,53.12071142253107,53.1724575003198,53.22754256400861,53.27847494557438,53.3188366838421,53.33759735386877,53.33773364829633,53.315619696099446,53.27120389125141,53.23371248019923,53.18744877405524,53.1865938126226,53.156068162229715,53.123702810243635,53.068880061440495,53.04005679315574,53.0212351940852,53.03207228653529,53.051679369711884,53.13537195804379,53.13814898932494,53.182865691514465,53.2400432680038,53.26749016226902,53.30731543204926,53.37346510014593,53.4276840246749,53.45812083977723,53.44822873984236,53.42606031755347,53.38078641636291,53.33337626065943,53.32130561678501,53.335960540419755,53.340297842925565,53.333060582842435,53.349110436797915,53.372488672101014,53.412755496569254,53.463801013509695,53.519376220484,53.57957912702105,53.640312680671144,53.70506004216662,53.77040811366384,53.84033842801386,53.9131233930166,53.985427908003786,54.05203538731981,54.109664879470415,54.16043152895366,54.21483962684847,54.27005358254568,54.321814114480986,54.37086415914148,54.41777302006344,54.45990192478037,54.505619687361346,54.555761463058815,54.617947543697774,54.690959998940514,54.78076413135894,54.86585350667803,54.95374348695294,55.029503936431865,55.11164166853272,55.19011647363756,55.26305964423682,55.32963098716314,55.38940067007107,55.44096443026933,55.48168473932531,55.50868578590265,55.54645469882146,55.54369210885264,55.53741404811078,55.515836243878255,55.529880780385135,55.558547277977475,55.60140109593405,55.656950053468634,55.71966812489433,55.78284908301944,55.8456663313819,55.90759442208189,55.974897659423924,56.03426227915537,56.088317364467976,56.14793027948873,56.20690259533539,56.2653797320373,56.324353372759795,56.384429993226256,56.44518035800172,56.50519461975127,56.563519612694414,56.61927680462048,56.67235561056777,56.72324692145807,56.77261165164406,56.82103483635036,56.86926640501157,56.91900959518057,56.97199822883271,57.02961844254051,57.09287405744229,57.16280055321828,57.24028066623662,57.324389274314136,57.41365546899472,57.506446594277634,57.60088022425002,57.696483125640334,57.79656532406689,57.89728754863011,57.997468508392316,58.09765092016496,58.19899277607318,58.30050530799374,58.39678936205283,58.487153181594024,58.570224346645915,58.644679520016716,58.71087967995818,58.76958581659942,58.845183019430856,58.89116641347551,58.934674680805266,58.976919134641456,59.01854377682182,59.06008043828688,59.083769847423866,59.12862343779857,59.18541454998958
40.67935589164882,40.98896710967751,41.28322027651035,41.566116998388864,41.839768053965805,42.10601428053142,42.36732571440773,42.625014753755224,42.87559151410723,43.11527138915403,43.341510974212234,43.55351633379688,43.75064030076159,43.93114581207895,44.11617485907339,44.237540184399776,44.34499188816558,44.483261872010544,44.58902704948871,44.71144337493858,44.80717832326766,44.91256090962151,45.005967286455245,45.08406703249046,45.19409613222783,45.30871838586194,45.432425512642034,45.56522512960158,45.70573963375881,45.849754662266506,45.99295190980289,46.131425172025324,46.26036548298156,46.374609125921886,46.47432396182196,46.56106867452843,46.63421737143921,46.721069134059974,46.763204796030855,46.80502272718431,46.83072150352866,46.79536009179717,46.80219131729628,46.804124712035666,46.849427208568365,46.856780317724684,46.90613335551449,46.96932088341889,47.05757586810427,47.11284419521057,47.179394846873556,47.240059595497314,47.29157598776439,47.34415334349472,47.385442754920206,47.449081868471005,47.51051185096737,47.55586840169935,47.60527644451557,47.63593322085107,47.6664027911455,47.7320283257594,47.76964700490571,47.78288675304321,47.81785871858416,47.86229073530685,47.888083180405886,47.94856351442217,48.014215600579945,48.09250480945146,48.18074692062506,48.28335600250291,48.408768081623656,48.552441257232466,48.70231179941708,48.856376433059026,49.01234995320608,49.16685991404081,49.31613419434022,49.45649493518136,49.58450670384686,49.69688989855928,49.79115801972457,49.86859259901562,49.93150606695222,49.98289842901324,50.026698758078,50.067382970633325,50.10882309728535,50.15225329589342,50.19801053877152,50.25388816723098,50.328869773596644,50.41801839203706,50.51339705890532,50.60907356192268,50.69859145367352,50.77939696705637,50.85909659898919,50.936877510546246,50.992172606042516,51.03353550321662,51.09395608149814,51.13111926165583,51.15667471111335,51.203797465083575,51.22338809014333,51.22220694357911,51.25761228420947,51.31329403942475,51.36859413623091,51.435257082951956,51.5157358336472,51.609647657473054,51.71589922187346,51.834299273825955,51.9639815872259,52.10076202419734,52.242590057357,52.38864302707261,52.527202255228396,52.66287539570018,52.773321937022246,52.86667639302087,52.94322779654163,52.99972691115167,53.04402571573295,53.06823376971163,53.06860840180717,53.062445893168345,53.07111316804175,53.05145405561133,53.0355073960858,53.04038618771665,53.05071112638295,53.06765632664087,53.10120012101407,53.15149344428781,53.20433468847397,53.25306716927536,53.29188089658345,53.30922096775044,53.30866959396241,53.2835265045164,53.23632190041428,53.20276393116534,53.15211369443473,53.151337590881475,53.12233889805361,53.09154747635154,53.03828646992526,53.00826121249527,52.98799019506128,53.00010803448431,53.032240534716394,53.11347268276028,53.105692656704484,53.16024169518679,53.21871354881823,53.23753297626881,53.272004513304765,53.337771015412,53.39265261170379,53.425728693928626,53.418961646457284,53.39571988717318,53.35121668289818,53.30729275894456,53.295718692664785,53.309304082947506,53.315219603466765,53.31151595449569,53.32837404166291,53.35190266680487,53.39203895513932,53.44237086925175,53.49619877314922,53.556146143693425,53.61913734566685,53.681595336227836,53.74710280828914,53.81925445571253,53.89520725487603,53.97006014924674,54.03730405936124,54.09356610595418,54.143703805143254,54.199870347884705,54.25669587610159,54.309784567424636,54.35998778646851,54.40838758452105,54.45246097368859,54.49954691712523,54.54957792676242,54.61146630507059,54.68346634657007,54.76846504813813,54.8515636594006,54.937631365707674,55.0174106837581,55.09858131675341,55.1759191728595,55.24810613213165,55.31462007930502,55.37496158408439,55.427480368623726,55.469258508154304,55.49721871534845,55.53368706458047,55.53198927399729,55.52652767918058,55.507748865943476,55.52127069682714,55.548847253038716,55.5905145592729,55.645017844776596,55.706655188132814,55.76863874974277,55.830332956374335,55.89138468082909,55.95375691265944,56.01244914950214,56.07040264367748,56.12941185981918,56.187927124002115,56.24622997172479,56.30555978157408,56.366630036631335,56.42886806941281,56.49049538353434,56.5505266396484,56.608070276560284,56.66290311871201,56.71538869088481,56.766036781483244,56.81521905554226,56.86350625595032,56.91279001317865,56.96502723837113,57.02178028827483,57.084162005495855,57.15327053172815,57.23003067453329,57.3135209215061,57.40225070913804,57.49455898766129,57.588551998480625,57.683980748361705,57.784564207526614,57.885914967152736,57.9867777502871,58.08774042782877,58.1903608757728,58.29353628747859,58.390335444142025,58.48128042577213,58.5666037710165,58.64342827720986,58.7114118035007,58.7714549342073,58.845458149184694,58.89209108165515,58.93567275487855,58.97746430148373,59.01823253180353,59.0586696994114,59.08332653901457,59.12666361269763,59.18164821078182
40.728659071884856,41.03617189513815,41.32937950953122,41.61187259184687,41.88552361272111,42.15189118958926,42.41299257507041,42.66979203325919,42.91915486774611,43.15777300687434,43.383414611478635,43.59530090308133,43.792609823884,43.97346143731914,44.15614599336221,44.28042898497876,44.38900929389162,44.521778022362064,44.62445705550452,44.73916793742867,44.8309309822023,44.936484467924714,45.02580838672366,45.102558810674324,45.20799224620398,45.3185721725164,45.438586201951175,45.567826256762004,45.704810382119106,45.84555750616802,45.9859254354593,46.12199330837292,46.24877118551814,46.36105089864579,46.45968667939892,46.54645061509671,46.61929823452722,46.702065152312635,46.742740227766035,46.78410883455397,46.81079992609893,46.77910834027979,46.78419741557158,46.78959073155734,46.83279379064483,46.84137465036712,46.88892630801723,46.94959125814891,47.031160908234526,47.08894039621393,47.15399785619462,47.21319498043375,47.26261838112608,47.30807714480467,47.353877657180426,47.42043489529571,47.48568911643949,47.5317246083632,47.581828272894626,47.60894449343263,47.637593026199596,47.69941134249274,47.73503493556783,47.74870087381828,47.78592632408832,47.83313938612049,47.865431274576515,47.92918843941366,47.997816659885366,48.07807700668887,48.16336993816793,48.25634402757442,48.38801186524267,48.53384376718452,48.684754869940605,48.83919883798567,48.99522034029186,49.14973881202289,49.299359454991865,49.44061522111977,49.57013153667979,49.68471461145927,49.78195895196077,49.86289846154904,49.92940257240729,49.98394652544426,50.029972854689184,50.071491460108234,50.111833824658234,50.15166952283181,50.19166022434873,50.24328739631854,50.317830679015906,50.40863606483714,50.50459535276816,50.597384944123455,50.68275640878687,50.75922129676276,50.83666734409088,50.91444750417146,50.97283912070083,51.01399236657874,51.07287105723717,51.11014474787433,51.137065662234775,51.18055917290105,51.19932563354109,51.20452715717781,51.24110895533244,51.2959994027157,51.352573250576015,51.420187475013506,51.50119133522537,51.594541740659295,51.699007359445154,51.8157508813889,51.94469978108097,52.08106907122221,52.223360255056974,52.37357025406868,52.52504094273924,52.66339221884575,52.764107877688744,52.84704372911292,52.92732000373897,52.98612304271152,53.032716981389555,53.057560473337944,53.05698472148911,53.049734168819576,53.06174113357892,53.04545692796694,53.02951319577214,53.03102268896247,53.02883350048021,53.04358741676606,53.07537882726979,53.124105024666505,53.174581770371894,53.221021126442,53.25828378090124,53.274304605939996,53.273115784634825,53.24473651599338,53.194840263077566,53.165999790675556,53.110563837860035,53.109028243778,53.081599184585926,53.05278144722739,53.002180663538,52.97076462704134,52.94871032678731,52.96222776911957,53.00593065117169,53.079688908057044,53.06575394075999,53.13105830016091,53.190867357793536,53.20091085925649,53.22990178263297,53.2953778291083,53.350865491523905,53.386547883908,53.383067965048824,53.35789121846964,53.314288454187334,53.275192590531354,53.264348554103954,53.27605109456122,53.28351272131036,53.284150719528554,53.301601823214384,53.324986136374555,53.364698937968654,53.41406658637361,53.466158106808344,53.52606897425434,53.5915444303646,53.65151990922,53.717041358936946,53.79129305126044,53.870442693379374,53.948058598290665,54.016041150418616,54.070857022908754,54.12027890239393,54.17826465260993,54.23667821770499,54.29101112555715,54.34225318728971,54.39211032380134,54.43825189634465,54.48683249686373,54.536824277691196,54.59842097961642,54.66938740399887,54.74870340175911,54.82978556624638,54.914183638992824,54.999053759821024,55.07927275710647,55.1553554165986,55.22658701153149,55.29283952392306,55.35364613248685,55.407102168372376,55.44997184008743,55.4789904521315,55.51324923400607,55.51283637823691,55.508342021674935,55.4935002682521,55.50645862008114,55.532822939487254,55.573150623830685,55.62646546839151,55.686938796335234,55.74773319174563,55.80838036277681,55.86868653697997,55.92537490294053,55.98349698481765,56.04617002743842,56.104464139655875,56.16237653889117,56.220357254010594,56.27991507609279,56.34188609202206,56.40555901244266,56.468770941616654,56.530516013741654,56.589903131511264,56.64658161296986,56.700763670884676,56.75278675768099,56.80279268764226,56.851163010171334,56.899984552428855,56.95144518715429,57.007295762123064,57.068776951289756,57.137070524122635,57.21315548349526,57.29609008753026,57.384327712090574,57.4761498987377,57.56964315345524,57.664805823853904,57.76581388943116,57.86771399252668,57.96920706761346,58.070898191108974,58.17464944078913,58.279439381333745,58.37673367564216,58.46821892848962,58.55589682767785,58.63524292430694,58.705155275876045,58.76669112581033,58.83817377732916,58.885690478574666,58.92952777173894,58.97098535917562,59.010956037848565,59.05030140943505,59.076791927469095,59.11854015426379,59.17154459616046
40.77144430104214,41.07688714527803,41.3691022468011,41.651218656993684,41.924870605962354,42.19133944582332,42.45216632918602,42.70795535480375,42.95598050947829,43.19345963522532,43.41850105499337,43.630333458225905,43.82793011976534,44.00927573748903,44.18870807943024,44.31736535531059,44.42830466952354,44.5544963141423,44.65417041221428,44.7604256034424,44.848315708516644,44.95377570455176,45.039086603701385,45.11544928095866,45.216045307562226,45.32246303162762,45.43865936716008,45.56423055138036,45.69761732583713,45.835070814153525,45.972606800741296,46.106249858518126,46.23077999748161,46.340955053024274,46.438407511894056,46.52516757260181,46.59758010483953,46.6748113288866,46.714067931857535,46.75491443327098,46.78267698471839,46.756257637879884,46.758813608870426,46.76869044312845,46.80874864402137,46.81946828345006,46.86495081280481,46.9227090428933,46.99624467996589,47.05771329258573,47.12152543634468,47.17945692782492,47.22690017403691,47.2648052671613,47.31577157241991,47.38518477561319,47.45439196198862,47.50118188905421,47.55188782301721,47.57504770163385,47.6016159959992,47.65797111343597,47.690944123065755,47.705327134629314,47.74494548761757,47.7950729198308,47.835273361923164,47.90253448858525,47.97422800675271,48.05649037984707,48.138868595251914,48.22206259894277,48.360391731492484,48.50845879123226,48.66044021909136,48.81524903362171,48.97125936908155,49.12569570883431,49.275559944946856,49.417614420914155,49.548561065630985,49.6653083355843,49.765579527358234,49.85022707245595,49.920626072494315,49.978615249739576,50.02709118136928,50.06953735942503,50.10869015440669,50.14466317623096,50.178508793714684,50.22561649856208,50.299706021470946,50.39231521860966,50.48895499553554,50.57879617069768,50.66004496525848,50.732204394530626,50.80734358774239,50.885250553943365,50.948161620033595,50.989400603718934,51.04580789105526,51.0824524779026,51.11053797087692,51.14898919036079,51.16679860863033,51.18029605954455,51.218155415206795,51.271539679131564,51.32931830567376,51.39784746944734,51.47934860027534,51.5721125522793,51.67482013015356,51.790058261469966,51.91846679705103,52.054580315712116,52.19744537531144,52.3518647933481,52.517245676775026,52.65863981640444,52.74902805183765,52.82034594807456,52.904112891536,52.965405794997814,53.014644056241266,53.04035905515915,53.03883249262089,53.030415227743006,53.04583490590955,53.03392476513212,53.01865459464443,53.01653588153056,53.00018428813127,53.01278756668372,53.04282795049702,53.08988487604399,53.13792571483743,53.182110134891175,53.21789933416183,53.23272374064693,53.23084474652517,53.19885212801707,53.14633236156226,53.1230171251511,53.062347625015626,53.05909596409759,53.03325078190439,53.00682422331185,52.96009818402946,52.92710994884815,52.90300435896772,52.91810856588047,52.97212854843384,53.034675595074404,53.01866444252517,53.095216211938244,53.156381048173486,53.15745858248097,53.180804280249234,53.24619797953921,53.30231613247462,53.340552477330064,53.34034841671902,53.31232095808903,53.269713591641974,53.23667498507844,53.22672849109175,53.235639659233286,53.244612334143525,53.250490684280436,53.268321202759466,53.29126457455907,53.330307067379415,53.37873981543181,53.42924218500133,53.489174923888704,53.55719293288168,53.61465827167366,53.68016051613266,53.756397092923976,53.83860703297929,53.91902303148455,53.98781836599951,54.0411025914094,54.089707636170154,54.14955058757916,54.20950762949529,54.26498072783537,54.31714557352157,54.36841955549889,54.4167457333943,54.466964513396654,54.5170166317803,54.57835041645954,54.648298158472,54.72119694886517,54.80058095901546,54.883627721764014,54.9742413186217,55.05353187717347,55.12828486693006,55.19841043740451,55.264181898933494,55.32518848244943,55.37939491969926,55.42332639223075,55.453485310188505,55.48452092945881,55.485612070502505,55.48223492974919,55.47257050758967,55.48493308664285,55.50997437505406,55.548822206477816,55.60082428783199,55.66010785176031,55.71982421074131,55.779593210194484,55.83932853188088,55.88992658917194,55.9476111462339,56.015444396394756,56.07293742975292,56.130128496861886,56.18765445490315,56.24729902425161,56.31001895442274,56.37497158616067,56.43963156455295,56.50301570447947,56.56426011589248,56.62286435442635,56.67884722309306,56.73234316980273,56.78324703813043,56.831741110531866,56.880112720576214,56.930789076956984,56.985735840934275,57.04635851641102,57.11393360495765,57.18945637548404,57.271925711832566,57.35971878575861,57.45105502015384,57.54400679769951,57.638837310600586,57.74020030061624,57.842562587503195,57.94462392874262,58.046985036709934,58.15168185016176,58.25798015144633,58.3557597757504,58.447719831347484,58.537718230981945,58.619643329047165,58.691597890028824,58.754774845697284,58.822713499343166,58.8713599509659,58.91564782904119,58.95690308581976,58.99614704117601,59.03441902657512,59.06370091114277,59.10379829299338,59.15465393359759
40.80729125524425,41.11071571992704,41.402006203455,41.68377885462321,41.95743092510517,42.22397405974463,42.48446175193522,42.73913550770164,42.9857170807406,43.22197790556366,43.44638119667871,43.65817236874783,43.856119843761654,44.038080485532376,44.21323366055712,44.34781517348443,44.462428785547274,44.58084435051691,44.67758818958671,44.77459033758043,44.85872634522361,44.96376846613523,45.04516922854241,45.12222687585689,45.21775762303334,45.31991827538283,45.432193711563365,45.55400677245126,45.68375003207885,45.81790744653755,45.95264141042305,46.08387557461661,46.20610740631065,46.31407721885356,46.410250568088074,46.49692429031385,46.568647249824544,46.638686590237256,46.676540799167405,46.71676573280353,46.74565842447665,46.726238256605434,46.72541496290108,46.74101523958003,46.77700640567643,46.790671365365625,46.83377358708162,46.888378248829234,46.95303319829855,47.01918549341408,47.08197262917638,47.13879655703847,47.18436948295657,47.21468546043519,47.27110571062534,47.34331218204735,47.41646486317141,47.464031564337034,47.51518178236783,47.53404804511996,47.55831567070861,47.60755315735186,47.637383494878584,47.65278070075311,47.69484325264273,47.74794657392243,47.797333349787735,47.86827556965362,47.94313754038922,48.02752006520955,48.10719541509982,48.180805914070454,48.32576318354698,48.476132842853886,48.62920734078909,48.78435944474221,48.94030644470873,49.09459285746576,49.244624954280475,49.38740311434863,49.519719052112855,49.63859766414373,49.74190010867774,49.830298176159204,49.90473252308553,49.966411283914134,50.01755268251359,50.06101287941344,50.09887703729675,50.13071827220213,50.158056436657915,50.20045156318231,50.27413398778583,50.368730178480625,50.46623907014588,50.55320925398993,50.630408879255334,50.698319742216626,50.771096175256616,50.849056274280066,50.917883566387246,50.959513007654195,51.012421332270506,51.047590210389124,51.07657382593259,51.108423171963956,51.125181284386414,51.149056765773125,51.18832353558816,51.239555767060146,51.298445816389766,51.36787696399751,51.44989699129544,51.542153438464226,51.64326101604612,51.75716479259174,51.88517326090551,52.021133369218894,52.16463419384994,52.32310206280817,52.50284876126949,52.64747147342328,52.727412147312016,52.78651274909145,52.87354353205841,52.93712007313048,52.98932478395903,53.01615112778602,53.013657725714765,53.00397357362542,53.022844779285585,53.01638102144488,53.00252981606848,52.9965152250807,52.9644311840929,52.97495989948067,53.00328924536648,53.048620513833086,53.09430200659339,53.13634923459012,53.170735204078106,53.184458859664964,53.18181828857947,53.14577559126025,53.09043340852188,53.07341314657875,53.007013476586074,53.00097099033677,52.9768058800922,52.95313562910822,52.91160005535308,52.876977264445024,52.8507969791139,52.86752308908165,52.930271347504686,52.979175958620736,52.96477703856039,53.052630545523556,53.11513561790197,53.107010917191225,53.124509046368885,53.19014390500914,53.246998055464765,53.28778427774352,53.290848448273245,53.25936431482641,53.21782638085727,53.191657938373005,53.18261557271286,53.18765988198993,53.19803182346942,53.21011296866034,53.22813160116181,53.25039415668547,53.28877060162731,53.33642373221836,53.38544136886156,53.44529129778146,53.5157418513354,53.57083493411931,53.636397030401724,53.7145270610542,53.79965682104201,53.88279334488513,53.952351935926934,54.0040379522401,54.051749674970345,54.113368340308675,54.17478918522873,54.23137133154766,54.28446253551388,54.33709959474496,54.387607157957106,54.43952636974557,54.48976881562476,54.55092380319223,54.6199913752338,54.686184274813385,54.76423567168587,54.846221596662716,54.94278172988829,55.02117456778701,55.09456743690881,55.16349324940114,55.22861821574987,55.28958592260148,55.34425723803923,55.389018845410526,55.42026229690707,55.44694750904114,55.44976454751929,55.44770308605845,55.44452686974608,55.456273215806725,55.47988708607072,55.517151250033685,55.56783521043817,55.626066372152856,55.684884637852264,55.743929731104956,55.80321874529611,55.84768961495495,55.90505419841748,55.97806300787002,56.034698743767606,56.09108910322578,56.14806534827425,56.20768767925952,56.271028331778204,56.337108596101004,56.40304722171965,56.467909033805675,56.530893470430094,56.591376511271,56.64918642656474,56.704224516100176,56.75610215172097,56.804787164482974,56.852780020100425,56.90276868435217,56.95693363469357,57.01682556327649,57.08379428358957,57.15884328957782,57.24090517404009,57.32827762681193,57.41912129148848,57.51150431813859,57.60596366736457,57.70762351520591,57.81035915368713,57.912921368156226,58.01589733152499,58.121379528963956,58.2291193767123,58.32741764655606,58.419799709431096,58.512027232122044,58.59645759391328,58.67043841816776,58.73531012885258,58.798601871381436,58.84857197183634,58.89349365834441,58.93468641907371,58.97329078555663,59.01052211373807,59.04361566636761,59.08201464659993,59.1305481734632
40.835839589605605,41.13730606319206,41.42774599603128,41.70920245746699,41.98283982699052,42.24941689875512,42.50950115374267,42.76297676926306,43.00804074765263,43.24303407413556,43.46677731685601,43.67852272194707,43.87682799685639,44.05944686915511,44.229189270387934,44.37124763705762,44.49093239073216,44.60024973465146,44.69413145759059,44.78103610444349,44.86155673533617,44.96579659930773,45.043423552400704,45.122380027882485,45.21263149934812,45.31046521596927,45.41873793995895,45.53673457521887,45.662862701652415,45.79382272187298,45.92585485486336,46.05473024595087,46.17464531189378,46.280356302646005,46.37518495211884,46.46168169651902,46.532416618888874,46.59356662416002,46.62959673793401,46.66898951348302,46.69904999046335,46.68848090003379,46.683845173515486,46.706634895664834,46.73784780766646,46.75487398730299,46.79531975757646,46.846648753822166,46.901992129791694,46.97341295198216,47.035337902906015,47.0911650755036,47.13497442434473,47.15806547449685,47.21986128178336,47.29480791510421,47.37182494284994,47.420221771141264,47.47162388333095,47.486019970189005,47.50780124401706,47.54868164046881,47.57497439065218,47.591647848226856,47.63617367027504,47.69227983058529,47.75167915595445,47.826436088313685,47.90455670139789,47.9911728105286,48.06830796793864,48.13286817041989,48.28398172458003,48.436712435527525,48.590895728953555,48.746362496122224,48.90220097230696,49.056292510907916,49.206443773067996,49.34989188120736,49.48352925753786,49.604512490619356,49.710851823422196,49.8030308504903,49.88154509492795,49.94698376847714,50.00089921667106,50.0454252379973,50.08189395323293,50.1093728059368,50.130043664918944,50.16772894004033,50.24108291314786,50.33783233014137,50.43639124590462,50.52056275512572,50.593802041984226,50.657540927866506,50.72791085721968,50.80582152910901,50.88167770257764,50.92404724131692,50.972369049998264,51.00511829753462,51.034732614595065,51.0586335507086,51.074599163236265,51.1105386605763,51.15129754982644,51.199993443487784,51.259965756673125,51.3303012490238,51.412869245697024,51.504699045536725,51.604335758396935,51.717020446897735,51.844709798413845,51.98056584329452,52.12471548640195,52.286857480346136,52.48088250015639,52.628740474949254,52.6985898519549,52.74547383134915,52.83563471312664,52.90113426958365,52.95630064686525,52.98445851881926,52.980967993335796,52.96991837364005,52.992240771174465,52.99234950339988,52.980639311930545,52.97041556667111,52.92159227684556,52.9301282384141,52.95678853642065,53.0003536424807,53.04376525927853,53.0837725150661,53.11680192203972,53.12949099169046,53.126009276682645,53.08561879568663,53.02719885179942,53.016877373437,52.94418212186192,52.934325389537335,52.912512217975134,52.89176622714519,52.856548649092005,52.82036759367208,52.792111560653936,52.81025036469776,52.87979617559158,52.9139332135044,52.90444460542609,53.00321641592156,53.06701206492285,53.04940263463618,53.06081312120727,53.12712804382245,53.18490478140314,53.22828508869706,53.23462562447745,53.19945090053309,53.15904228066469,53.14013652081048,53.131995293440845,53.132364290553845,53.14391479324212,53.16291898656173,53.180979317790275,53.20239074459948,53.24015527810989,53.28715432280331,53.334746019522456,53.3942454011174,53.46685018384306,53.51987440708752,53.58568765226956,53.665643436002114,53.75355512707118,53.839326503996986,53.90958689582223,53.95964159616371,54.006422676993616,54.069711236942,54.1325093179031,54.190225890280395,54.24426479928937,54.298191619218024,54.35085533469413,54.40448921232917,54.455067198968784,54.516120354744295,54.58443085733847,54.64398730916179,54.72103691092804,54.80222324633039,54.90448336334905,54.982016719779566,55.054063039589806,55.12175228717187,55.18611950035585,55.24685637170609,55.30174490348924,55.34709849705449,55.37928708124457,55.40064998494483,55.405408347770376,55.40494186935123,55.40927103931263,55.4203913921938,55.44249165002071,55.47811350791024,55.5275364895041,55.584860787631456,55.64292782623475,55.70135536747256,55.76026560290122,55.79894162389075,55.85608870603503,55.93386311918777,55.98961509535731,56.04516446329446,56.101533707995735,56.1610572174743,56.224917512892524,56.29199545891726,56.359061161699195,56.42525211331022,56.48985551847365,56.55213274447649,56.611724964141466,56.66830710435142,56.72121289359934,56.77019540120381,56.817948149873764,56.867391075933945,56.920899133198596,56.980162013278544,57.046601333256525,57.12122751914506,57.20290585491515,57.2898579319204,57.38019565232048,57.471997101697596,57.5660733529087,57.667983607324324,57.771002092683325,57.873992420336,57.977531442447436,58.08366416179431,58.1928240586888,58.29171961815232,58.38448890464378,58.478843997655495,58.565679908698534,58.641632717320704,58.70820878094872,58.76604548733131,58.81742152754951,58.8630952498285,58.90435227636556,58.94242033206098,58.978659830310185,59.016367710828305,59.05304183850581,59.09907421713167
40.856827998560085,41.15637570899813,41.44600740179345,41.72714737643214,42.000733989726044,42.26728999083822,42.52690686010467,42.77912341932319,43.02262772094295,43.256335471371926,43.47942136884315,43.6911312798059,43.88980431271861,44.07310310336049,44.23658706568408,44.387212660649496,44.513281642281136,44.612152059088075,44.70322143026451,44.779136868632264,44.856200721867246,44.95919395070185,45.03321686643026,45.115397169548906,45.20016924931954,45.29364226293217,45.39792254086093,45.51220301702515,45.6348577375392,45.7627425776987,45.89215739708518,46.018711110971715,46.13630483520191,46.23974233306267,46.33319084999645,46.41942582571642,46.48890617947134,46.53995913636024,46.57344931041031,46.61125003005784,46.642303412897256,46.64261162783775,46.634512331537806,46.66573811606815,46.69161086972962,46.71200285431183,46.74961117249626,46.79760190044025,46.84358763520229,46.92045162157313,46.98161972574995,47.03651369064954,47.078663114661076,47.09529305921687,47.162019495880614,47.23966277528977,47.32038942952754,47.36970592817513,47.42113977537111,47.431050686792325,47.45019029337188,47.481933539162554,47.50436116624218,47.52253499741043,47.56952450881764,47.62864094130821,47.698405732176056,47.777084486870166,47.85853253289115,47.94746486952001,48.0221638239954,48.07854356545355,48.23490285776549,48.39004408273131,48.54534487750449,48.70109061253685,48.856782357009834,49.010656922151405,49.160905691384734,49.30499130127453,49.439915443318355,49.56298270849298,49.672365799094536,49.768353230438436,49.850984675084845,49.92022016038806,49.97693260407245,50.0225041917121,50.05748062409813,50.08049767447022,50.094492415492965,50.12749496961967,50.20057505639924,50.29960414596869,50.39936125693978,50.480795235230524,50.5501783446519,50.60984153952607,50.677773384217744,50.755518490481755,50.839090956640995,50.882495191502514,50.92539289273385,50.9548600709098,50.984924097965376,51.00013872221183,51.015613487764455,51.06449624166025,51.106768008758436,51.15282121294884,51.21393787393707,51.28519332304616,51.36833075275274,51.45979278966353,51.5580500999789,51.66957519653148,51.7969670353454,51.932715349490834,52.07747802869698,52.24270646385925,52.450379197369436,52.60130010602931,52.661890853609314,52.697158894033336,52.79040922263742,52.85751076768849,52.91542284845919,52.944934908649905,52.94045858347419,52.928101478452454,52.95379312327682,52.96135625663511,52.9522810858902,52.93760835317833,52.87173806977942,52.87835841719207,52.903380538950486,52.94514305851877,52.98637042778697,53.02441406584637,53.05611001943629,53.06780116541977,53.06339057671965,53.018497930082205,52.956859019912585,52.95334965428638,52.873952727252075,52.85963765592155,52.84091811676865,52.823214957288705,52.7950032123255,52.75732778444215,52.72697151015187,52.74606941870338,52.8201401599019,52.83969057453376,52.83802001968264,52.94688893813697,53.01189138717999,52.98446850606479,52.98951354497971,53.057062834283556,53.1160298311986,53.16209671373944,53.17173751009762,53.133010327060326,53.09377674989573,53.08210580278629,53.07486345061118,53.0701857952922,53.08270900710412,53.10893647919674,53.12691498241301,53.14733154796245,53.184527771333315,53.230967573256784,53.27714649811742,53.33586453908151,53.41017692852195,53.461601201108785,53.5279691322616,53.609706698118835,53.70026502057046,53.788580262087834,53.859488534590035,53.907910729223424,53.95376026508382,54.01864194108316,54.08274716311233,54.141628469343324,54.196621309587144,54.25174477156581,54.30654729970174,54.36192277048993,54.41298692474546,54.4739643857763,54.54158500799274,54.59492798146839,54.67127188341247,54.751890653408545,54.8591545887321,54.93587422398371,55.00663158802798,55.07310439036716,55.13665677873526,55.19701774852634,55.25191461772082,55.29765173243441,55.330663056098395,55.34614708616083,55.35302880935554,55.35440119187063,55.366784821066695,55.377276624606736,55.39780568836124,55.43175637862736,55.47998899738391,55.53653822567674,55.593967129045,55.6518355612617,55.71037753037186,55.743960259580525,55.80097723375314,55.88268198767162,55.9375534981793,55.99226068237955,56.04800330793939,56.107383815253684,56.17168978656976,56.23965759126308,56.30771663307404,56.375102205149716,56.44121449434492,56.50520926477014,56.56654285559739,56.624668217138,56.67865048780864,56.72803114819247,56.77567101983083,56.824692678562045,56.87764564342426,56.93635178780958,57.00230352719669,57.07652035755433,57.15780513522009,57.24431339775384,57.334125042228564,57.425346535301685,57.51905482599581,57.62118065109555,57.72438980609664,57.82773011976358,57.9317837363706,58.038457433251374,58.14906119893296,58.248678020632504,58.3418177588888,58.438188694139605,58.52730607201281,58.605152218061825,58.67342971816441,58.725456943095864,58.77830457260363,58.824830587087234,58.86626555220994,58.9038946075976,58.9391925789592,58.981942047803365,59.01687581027465,59.06026761591512
40.87000444749283,41.167647955166906,41.45647717622149,41.73727152906721,42.01075009141928,42.27721536397737,42.53630119651749,42.78721973771725,43.02915421134021,43.261589427703676,43.484045305958,43.69574480715848,43.894801138976966,44.078795840452436,44.23563559570581,44.39534338063572,44.52866638380674,44.61617411978947,44.704375713804666,44.76833158285404,44.84206625513774,44.943299536806066,45.01392566354716,45.10078298472013,45.17996568773135,45.269223361823,45.369679609021574,45.48038993749403,45.59969711260066,45.72460300978561,45.85145979091206,45.97571540812998,46.09099709720598,46.19218533876468,46.28424844773091,46.370142712405205,46.43813392207917,46.47841276028994,46.50872710797412,46.54411753591303,46.57579824824878,46.58875981556551,46.57785809348609,46.61851360547528,46.638633611604114,46.661984671441765,46.69666968153576,46.74131903125156,46.77828587528732,46.86035745547015,46.92081656592455,46.97479360990555,47.015383670365324,47.02671596446575,47.09756156290376,47.17786756311004,47.26207555170747,47.31243745414687,47.363655107952795,47.369227404881244,47.38560039622043,47.40788582980887,47.426188177504095,47.446048568663684,47.495483536573566,47.55759815758002,47.63760803020526,47.72028920762777,47.805112077981384,47.89641249589961,47.96872055349713,48.01812629663385,48.17838208627721,48.33597429794344,48.492394280361694,48.64837621876116,48.80389000395091,48.957548344186904,49.107899999305964,49.252611954334235,49.38880137086677,49.51393821124642,49.62637316319766,49.72619345099278,49.81297229586541,49.886030608938,49.94555204217388,49.9921497845292,50.025574137403574,50.04409056495286,50.051440630332216,50.079796019574594,50.15263267638224,50.25402809833934,50.35509883737943,50.433845255429866,50.49949167846507,50.55519516524111,50.620669506836954,50.69811933044984,50.78965729061631,50.834259431165535,50.87132959682068,50.89688782524919,50.92715738852352,50.93353004708415,50.94879085046056,51.01068400673118,51.05442546322095,51.098007579977654,51.16042191559491,51.232626184584575,51.316346901735294,51.40747808701123,51.50440978356488,51.61477901363655,51.74183559746967,51.87741949935975,52.022710596464535,52.1902244312448,52.41037115684241,52.56400365171052,52.616644840118305,52.6414976363296,52.737889848487484,52.806314582953505,52.866760350624865,52.89758984926181,52.89218866203966,52.87862567582687,52.90750583037047,52.9229282039163,52.91672802695457,52.89746378843315,52.814939066284666,52.81971626952268,52.84311996824694,52.88304755847922,52.92217246701284,52.958307976458194,52.98867002765745,52.99937040954928,52.993935054575395,52.94452918323302,52.87964481551252,52.88281186449724,52.79661879938919,52.77755417621643,52.76257279282824,52.74799193099644,52.727026385596254,52.68790468466809,52.65540023417175,52.67475927707318,52.75074042764299,52.757191256517196,52.76585615789046,52.88356322717455,52.94965458261725,52.91204726859215,52.91049374852503,52.979860714696834,53.04036672575991,53.08926095641932,53.102241669899726,53.060472206259455,53.02244524738189,53.01756085469583,53.01121584155933,53.00155731041712,53.01486419471637,53.04819347311404,53.06598924545101,53.0852937764357,53.121954755803706,53.16789946964885,53.21263316577987,53.26997601685866,53.34538108348937,53.39583982671362,53.46317822090329,53.54667732775539,53.63974957104348,53.73051237242546,53.802022141134955,53.848842557462376,53.89379606208476,53.960223116336145,54.025581856450415,54.0856631340461,54.14160101114639,54.197808194436014,54.25474008907634,54.31189677358748,54.36360313588789,54.42448021094878,54.491422230403415,54.53932822129132,54.61522779580967,54.695481800538616,54.806603775765716,54.88256297123203,54.95213299527825,55.01746639863747,55.08020107687177,55.14008797182533,55.19482308240556,55.24076493682199,55.274493724366316,55.28396264799531,55.293115265824575,55.29653133394651,55.317050019785626,55.326917921848214,55.34584682255174,55.37812726070499,55.42525360643179,55.48114581376922,55.53801589943923,55.59533575443671,55.65346295338352,55.68302316562554,55.73998234623839,55.8243568706451,55.87838096589089,55.932283865792606,55.987417921976984,56.04664364895546,56.111348441613956,56.18012040979206,56.24905688442662,56.31751657148075,56.385038632365664,56.45068228287924,56.51372024508569,56.5733873684527,56.628489779934,56.67836092769998,56.72600254004645,56.774709919096274,56.82718647234546,56.885378808262,56.9508496386482,57.024633098174164,57.105480395717215,57.191497720982106,57.28075640079158,57.371414005876034,57.464796545388744,57.567114720643644,57.670420695531924,57.77402750092071,57.878550580187756,57.98568102793365,58.0977977990019,58.198305184089804,58.29181661406948,58.39008148813169,58.48133188246598,58.56096835096539,58.630931856678316,58.67724887805815,58.73161902058811,58.77908264621541,58.82079669605767,58.858076856009795,58.89248430942381,58.94032546443728,58.97351372433999,59.01416761232056
40.875116901788985,41.170846099520034,41.458842074795285,41.73923283292075,42.012524810177815,42.27881504615598,42.53730648847742,42.7869100042805,43.027296429573035,43.25850327356169,43.48038108151845,43.692110068839014,43.89157082326012,44.076271732734874,44.226543669539005,44.39527675394564,44.53622013228355,44.612081715782416,44.697375306068366,44.748669855512084,44.81900993725218,44.91785399165054,44.985362978780564,45.07825503002982,45.15194185890103,45.237207541673634,45.33401074947875,45.44127993463885,45.55734279969829,45.679340013904664,45.80367279016769,45.92564037587643,46.0386332188769,46.13763534841311,46.22833793133231,46.313818391084546,46.38011783721959,46.409476129401185,46.436062647586056,46.46831274872952,46.500277361228264,46.52713479347577,46.51432411587838,46.565150068571526,46.579254053028116,46.604746143742474,46.636517134389706,46.67788148882418,46.706553010803745,46.79318640695636,46.85292689164616,46.90595604070082,46.945084207917155,46.952681940114076,47.026468692839444,47.109413079071004,47.196800537893076,47.2483697677647,47.299095530540576,47.30063733440707,47.31414913001006,47.3271154887835,47.34109978029355,47.36279498234651,47.41463852184592,47.47971973088951,47.569381001794824,47.65611869289128,47.74434237978103,47.838031943383136,47.907935726670864,47.951910561423276,48.11427615086284,48.27434959464201,48.43188343144489,48.58805173957023,48.74336331826377,48.89682903000509,49.04731598690697,49.1926644201707,49.33011080159554,49.45730889236147,49.572805043234546,49.676479647142514,49.767428989578825,49.84432526341808,49.906656899541574,49.95426638210723,49.98611743050583,50.00014941314419,50.00092625138889,50.02467845755939,50.09727803193911,50.20108665963008,50.30355372135159,50.37965137684923,50.44169593463054,50.493575393057384,50.55658497566344,50.6335962210648,50.73291066654263,50.778742312042205,50.81002096972454,50.83128364296206,50.86144160528695,50.85939888593605,50.874697843814104,50.948856453495274,50.99396046405077,51.035521049108596,51.099477629059905,51.172672832158966,51.256983081917305,51.347798353746484,51.4434205519278,51.55258187035641,51.679206110556,51.81451590445319,51.9602019654341,52.12898680040004,52.35989068250898,52.51570439703979,52.56218149932489,52.57841975742361,52.67809937857359,52.747610730887224,52.81038664278718,52.84249233329838,52.83625910558736,52.8215995073988,52.85338905465542,52.87659227005849,52.873253024130776,52.84935207626641,52.751265769751484,52.75426762911405,52.77606153960097,52.814125938894044,52.85122633185022,52.88548833642882,52.91449247809281,52.92417975277533,52.91761557613481,52.863828743925104,52.795787141250365,52.80524587944,52.71247440479433,52.68872133714893,52.678025462509446,52.666607259726014,52.652680809447,52.61214514226275,52.57742113927762,52.596098965781806,52.671034106022184,52.667178474263046,52.68830589660995,52.81315439803901,52.8801826491785,52.8322658254298,52.824223576313756,52.895549893713884,52.95790898918497,53.00981962028545,53.02619566864972,52.982266149981776,52.94546323195464,52.94649674693453,52.941048263620765,52.92691175014073,52.940830085739755,52.98071799486226,52.99825275732525,53.0163546396806,53.05250290602721,53.097985998049566,53.141196383643184,53.19640713963374,53.2721216468626,53.322414794432575,53.391251668720045,53.47651580526282,53.57197184799388,53.665080588277576,53.73715300436162,53.782434286923724,53.82656369084029,53.894517426305015,53.961092533511305,54.02241394969849,54.079272848706196,54.13643103047634,54.1954907389143,54.25448095098144,54.30699097532914,54.36769214492228,54.43391092777728,54.47750995818858,54.55319185479008,54.63325467036211,54.746639294178024,54.821898852357045,54.89042717439557,54.95475515163328,55.0167234207491,55.07608496036613,55.130526999215085,55.176524495488984,55.21088258894608,55.21462050575447,55.22615705072723,55.2317825759088,55.260048440246756,55.26930429272092,55.286632674051724,55.31727355266302,55.36339118900185,55.41873067938947,55.47508749057363,55.531821388962015,55.5894302976119,55.61640798562698,55.67336660815742,55.758725060038195,55.81196451214945,55.865140118845254,55.91972132398031,55.97881289493736,56.04389676682913,56.11340933115782,56.18312516433939,56.25255247445993,56.32139616685765,56.388628009531104,56.45333727675957,56.51454407228829,56.57080561556051,56.62125126197733,56.66899662059545,56.71747922439642,56.76953492693712,56.82722699602821,56.89218844084925,56.965477034373116,57.04580901716886,57.131264598274996,57.21993666758832,57.310060900345704,57.403186969850324,57.505685890092764,57.608993162594004,57.71277775890474,57.817735250000844,57.92525668119568,58.03900086045279,58.140613438617486,58.2345158120891,58.33454254618904,58.42775313866792,58.509052546605574,58.58067411266915,58.62183393160134,58.67776278509238,58.726234403307934,58.76831615735965,58.805330321140836,58.838898971442696,58.89150474787463,58.922952743135404,58.96081344885491
40.871913326833706,41.16569343987914,41.452788852994786,41.7326892055413,42.005694824109234,42.271711065357515,42.52954506148075,42.77783849884811,43.01673058637003,43.2467843393769,43.46816064884237,43.679973829681664,43.879865713196786,44.06527743251176,44.209520096269515,44.38664973750864,44.53507640468617,44.59964444040439,44.68204578279063,44.720535878238515,44.78741925716702,44.88327963853422,44.94795928003686,45.04768050002384,45.11609068809693,45.19760283701835,45.290917567270334,45.394857606472904,45.50775677169353,45.62688958582675,45.74870714867568,45.8683832526619,45.979124321185594,46.076042390669095,46.16543948681069,46.250438896253556,46.314875915399874,46.33369787714601,46.356088446206705,46.38455638618823,46.4164844633503,46.45794589182726,46.44435205523275,46.50583621004221,46.513810213739845,46.540213976263594,46.56917538075281,46.607370615726225,46.6288552025085,46.718994429314975,46.77794917113112,46.82995369592582,46.867716006714545,46.87353873603237,46.9487220956743,47.03429012367869,47.124481616587616,47.17745628773684,47.227386692599005,47.22536768532117,47.235954072188115,47.24019949246218,47.24974033046608,47.27338065881878,47.3275772329378,47.39557391272554,47.49381959869748,47.5846413849654,47.67627048140252,47.77233946568642,47.8397669140081,47.880190557284266,48.042654611533614,48.20507316279422,48.36366229296525,48.5199538603593,48.67504685661443,48.82837003373654,48.97905577847498,49.12507238362305,49.26377426718785,49.39302491383889,49.51159256670807,49.61913995387684,49.714275788534245,49.795014273119484,49.8601465447417,49.908758350104826,49.939053440761406,49.948672154803695,49.94298722061519,49.96218865122838,50.034533381912134,50.1407623022177,50.24467564298431,50.31815216061415,50.37674500435504,50.42495581102071,50.48550554128337,50.56192133437821,50.668385046459015,50.71534618586882,50.741308818911214,50.75812960645763,50.787785867273136,50.77833659937801,50.79390106031462,50.87876807965877,50.92506356208471,50.96533012487605,51.03116476174532,51.10540626428931,51.19030468257146,51.28079700603592,51.37508814784052,51.482933974352676,51.60898517448266,51.743893833233976,51.88980035003526,52.05862800305706,52.29797014366206,52.45525562706418,52.49783051907217,52.507854956500964,52.61106060079244,52.68146422699811,52.74637521437095,52.779711353402995,52.772770790672446,52.75713151480373,52.79145295833176,52.821875379876715,52.82112896642594,52.792643420508895,52.68078868357006,52.68207832967424,52.702259968303494,52.73843699629518,52.773586977193254,52.8059892352855,52.833587902132045,52.8422102237943,52.834405007282825,52.776512800944424,52.705516899777244,52.720633574485014,52.621813609988656,52.593785525446044,52.58782534216781,52.57957105493507,52.57202912442044,52.530096005138994,52.493057632033555,52.50986751080387,52.58051049321849,52.57039544257969,52.605722112401466,52.735606117498406,52.803426968484686,52.74572928665005,52.7314166294606,52.804678697668834,52.86877944527527,52.923814584541226,52.94365707111356,52.89882177007856,52.863246162445506,52.8689085498978,52.86435651413097,52.84668202867519,52.86105640983526,52.906538070990024,52.923756168456684,52.94059134735844,52.97623889650996,53.021263144529016,53.06282651284081,53.11498683313526,53.190080718664184,53.241183896712776,53.31214768848606,53.39919284690928,53.4968954664142,53.59224266291194,53.66484641317465,53.70868312365062,53.75209677419423,53.82158753459378,53.88935832988898,53.9519649816102,54.0097057670057,54.067662422334514,54.12885628531203,54.18974503203143,54.243225586002325,54.30362450235736,54.36901950332112,54.409795121718226,54.485451267024224,54.565467245520495,54.67907750615448,54.753698776813906,54.821374038434875,54.88488748900505,54.946194836351026,55.00502663291184,55.05908306982096,55.105016793707094,55.139933152735466,55.13864449474444,55.15264349761328,55.16060519808736,55.195761887227455,55.204424746027534,55.220180864320646,55.24924265302137,55.29446261744824,55.349339950018084,55.405195255604475,55.46125790680195,55.518191546103374,55.54439236318604,55.60139258417681,55.68577159951496,55.73827924983958,55.79078547168836,55.84486830547122,55.903867786404795,55.96933805101937,56.039549772013984,56.1099647213948,56.18026717624378,56.250355332142654,56.31912265545305,56.38547409477219,56.44821784263752,56.50567284027329,56.55676867327557,56.60470717155263,56.65303702132221,56.704704314174144,56.761880272500555,56.82626870703801,56.89896345951971,56.97866847012421,57.06347701719084,57.151539661402445,57.24117009190864,57.3341181387323,57.436795328383695,57.540029224192345,57.64402710667016,57.74951000204078,57.85724208119952,57.972637384842734,58.07561511430881,58.16994569485097,58.27159203486903,58.36656563922854,58.44937623555661,58.522615402315566,58.55962474310847,58.61713377970591,58.66666883445964,58.70919438556676,58.746018246834176,58.77880051475455,58.83546668525987,58.8651900290944,58.90024436802517
40.86014168801213,41.151913274065876,41.43800426629994,41.717298564477396,41.98989681132113,42.25552544956542,42.51263924102378,42.75964950125533,42.99713289245986,43.22613995558019,43.44711596124764,43.659082854520605,43.8594381564156,44.04555959208702,44.18477368498327,44.36909928825413,44.524368717989155,44.57863188699287,44.65821271970647,44.684317269672064,44.74771240433807,44.84006494842049,44.90219178375953,45.00892969900575,45.0724051005874,45.150417282391466,45.24040166743422,45.341107551009536,45.450901001447875,45.567187721322775,45.686473620259655,45.8038412769372,45.912381525103,46.00735649419368,46.0955333001761,46.179990262411394,46.24242614712724,46.25162663697646,46.26943702079666,46.29356916597011,46.32516326612953,46.38140244087869,46.36838356806721,46.44076073457261,46.442640113477474,46.468314874054805,46.494666270319826,46.5298677545258,46.54565861115862,46.637837571912186,46.695936645268,46.74695365380649,46.783477545724885,46.78963410209121,46.86436098856441,46.95248949743907,47.045036016294446,47.09965043277156,47.14845424359256,47.14350566757486,47.15113280020192,47.1477148172207,47.152754183877285,47.178412018440355,47.234887438152285,47.30572895457689,47.41101877530519,47.50592572615487,47.60094342595823,47.69935131652522,47.76428628869221,47.80326048167924,47.96403956398374,48.128512012701,48.287921414568935,48.44421012641116,48.5990862073959,48.752367120979265,48.903358022981166,49.050085395736524,49.18999901497275,49.32117855207349,49.44269851264863,49.554102506184904,49.6534337250409,49.73800778733328,49.805920346340514,49.855530054180626,49.88432510552682,49.889656725690884,49.87766147996331,49.89237296823584,49.96442098514353,50.073037498478946,50.178414336405616,50.2492861678501,50.30459277884534,50.349310007176825,50.40741695428287,50.48306684377079,50.59561444553736,50.64347363313612,50.66503495184647,50.677507798145164,50.706199293499544,50.69093454802055,50.70696709245162,50.80017338292783,50.847425308159565,50.88740331181434,50.95554306106446,51.03089947949557,51.11637709297043,51.206517460046186,51.29943302487147,51.4059459443326,51.53143062786053,51.66591574145766,51.81187619733041,51.979495049133746,52.22405313058457,52.381595872774206,52.42303847127133,52.429752854665125,52.536796303040774,52.60794008679473,52.674799554801055,52.70931590221903,52.70182459385008,52.68533023967716,52.721707703599506,52.758304458186025,52.759628742847156,52.72670802499142,52.60357831113059,52.60321420491136,52.62176996964549,52.656039527214574,52.68930935793606,52.71984540057799,52.74598169303018,52.75347390947234,52.74427983112047,52.682697543077055,52.6090649937443,52.628956825002675,52.5249304814933,52.49339312783478,52.49252164815883,52.48739342808125,52.48513397105934,52.44180412120964,52.40234159283928,52.4160163913306,52.479634548158245,52.4675853762755,52.51845768182547,52.651258712166246,52.719817074698554,52.65308782041455,52.63278730452664,52.70794145499711,52.77357367326776,52.83143154931793,52.854692067993696,52.81056867840114,52.77620949768592,52.78479192364222,52.781136390425424,52.76130106023262,52.77599289666373,52.82568172804601,52.84255012926634,52.858081109130595,52.89322940175808,52.93776886222833,52.97755347934896,53.02584672068244,53.099556028973836,53.15252957611708,53.226205835641295,53.31498607322219,53.41466625798877,53.51202223647506,53.585096333133684,53.62761510990444,53.67044625609019,53.74149610644112,53.81045838117739,53.874400295090965,53.93296871078404,53.99155151265827,54.05489376436587,54.11775874609708,54.1723821108405,54.23230159791455,54.29673117702072,54.33650564143835,54.41229323918255,54.492377508655245,54.604060077230336,54.67800597884565,54.7449195905127,54.80779148024999,54.868586349661236,54.926930908225565,54.98054799589475,55.02632821674809,55.0617489186322,55.05655845027145,55.073063940032526,55.08344948081212,55.12417216550505,55.13226829057074,55.146509014818,55.17408196029993,55.218528764125125,55.2730207531356,55.32835254768796,55.383639415237326,55.43990402830124,55.467253941903984,55.52432283896317,55.605967275660454,55.65777616602494,55.70960250892661,55.763122814307756,55.8219268267622,55.887703837285954,55.958567545171654,56.029618804175264,56.100717938988964,56.17198436254244,56.24224243137238,56.310210843276764,56.37448819349322,56.433166299657486,56.484979683845715,56.533188102992774,56.581419736733444,56.63270794103146,56.689322559071506,56.75304096456728,56.82504041195668,56.90409339706428,56.98831471380453,57.07583673455283,57.164999263988975,57.257735613673624,57.360549071710956,57.46381968294514,57.5682595637072,57.67439672992573,57.78212643540149,57.89872966032286,58.00332254125701,58.0981366042584,58.20125012072891,58.29776518275769,58.38191084839269,58.45671464179627,58.491033951962706,58.55012991801808,58.6007689157654,58.643801830129874,58.68050387693308,58.71255288909806,58.77219806373756,58.800222744650554,58.8324996123383
40.83954995070942,41.1292288999019,41.41417507019067,41.69271882783017,41.96477024444903,42.22989361465416,42.48623860917405,42.73202386250187,42.96821433170024,43.19629896526357,43.41698518582141,43.629184086037746,43.83004050054526,44.01686486376462,44.15251324476611,44.342262363111494,44.503230589167124,44.548813648885364,44.625701692550905,44.64040164845152,44.70030756822113,44.78869839227269,44.84853770639199,44.961872931279224,45.0208780216408,45.09565891232725,45.1824646550083,45.28001436626206,45.3867374618228,45.50017041616366,45.61688295874325,45.73191221540342,45.83831780248542,45.93152884391935,46.018599980337896,46.1024598429454,46.1627889384063,46.16381104234454,46.176740888316566,46.19607180575607,46.2270574810806,46.297713770888784,46.286860310899826,46.370112346848025,46.36608177197918,46.38909477135272,46.4130176715975,46.44545565032013,46.45742939751105,46.54991494361273,46.60736425252321,46.65755787669456,46.692987733792826,46.7013157881611,46.773855502402704,46.864061851663514,46.95838096551682,47.01490562157706,47.06222383298581,47.05513849111946,47.05980289149885,47.050238439434786,47.05078569638274,47.07849548157114,47.137156905792445,47.21075310793241,47.3211963170786,47.4201079744618,47.51846679952346,47.61918869034339,47.68200638639764,47.721414532070696,47.87901102266409,48.045260030011605,48.20525881139912,48.36142042740674,48.516088981635136,48.66942805212785,48.82082259967048,48.96829306521808,49.10935977970023,49.24229863843551,49.3664710844881,49.48140759338162,49.58482511660003,49.67321595535066,49.743877672904176,49.79448585999326,49.8218753621586,49.8231010615652,49.80498697138549,49.8152780630733,49.886980328577074,49.99792137294005,50.10473919923092,50.17301257927848,50.22520485016543,50.26663377242311,50.32237278876072,50.397134677104965,50.51436409594032,50.56280835243229,50.581081542601524,50.5895022412416,50.61669100298366,50.59778409247418,50.614462532714676,50.71282686100865,50.76073625311213,50.80170911445784,50.87267227443055,50.94922547629768,51.035266252765865,51.12505939348631,51.21679013661887,51.322167808402654,51.44714279509116,51.58119809637849,51.72707093808578,51.89240760188136,52.138969317149964,52.29504263288988,52.33824760406958,52.34446073184185,52.4553736529576,52.52710588364366,52.59573315350229,52.63137497238987,52.6235213916754,52.60630422365456,52.64416345265871,52.68540642980145,52.68802524240155,52.65091609354479,52.51970515582324,52.51774174498248,52.534667514464076,52.56704413687208,52.59853918989814,52.62727602533683,52.652040625668356,52.658404245880696,52.64750652010807,52.582605824586416,52.50668366057121,52.53019751513621,52.42211908582937,52.3881905310421,52.39266359683804,52.39058449062219,52.3920580267265,52.34734965744278,52.30560027425407,52.31523732162958,52.369736497771896,52.35949149015884,52.426865481442334,52.56074294659433,52.62998140418088,52.554991594885045,52.5290499980729,52.60603250167795,52.67299527021537,52.733299200739424,52.75965079165622,52.7179364868008,52.68476869650738,52.69432459659238,52.6914962621487,52.67120175902515,52.68608927588616,52.73818410783213,52.75469392163179,52.76893944346608,52.80363819580321,52.84775615109423,52.885834888108775,52.92977474340301,53.001511758051336,53.05725223345802,53.13409342579098,53.22452591146997,53.325875526422486,53.424899805367176,53.49829704729872,53.5396463510487,53.58199931601699,53.65442382491437,53.72447841542067,53.789803955450495,53.84913062478032,53.90814744409527,53.97366021217222,54.03859182253802,54.09453569277678,54.15376578123336,54.217345461444204,54.25796344690696,54.334004977935585,54.41424344240783,54.52215989726957,54.595373846833326,54.661518755769464,54.72372823081855,54.78398339801549,54.84183360958082,54.89497882068859,54.940545149883704,54.97643338953406,54.96888620764164,54.987907711534696,55.00076570441293,55.045267283551645,55.05283470621351,55.06564259965567,55.091842387148,55.13565237972073,55.189827743549905,55.244658104949266,55.299330883716586,55.355124936832425,55.385270365381984,55.44241993718309,55.5198825472806,55.571037156744836,55.622190109490575,55.675092519399854,55.733557547286985,55.799405999975825,55.87066501680524,55.942176529783474,56.01396823753647,56.086351585315604,56.158063548016436,56.22762766642648,56.29343463884813,56.3533608392982,56.40595081593875,56.454493325046386,56.502665352864774,56.55357512459866,56.60960916744219,56.67267304821766,56.744068850956346,56.822598777318184,56.90634488611551,56.993402895985696,57.0821245849511,57.1746019398825,57.27749754100297,57.38094733843125,57.48603694965663,57.59294071654258,57.7004843692898,57.817723076834724,57.92376685578922,58.01911888306251,58.12353697032606,58.22134756786528,58.306629132509954,58.38293557994338,58.41647419754715,58.477149113618324,58.5289176233201,58.57250894049985,58.60915045528089,58.640520044211904,58.70168567045222,58.72804805223741,58.75761842430128
40.809886080310726,41.09736511026749,41.38102515226174,41.6587395828448,41.93020975238982,42.19480602209518,42.450405555854736,42.69506980462347,42.93009494793533,43.15735065720312,43.37777855066942,43.59018181641676,43.791488325797445,43.978952744683866,44.11294758470392,44.305775919010095,44.47079553519466,44.509959319419345,44.584338277058926,44.58917663321563,44.64562293827199,44.7296684410542,44.78747426437772,44.906380501147865,44.961502376525466,45.03333576136004,45.11710813503046,45.2115626502438,45.31522825421757,45.425794930344495,45.53994295100686,45.65268691814384,45.757078092722516,45.8487164534389,45.934792571768476,46.01803785179018,46.076212308612305,46.07079972670234,46.07863256572698,46.09278502322706,46.12291081971811,46.207089212116244,46.200223940248655,46.29407975155378,46.28447320898317,46.303098201703484,46.32453362364773,46.35441638918174,46.36463372232275,46.455855888686486,46.51290275637407,46.5624209831607,46.59690638236305,46.60893154411259,46.67786977090797,46.769514670640184,46.864544270843766,46.92317873243325,46.96862111119155,46.9603538685875,46.96211652564623,46.948347335480214,46.944479223838016,46.97423746857098,47.0349734041614,47.11121462428089,47.22502097896352,47.32775278401423,47.42935883126171,47.532403981564045,47.59354549764423,47.634946905921055,47.78814900202558,47.95591264674042,48.11629647742062,48.27222790736264,48.42670200411986,48.58018715613255,48.732067170892925,48.880300945737794,49.022456680019026,49.15698674407285,49.28351570421976,49.40156089446529,49.50858791262809,49.600561531509356,49.67391789299895,49.72553013320138,49.75164714801327,49.74900309818615,49.72500876355995,49.73110992054028,49.8025819336468,49.915793438292,50.023977893474715,50.08966854459188,50.138883655889636,50.17730255651851,50.230881576360574,50.304712358126416,50.42516036801709,50.4738624111184,50.4898078117841,50.4944321525635,50.519410668797526,50.49947659334939,50.5169539735933,50.6164830715071,50.66468725962395,50.70821621572566,50.78261360514789,50.86048859032871,50.94721442451106,51.03693004367733,51.1277962319245,51.23222415937239,51.35673622374696,51.490359794555566,51.63602830571263,51.79819380371648,52.04384011201236,52.197030459470106,52.244403799296414,52.25269254271846,52.367266103163935,52.43925356678778,52.50928587688338,52.54595969627517,52.53796225511614,52.52016200837146,52.55883036770944,52.60270821953803,52.605591354096255,52.564637829999775,52.42927197951297,52.42590287978239,52.44136858894769,52.47196302296774,52.50185566102516,52.52893914944184,52.55247261157885,52.55773818086657,52.54484891516477,52.47692567384185,52.39893937854792,52.42436313589228,52.31370095822744,52.278824121795026,52.28880040456099,52.289654354015546,52.29300403891186,52.247201624015695,52.20352601614145,52.20842058824678,52.25217656157452,52.246856999038066,52.33129838781245,52.46469624361959,52.53454904489562,52.45209077822324,52.420919106660506,52.49964617369054,52.56774783317101,52.63013124069861,52.65922497565,52.62135480712886,52.58933921774143,52.598122933518766,52.59600112582828,52.57681703926493,52.591795277163435,52.644368752280926,52.66054099672706,52.673667883179995,52.7080594051629,52.751883847076314,52.788389681033394,52.827644768611584,52.89694537213665,52.9561638667492,53.03648844320991,53.12846226128264,53.23118138459224,53.33154942182159,53.405136921944184,53.445473359936216,53.48744808600166,53.56098987442752,53.63178146737861,53.6982980576939,53.75826439549258,53.81751575891725,53.885262504022755,53.95235131115653,54.00977739762925,54.068387648690184,54.13146512461573,54.174490467682155,54.25087368995377,54.331323029419735,54.433979561807725,54.506425608516295,54.571812793696424,54.63333960932275,54.69295156612345,54.750125895340204,54.8026093172179,54.847828299804846,54.88412916454097,54.876151602161215,54.89766414566959,54.91300414921967,54.95932119662913,54.966442248473044,54.97790026636468,55.00281860077589,55.046108037356944,55.10009218206538,55.15464409526027,55.20895571839728,55.26444825550411,55.2987192772213,55.355946443503214,55.42808787318138,55.478644121912886,55.52914884267502,55.58140304460124,55.63941584873047,55.70512890187538,55.77649827206889,55.84816163346264,55.920373317833935,55.99368615416172,56.06674825188116,56.137857236472485,56.20517745227874,56.26637494446333,56.31981277511249,56.36878894311986,56.41701416342109,56.46766089203627,56.52323127091675,56.585757585149366,56.656669527233355,56.73479103109943,56.818158345960256,56.904820830332234,56.99313235064657,57.08531849477663,57.18824936490855,57.292002984882544,57.39792108415916,57.50568724477824,57.61289050835274,57.73025848584106,57.83732766341407,57.93304766499474,58.03854379385049,58.13742079810901,58.223730908145484,58.301527157889446,58.336358119244906,58.39858928009608,58.451497933218576,58.4956861661276,58.53232122572096,58.56306592983478,58.62394990146399,58.64871291046812,58.67567787769504
40.77093904170862,41.05626765875706,41.33870579064948,41.61565182473119,41.88656617866046,42.15063651757019,42.40552281189827,42.64917233609937,42.88316100271562,43.10968293405011,43.32987843389923,43.54242645137045,43.74404455250298,43.931926683276394,44.06628551388259,44.259323136865454,44.426198484947214,44.46183849193232,44.53394804896558,44.53102984260316,44.58407670394647,44.663463565728414,44.71947867416017,44.8423227129153,44.89427109050981,44.96345586402409,45.04433371494173,45.13575828259205,45.23648757890811,45.34438177604979,45.45614112258013,45.56673598692679,45.66926222465383,45.75951762155011,45.8447007495183,45.927334220485996,45.983355232595365,45.97314132350188,45.975744569988535,45.98442953606402,46.01346699355671,46.109738094819825,46.10891611263174,46.21285165337516,46.19815244422764,46.2110000133108,46.22990343649364,46.25743626829265,46.26773774635068,46.35637029968199,46.4132239999137,46.46219759177564,46.49589330288028,46.51282911981627,46.577068861619594,46.66956600658477,46.764172504657964,46.82468479709984,46.86775445001246,46.85942670337596,46.85862539239441,46.84261848173272,46.8344791220987,46.86624439979979,46.9289247015622,47.007681755111186,47.123264985737585,47.22959162125088,47.334315142636505,47.43966032134767,47.499521912951835,47.54415180069277,47.69203351651914,47.861065294901834,48.02165640659828,48.17727571029541,48.33157209963782,48.48527876194362,48.63770939899853,48.786714590965694,48.92988983457796,49.06584444013341,49.194442482219884,49.3151887845349,49.425315866936934,49.520319903527025,49.596017697008755,49.64857695513976,49.67358735517792,49.66739244060146,49.63805183179692,49.64049834565757,49.71189473126856,49.82730446849123,49.936770801697214,49.999922359295326,50.04631104663142,50.08201040858929,50.13363895615062,50.206500985593564,50.32868602331194,50.37729970200249,50.39188448924708,50.39307372141466,50.415146769485354,50.39660341125666,50.41500800757703,50.51120177951562,50.55933884872939,50.607128456394385,50.685666612920656,50.76519432190815,50.85289161641274,50.942816138952026,51.03310022811389,51.136739590051356,51.26082546140035,51.39401973254788,51.539392033622256,51.69768179705568,51.939786923825935,52.089026037975415,52.1424568388631,52.15517595430241,52.273165099088004,52.34507125297918,52.41597560924913,52.453378689944884,52.445409044812955,52.42712232866872,52.46572962529624,52.509739150830576,52.51161157495978,52.46742920834606,52.33276757054182,52.32835048809915,52.34256263566842,52.37149596255054,52.399967221833094,52.42555666348484,52.4480003751643,52.45221935506104,52.43711977312152,52.36647189425687,52.28663800197507,52.31154302157361,52.20032055188578,52.16594028682053,52.18148128768319,52.185113129718935,52.18863151035758,52.14208061617959,52.09683377178108,52.096456480134336,52.128314959081195,52.13042511772156,52.23210927749624,52.36375602607896,52.434149084806656,52.345035538590814,52.30910902685044,52.389476807014134,52.458534959187595,52.52264137108837,52.554126635060896,52.52125325123657,52.49033652021949,52.4968680223935,52.49533174136045,52.478579815164096,52.49356063015648,52.54494081519114,52.56080459147228,52.572991450958625,52.607206341820635,52.65085580615658,52.68594054489653,52.720330663622825,52.78685433746983,52.850076474004226,52.9340688721729,53.02744502229016,53.13124194537492,53.2326458350506,53.306311117662865,53.34579880279477,53.38749574385923,53.461915261155674,53.5331034616136,53.600423618012094,53.66072067665441,53.720107527298715,53.79025591153822,53.85954275735299,53.91851721221996,53.9768241303396,54.03970514246501,54.08640863332194,54.16318658190764,54.243874252332425,54.34012166638037,54.41178449163388,54.47644324321495,54.5372883133663,54.59618237489576,54.652525459530246,54.70413831523307,54.74880751141434,54.78540090138054,54.77887846913634,54.80282257598697,54.82061509556225,54.86700752001892,54.87377274527296,54.883974650154535,54.90770333230127,54.95057363921562,55.00449564857124,55.05897988123601,55.113142582109795,55.168467968123416,55.207878321023124,55.265164922590095,55.33115371216871,55.381178961442586,55.43107927777475,55.48268001376557,55.540157631843975,55.60556283692903,55.67679527329952,55.7483375763037,55.820699389599724,55.89470818319231,55.968942369349584,56.04147816372661,56.110255641867234,56.17274201296696,56.22712639991293,56.27667923021415,56.32510720915348,56.37562397430281,56.43084450149367,56.492936394318164,56.563467233881006,56.64127657862154,56.72434590517526,56.810673222223635,56.898608856927,56.99048665577375,57.09341317207652,57.19757741653096,57.3044737868555,57.41318159751962,57.51991947807852,57.63697779276059,57.74469188473923,57.84054917106978,57.94683320532595,58.046598664521106,58.133899159073444,58.213177645433234,58.25109835643906,58.314848331040785,58.368892821555676,58.41370395646397,58.450379432096646,58.480554495705356,58.539395942260455,58.56267363952536,58.58713940283089
40.722931584751045,41.006334873565656,41.28764198507416,41.563865883832776,41.8342376805562,42.09777801285395,42.351981497689756,42.59472112651892,42.827803299409894,43.0536927073025,43.27369406304733,43.48634691428803,43.68816503735329,43.87626341118373,44.01273584138798,44.20316996299574,44.36908601109334,44.40425779364732,44.474356658781986,44.46634889525287,44.51608705470039,44.59057223725865,44.645028152182796,44.76956987088515,44.81917708886908,44.88604198516489,44.964264695439965,45.05295917890624,45.15107594796921,45.25655610877446,45.366112996171886,45.47470327246781,45.5755229066772,45.66458767005231,45.748982251719866,45.83101090007234,45.88491983182778,45.87138446619522,45.868709418061826,45.87172606194785,45.89946971411103,46.00590523636607,46.01337848456713,46.12661675699746,46.10745749745079,46.11347505478407,46.12984502004952,46.15525049929977,46.16720763035185,46.252168069147814,46.3089998262353,46.357542321110024,46.39060830678923,46.413356265142646,46.47211784207695,46.56493503611454,46.65812735075243,46.720071145622136,46.76042549237358,46.753098537331596,46.75013763513123,46.73362885456807,46.72142974702036,46.755122695617395,46.81959856629797,46.900722751912106,47.01670056217845,47.12635632846043,47.234032042134146,47.34162084093232,47.40055392284029,47.44932341384827,47.59124458059566,47.761313406510254,47.92196059289692,48.07720698022161,48.231346092976715,48.38533719851134,48.53836694633737,48.68813955457185,48.83225936202575,48.969473297765035,49.09986152886472,49.222917638902544,49.33566066715293,49.43315791379468,49.510684051964525,49.56390141143438,49.58793306347664,49.5787127552884,49.54480642045224,49.5441428359171,49.61559833343027,49.733111459380815,49.84376880835929,49.90445352248147,49.94818912517879,49.981461250902356,50.031341144030584,50.103201658264865,50.22562382336923,50.27378411789259,50.287987667183266,50.286255667060885,50.30486917085782,50.289755906806505,50.30919122715541,50.39805807284616,50.44583646365452,50.499347922515064,50.58263170029784,50.66412564386099,50.75303144036448,50.843405188373026,50.933351042512555,51.03633869324912,51.1600250556238,51.29279680691454,51.43780585522594,51.59169972431554,51.82793116124478,51.97249605386634,52.03335650468082,52.05263863360119,52.17376416758145,52.245287496223526,52.31657658169263,52.35439070305421,52.346575612426186,52.32786407404346,52.365284240315304,52.40655903030367,52.40620771041453,52.36017942243324,52.23093510203037,52.22579620949089,52.23894684259804,52.26634379272708,52.29358234518822,52.31785045805763,52.3393466408274,52.3425914090951,52.325131850809235,52.25205929202433,52.17059139851388,52.19184282295522,52.08283237364785,52.0501854128456,52.07125546256018,52.07747092919002,52.07969289228631,52.03271145466862,51.9862384944526,51.9802352862444,51.999511909807026,52.010939061017666,52.12965102705411,52.25855971680934,52.32941061187789,52.23447604414948,52.194334155203805,52.27621873762794,52.34606024531805,52.411543293801564,52.44506778497485,52.418061430975285,52.38817606277307,52.39124095118876,52.390168868653014,52.37692300093477,52.39183506452624,52.44063166751227,52.456219864548096,52.467637898012825,52.50179232205897,52.54537588431702,52.57921016647186,52.60870629575134,52.672236120290876,52.73980205323673,52.82751269695475,52.92212409412253,53.026715321647416,53.12886379426653,53.20251479504756,53.241325345852204,53.28284546740476,53.35792099127393,53.42920655891553,53.4969813124214,53.5573062286952,53.61676403640863,53.689432925927214,53.76091295122818,53.82145978698891,53.879741759534326,53.9426804909218,53.99403987338441,54.07123086046764,54.15215509378739,54.24118880652302,54.31207372392541,54.3760516432464,54.436237040552804,54.49436734573469,54.54976212790062,54.600340233381445,54.64429517947547,54.681070903934256,54.67759064387315,54.70387233603662,54.72404882377057,54.76902961753556,54.775527864564026,54.7845827026462,54.80722603542317,54.84977232179048,54.90374225132622,54.958334879681026,55.012520137684554,55.06777805849749,55.11302514038865,55.1703379391104,55.22965052304851,55.279223575247535,55.3285819840845,55.37954905074649,55.43643879737882,55.501398099081236,55.572283982833945,55.64347032932122,55.715743594034414,55.79023114243444,55.86546055357768,55.93929398586111,56.009454316113015,56.07322492232939,56.1286292763513,56.178875410309494,56.22763268574262,56.27813470446405,56.33310479453601,56.39485129467984,56.46508676399262,56.542661840098035,56.62549837559698,56.71154275629101,56.79914039964391,56.890707800291544,56.99359759115564,57.098261427608364,57.2062568773864,57.315969057653625,57.42214590395544,57.538522903012,57.646556975015365,57.74236076556358,57.84915979490688,57.949637409434956,58.03787875554746,58.118612788028756,58.16110754851274,58.226324180041836,58.28148526442628,58.32693276095985,58.363688318251235,58.39334969156236,58.44867444982658,58.470587560156865,58.49268839005305
40.666347238528616,40.94802050817673,41.22826320763495,41.50379209049294,41.77362241537228,42.03662341972121,42.29017273361428,42.53210584547148,42.764412641386905,42.98977688845823,43.20963466565023,43.42237212855875,43.62430639630857,43.8124583835855,43.95250737630599,44.13798107196688,44.30037402238967,44.33754529756854,44.40558855493266,44.395521409803536,44.44207217998951,44.51148292660832,44.564599914889065,44.688021274663825,44.73634400802087,44.80145180300792,44.87747226020162,44.963812535908815,45.059635316444165,45.16295251258001,45.27049413669454,45.37723262548252,45.476512847190435,45.5645819207448,45.6482948165056,45.729729841588814,45.781608227781845,45.76607778823438,45.75815962690745,45.75539531855952,45.781662692895665,45.89623796867026,45.91405271257287,46.035563767106,46.012726388390774,46.01119817473273,46.025076284229726,46.04859429384998,46.063509535083206,46.14395908963248,46.20090207843202,46.2491097897346,46.281711205534606,46.31086072996227,46.36368177981939,46.45634093584679,46.54727070890571,46.61002632563297,46.64760027457051,46.64218241661714,46.63746561367136,46.621955430362014,46.60597545445859,46.64147877638371,46.70758276667177,46.79090586617245,46.90609993306376,47.01877874793158,47.12920583824093,47.238948671556024,47.297259817829435,47.35075594285004,47.48636220870601,47.65725241358004,47.8178310302814,47.97266486115778,48.12667080892428,48.28099679478594,48.43465747525941,48.5851813902263,48.73016538101119,48.86847488811563,49.000382954530494,49.12537383288031,49.24027400090241,49.339762800567385,49.41864638763444,49.472238110348954,49.495404530033234,49.483698393291554,49.445987353170615,49.4427428888108,49.51437235211985,49.633871406803834,49.7456227979218,49.803941533243034,49.84521999431968,49.876359005724545,49.924684355900204,49.995515474898745,50.116656529733234,50.163979551596746,50.17879343778544,50.174806708768024,50.18954775104097,50.179525440609424,50.20007022481796,50.27833790370028,50.32552356508249,50.38590569969934,50.474372484509075,50.55807106891443,50.64836750825988,50.73938470100296,50.82919759244603,50.93164606177522,51.05494955398972,51.18730991421458,51.33191350393493,51.48107572791265,51.709394232922996,51.84890719260344,51.91805257866078,51.945808247622224,52.069756835495916,52.140630850526435,52.211866998578216,52.24980468719492,52.24225464687467,52.2231862292958,52.258424480967065,52.29442222120303,52.2908875837215,52.244360016343514,52.124522233129625,52.118951683515704,52.13121839770827,52.15720735060392,52.1834095039568,52.20654242375205,52.2272341329708,52.229597983599874,52.20969790505878,52.13450267333709,52.05161143582545,52.06536819081209,51.962094509319876,51.93220588659723,51.958672145547474,51.96723786388643,51.966940635920785,51.91981896021697,51.87245513743561,51.86064729552909,51.86712763326709,51.88914204373476,52.02427651304642,52.14974473864766,52.22096271407327,52.12106246306098,52.07730888828167,52.16056630151116,52.2310272886153,52.29755071073109,52.332760440477735,52.31220895819631,52.28327330423368,52.281922807876654,52.28119326761373,52.27227951078911,52.28706830993362,52.332172680193835,52.34752197463519,52.35833497555342,52.3925306621605,52.43614793753966,52.46892123253307,52.49364553231171,52.55408818683974,52.62615260246035,52.717497901830285,52.81314937640966,52.91825962628661,53.02087804868175,53.09444311469106,53.132755655336354,53.17420043445328,53.24972807095742,53.32085292007427,53.388775691876184,53.44887019533715,53.50834391090119,53.583588196302344,53.657212047992516,53.71932083426416,53.77780706962699,53.84100614591579,53.8977061174276,53.97529373230429,54.05642353642609,54.13778357777121,54.20791653313017,54.27127953271216,54.33084848848596,54.38819800004243,54.44256572620095,54.49198949031033,54.53510410831596,54.57196515751573,54.5728119616779,54.60130275936831,54.62375561417449,54.6660908529935,54.672409274296975,54.680441375460674,54.702116163840586,54.74442722157529,54.798536098589004,54.85337850739973,54.90771704795192,54.96297251043345,55.014437378919126,55.071728057730674,55.124148764626746,55.17335986324127,55.222257530899064,55.2726357793977,55.32891524608631,55.39332498227633,55.46369236300905,55.53432586352974,55.60630307233867,55.681068501915206,55.75711763330043,55.83210996413517,55.90356172844981,55.96858897415756,56.0250595328338,56.07608870738618,56.12527878886904,56.17586341558571,56.23066808540687,56.29214410519009,56.362152910661486,56.4395532357424,56.52220656906188,56.6080121171656,56.69531327464892,56.78658330574773,56.889411250794765,56.99464581234668,57.10383217539261,57.214594908067205,57.32014441147169,57.435535722014016,57.54362038949326,57.63921981275195,57.746278713735556,57.8472932831715,57.9364145678212,58.018558331129995,58.06679833484906,58.133414740688714,58.18965823792527,58.23574302906609,58.272611128028096,58.30181546714444,58.35244004924538,58.3731133835851,58.393013018061964
40.60167309631126,40.8817783160737,41.160998930431,41.43584077505508,41.70511854040395,41.967565649946714,42.22048764005691,42.461716162546416,42.69337983201542,42.91833238901523,43.138109469244476,43.3509310175718,43.552925245329,43.74100705566138,43.88580892772249,44.06442888498258,44.221171905764756,44.26241439760293,44.32829878944515,44.31893500489391,44.36245026926967,44.426684104740815,44.47867117872243,44.59812039295515,44.64641244320812,44.7103757656096,44.7846306064943,44.868974129121696,44.962807639376294,45.06420557152789,45.16992010906044,45.274967896686476,45.37288475459143,45.4601556954269,45.54329618200796,45.62415299607492,45.674122541929854,45.657769923071406,45.64472771348603,45.63615802357992,45.660789641425275,45.78163862899855,45.81138045316702,45.939881388386056,45.91429713678583,45.90484422176619,45.91631513894853,45.93820286359017,45.95710962130171,46.032453253684544,46.08960259959705,46.137554616219994,46.16986181056111,46.20569026414571,46.25242574238629,46.344502882398814,46.43246447889629,46.49523915785639,46.530244832898916,46.527491387395365,46.52142168782948,46.508175185490316,46.48876060026893,46.52591906245858,46.593465070986696,46.678799349381066,46.79223532317115,46.90759072195298,47.02053283944311,47.132306944456865,47.19025788843913,47.24874358516051,47.37796641530115,47.54947774812558,47.70988971271652,47.864292497120495,48.018193072268225,48.1728918797177,48.327198648114745,48.47844565159914,48.624208010183,48.763450782333074,48.89661686959348,49.02318374178027,49.13980755581175,49.240821802100214,49.32063489552516,49.374351439826626,49.39676773849355,49.38308972736155,49.34230945359674,49.336998001830565,49.40889639932521,49.53024130660335,49.642983654845615,49.6990658906727,49.738105756842046,49.76740759532277,49.814364807659196,49.884143534253646,50.00246690394829,50.048549895922996,50.0649778932464,50.059555565801915,50.070152388160786,50.06650337327591,50.088211593054226,50.15332722427963,50.19974361369643,50.26783287355887,50.361752582784064,50.44781910979563,50.53963343199255,50.631442185904454,50.72128879523981,50.82328628843923,50.94621350407058,51.07817795100707,51.22235871316055,51.366637950263566,51.58529754751474,51.71972613964724,51.79749484271416,51.83541246337301,51.96183662968307,52.03182986989358,52.10262506427026,52.14042959395884,52.13323883707726,52.113887779565495,52.14611307211298,52.174746433393416,52.16728918395092,52.12144497058584,52.01427662299053,52.00852854973161,52.0200744889708,52.04478747328765,52.07015717100516,52.09235445115992,52.11238557599718,52.11398271920636,52.09163069270109,52.014616844387994,51.93050998157095,51.932225141799556,51.83896504470803,51.812648094802405,51.8442805530006,51.85492404526582,51.85112719248371,51.80412795355876,51.75619865400981,51.7385827969406,51.73252234897646,51.76577728068123,51.916338612033634,52.03794851443087,52.10943447935667,52.005444963486966,51.95874762264506,52.043213834643055,52.11413968613221,52.181377323769816,52.21791661665545,52.2041254447509,52.17604370343278,52.169594680429356,52.16908569815045,52.165082258939215,52.17971009603953,52.22029522418529,52.23544608041418,52.24581043479122,52.28013467840779,52.32387582180645,52.355796429853854,52.37602224061863,52.433408003356455,52.509940119688686,52.60470247107427,52.70117076878157,52.80653297216939,52.9093633475086,52.982791237186106,53.02079239747505,53.06226382281984,53.1380575063812,53.2088047058797,53.27661130733076,53.336261720302446,53.395705775430606,53.473516371776256,53.54919020285641,53.61281606637376,53.671686593970314,53.73529708337676,53.79772929500957,53.87566240408801,53.95693756289001,54.03050857566051,54.09993614698756,54.16276845053361,54.221785354769395,54.27836585922128,54.331666080180845,54.37986050466703,54.42204710226352,54.45890964743853,54.465066257856705,54.495603179531805,54.52018574710393,54.55889459020725,54.56511864242264,54.57226762021897,54.59310317125255,54.63526147506386,54.68958129861836,54.74478018119666,54.79936197574232,54.854645307738465,54.912392680215746,54.969597843117526,55.01521889570935,55.06416972533733,55.11270648751323,55.16256582357286,55.21824287871777,55.28203378045883,55.351748376161694,55.42167014994381,55.493174965713116,55.56803373166172,55.64472843725296,55.72073135980793,55.79336613231124,55.859599470058434,55.917155297766634,55.969030345424436,56.018733714213326,56.06948044073358,56.12419030946929,56.18545664480474,56.25529046698092,56.3325571857682,56.415061297406425,56.500663989478504,56.5877137777936,56.67871454956003,56.78146277964263,56.887321364977794,56.99776150051479,57.10960443164724,57.2144896261156,57.32865815518535,57.4365795834236,57.53186367691088,57.6389451129542,57.74032253605168,57.830251466148304,57.91374002019093,57.9685833548311,58.03651792657078,58.09379471814747,58.14050521023363,58.17751110527059,58.20631577219031,58.251347365599955,58.27090982103246,58.28880146555821
40.52939625136888,40.80806205074001,41.08627862556145,41.360422267862624,41.62912421294644,41.89099761530514,42.143317337402735,42.383941747333104,42.61509567466421,42.839756120471456,43.05952770136656,43.272452504716455,43.47447820037472,43.662404882590984,43.812849304723365,43.98318582324652,44.13258904814719,44.17958751306653,44.24326716164391,44.23697729916274,44.27763951199666,44.33666424261944,44.38771916012636,44.50079432719561,44.55015077447094,44.61351862262216,44.68641393158565,44.76909973406686,44.861234871808904,44.96094986967956,45.06502647818199,45.168552936795265,45.26529133727801,45.35196431589789,45.434644086359384,45.51494231457022,45.563164895744144,45.54700950415835,45.529046194758145,45.51473489469002,45.5375942712145,45.663013599244735,45.70580336286763,45.83975832552296,45.81250776237412,45.79508804449383,45.80427949412025,45.82481142016727,45.84847404976437,45.91836045385261,45.97577323282352,46.02353141913695,46.055719933313455,46.09819261756348,46.13901479731703,46.230140052387895,46.31457056050272,46.37648792937612,46.40932520365437,46.409838495829064,46.40281821742025,46.3928650963287,46.370429540306986,46.40904997420189,46.47783324754582,46.56497145302675,46.6758789572783,46.79352409281333,46.90870935422699,47.02235879087286,47.0801664251892,47.14358053824213,47.26663721483196,47.43858484216127,47.59875863416715,47.75273303212632,47.90655970779629,48.061656782256854,48.216608127253366,48.36853789236037,48.514987368189985,48.655002551565275,48.78917338442988,48.91697374091453,49.034913019507314,49.137022156648214,49.217379767143356,49.27100578781052,49.29278867250337,49.27762713024907,49.234487545375345,49.22760767246834,49.299850087034265,49.42287815462246,49.536502263591615,49.590506093863155,49.627548515533924,49.655310941963926,49.70107871520729,49.769786935088,49.88373770755869,49.92815904367937,49.94721712575895,49.9413309574284,49.9476529603433,49.95128106541646,49.97418192435374,50.02431198678575,50.069840070179495,50.1461605297053,50.24563561235247,50.33415827923183,50.42756282345606,50.520265152140134,50.610273568219405,50.71188396605069,50.83443145343875,50.96601981385105,51.10978521631405,51.24921453378488,51.456762513674136,51.5864195804583,51.672633078752185,51.72217894786099,51.85069707699454,51.91961310833058,51.98962898313312,52.027074374937726,52.02032087195283,52.00076770999222,52.029312738614585,52.048949376739685,52.037050500173045,51.99290826566917,51.90094593076409,51.89523844769677,51.90621230435739,51.92978499788486,51.9545338191995,51.97600843087308,51.99552369430919,51.99648925654566,51.97174297056704,51.8932166113699,51.80809890341154,51.79297724312337,51.714302065618554,51.69215842418813,51.7286299012751,51.741039584785824,51.733005013197776,51.6863632554282,51.638183997454796,51.614932079431036,51.59705627645024,51.64158798666539,51.80619020057608,51.92380846699585,51.99545499569203,51.88827371358918,51.839364754855055,51.9248556730028,51.99610103492175,52.06373683481062,52.10124832859391,52.094240502490365,52.06690271920188,52.05493765681896,52.05452692017094,52.05576415959725,52.07021015250494,52.10573067043617,52.12072734056575,52.13079202693705,52.16531768708347,52.20926339309946,52.24055844520792,52.25671028798668,52.311193036081015,52.39197660293536,52.48980438896154,52.5868381708682,52.69219347217268,52.79499443995937,52.86825432312553,52.906138238496126,52.947738810319464,53.02363030372044,53.09382407712167,53.161292709739534,53.22032994731328,53.279708254651105,53.360012101461535,53.437597571030274,53.502661195645814,53.56204686591696,53.6261682792344,53.69443133568837,53.772624082489344,53.85395515582062,53.91996639572643,53.98875579323689,54.051159935632086,54.109710337006774,54.16556244467345,54.21779301559002,54.26472769509888,54.305936965645905,54.34273035901629,54.354877367715766,54.387262930076865,54.41378950288876,54.44814419299131,54.45435763689174,54.46077838854208,54.48091651135806,54.522998218749834,54.57758195967296,54.63320931787627,54.68808358388617,54.743390434219656,54.80716868787974,54.864209859937596,54.90343137510228,54.95223506144927,55.00052942322178,55.049964807125676,55.10507759602448,55.16821478757308,55.237179984628774,55.306269159578044,55.37715641535837,55.451940301701036,55.529107794170294,55.605963434138516,55.67965578113104,55.74702171163898,55.80565469955606,55.85841154840458,55.90868565745605,55.95965611297339,56.01432740208637,56.07543073247951,56.14512422604421,56.222280110388866,56.30465337246711,56.390081057860925,56.47692820492952,56.567702909146135,56.67036080634811,56.77687887973363,56.88860667239373,57.001542911280644,57.10575617337534,57.21853210794474,57.326132012057144,57.421029722316256,57.527914143705104,57.62948141839634,57.72013432078243,57.80488360066556,57.86687524784204,57.9360316512775,57.994277681187754,58.04158975391327,58.07875149382202,58.10721455643863,58.146051023973314,58.16463558372139,58.18074191124228
40.45000379697133,40.7273254656591,41.00453176512549,41.27794689925898,41.54603759029498,41.807312227571295,42.059052946036836,42.299172269420914,42.52995097270202,42.75444499432485,42.974298589553015,43.18736551338192,43.38942187740594,43.57714731955396,43.73383731639447,43.89492430796239,44.03573483646552,44.08978706327537,44.151273470853496,44.1500359112488,44.18805809762629,44.2419118112076,44.292221075544305,44.39698701403909,44.448327381849424,44.51158512369781,44.58349643274328,44.664845126266236,44.755558968785316,44.85381999109648,44.95644880897157,45.05863159652449,45.15438530364799,45.24066310395707,45.322996267692325,45.40275974811429,45.44943741069702,45.43434516494726,45.41174758768442,45.391846649570724,45.41282029377793,45.54126926130258,45.597763098192715,45.735383283202,45.70769628489384,45.682604491525105,45.689687259659216,45.70915517522816,45.73806898122812,45.80239058268516,45.86008582120462,45.90769481705613,45.93994538523634,45.98871554008615,46.024114012150974,46.113971622431315,46.194450853503504,46.25476886744363,46.28580742313248,46.29003678808098,46.28246756225835,46.27660213925295,46.25162663042833,46.29147793197353,46.361275064652254,46.449990428598326,46.55780306016282,46.67731070280131,46.79443169107885,46.90976734204209,46.96760371859949,47.035560999557354,47.15295462174934,47.32516912770149,47.485059788598114,47.6386296101918,47.79241754029617,47.94792583135369,48.103503575025336,48.25606366618006,48.403103573680895,48.54373176696008,48.67866260941599,48.80737020559517,48.926242079615456,49.029051102466475,49.10961119399566,49.162965542243775,49.184233315708504,49.168050974704805,49.123236452151126,49.11527139821604,49.187913027234934,49.312438946704226,49.426829508620656,49.478941641907106,49.514250373183216,49.54077296791487,49.585522294444196,49.65314677616026,49.761151702108734,49.80347088767393,49.82618722751585,49.820961602913314,49.82301934571455,49.834449877641575,49.85854781120604,49.892578143420266,49.937156395214785,50.02191975375026,50.12688519044395,50.21787708995019,50.312889294544014,50.406541108772615,50.496800828710384,50.59806368741918,50.720217949666726,50.851454399305574,50.99483674680675,51.129633620893166,51.32491054005531,51.45045420049715,51.54441706868604,51.60683536809361,51.73703170428198,51.8047091198431,51.873656959531154,51.9105479817234,51.904293440420204,51.88462500571564,51.90898620533337,51.91844876110664,51.90180952145811,51.860223882102474,51.785277815601255,51.779793016969236,51.79032903183977,51.812900761502114,51.837247921406174,51.8582262534833,51.87737121230951,51.877861236248776,51.850847495487585,51.77111678047568,51.685190069008364,51.649538909689184,51.58896365785764,51.57138326148137,51.61226940672649,51.62609459390407,51.6133265492857,51.567249686559364,51.51912612105022,51.49058543195256,51.462089635203505,51.51731737649566,51.694184155234204,51.80796201917954,51.87965335104325,51.7701975034468,51.71983982754693,51.806186152569666,51.87761493203681,51.94534294574642,51.983467591379004,51.98298374326603,51.95626581037242,51.93863282501766,51.93819769358301,51.94475812697535,51.95901820899073,51.98921038989595,52.00410091377053,52.01400750320173,52.04879300447006,52.09301450740067,52.12392996536894,52.13658354173049,52.188440751253424,52.27307405021396,52.37348163976692,52.470801482299535,52.57589923917333,52.67844607524643,52.751527533102085,52.7894958446274,52.83132857476723,52.9071674691502,52.976673194590084,53.043624450056804,53.10192402009187,53.16120997321685,53.2438700344708,53.323184307724546,53.38957193440838,53.44955441881962,53.51423470941846,53.588134169022055,53.66646597417878,53.74773429785941,53.80675963350455,53.87499869961747,53.93709552692901,53.99528613280179,54.05047927780118,54.10167635817806,54.14736548025315,54.18758650279081,54.224253277562575,54.24276912656125,54.276771344553296,54.305017161858885,54.33454302516015,54.340827925655105,54.346690632051015,54.36628563785613,54.40836058912706,54.4632421900115,54.519335334243046,54.57451053521383,54.629801873684166,54.69904304551231,54.75582667285749,54.789356661611464,54.83813777149066,54.88632690731948,54.935458353909766,54.9900752987578,55.05255829756354,55.1207151507471,55.188888863446955,55.25904456247506,55.33360168206026,55.41107053278746,55.488611448386074,55.563218928342806,55.63162100050611,55.69129586660824,55.744943540306835,55.79582281427782,55.847060765370905,55.9017352986212,55.962708187170186,56.03227898094468,56.10932842981799,56.19157360608042,56.27684600694405,56.36354285190829,56.454149761923766,56.55671395955999,56.663909150846074,56.77692951067012,56.890955629854346,56.99451867873925,57.105799485710875,57.2129751306446,57.30745531324394,57.41394095713051,57.515526180526464,57.6068080019772,57.69271481800784,57.7620866532649,57.832353828398325,57.891490103140995,57.93936710955597,57.976695537525735,58.0048757696281,58.0372056494485,58.05494938287428,58.06952253381472
40.36398282638856,40.64002231431438,40.91618782122222,41.18882499958758,41.45625682974483,41.716902398519885,41.96808558634429,42.207797398399215,42.438336529497626,42.66279592207335,42.882831361340344,43.096098966957406,43.29821289238281,43.48572982172995,43.64898177182171,43.80031676033389,43.931718657648304,43.99373546754546,44.0530975163984,44.05849845979086,44.09412421561437,44.14291528146867,44.192654141419716,44.287642390139474,44.34171064538364,44.405280018488774,44.47655230723482,44.55686608124181,44.64642188534884,44.743450519840096,44.84482266634156,44.945847726589705,45.04081936209925,45.12690738140377,45.20901046413925,45.28826724774663,45.33364220826076,45.320325538890145,45.293464409225436,45.26821400590298,45.28721142063023,45.417311997065916,45.48770131566036,45.62694496610846,45.60020072408317,45.56806841146943,45.57325634547972,45.591969340419745,45.62636057644993,45.68525353273082,45.743212207833494,45.790699428548244,45.82319797777449,45.87760678158426,45.90838845442748,45.99671676914638,46.07296725767716,46.13111075530603,46.16065752762891,46.1688993103139,46.161182082158405,46.15996329063881,46.13299622648853,46.17380935613337,46.24437829060907,46.33442452758462,46.438779856602395,46.55968239420561,46.67839615848496,46.79519572920257,46.85318805918986,46.92497930452158,47.03749821157083,47.20982603676064,47.36941516997423,47.52262537533351,47.67641339455562,47.83233335595843,47.988502653780685,48.14162852672828,48.28915674530447,48.43023999966538,48.56569465492803,48.694999511134256,48.81444642376252,48.91759587781005,48.99805936758876,49.050995091069474,49.071867651754744,49.05510163347942,49.0092709975688,49.00068867656557,49.073764831915106,49.199580678691696,49.31461627439361,49.36505203389724,49.39891343257792,49.424497595442496,49.468391761269665,49.53492415622884,49.635391649142775,49.6751493207147,49.702564290709915,49.69927622152252,49.6972214224005,49.71660117056175,49.741875846100655,49.75941164638476,49.803036049485485,49.89614163130541,50.00636493428817,50.09976405467794,50.196346457150014,50.29095756486456,50.38151949403823,50.482450045354256,50.6041875403269,50.73510060392972,50.87815703804988,51.00872335400501,51.190863035312375,51.313296685224344,51.413796594426955,51.49010939107837,51.62153403839703,51.68784645843677,51.755487197828714,51.791659365907606,51.785949231398234,51.766258651875496,51.786096197130874,51.78466229635909,51.76320423687637,51.7248658003947,51.66801993665303,51.6629038971071,51.67312185938966,51.694835601246,51.71900795049141,51.73972980958246,51.758650854400805,51.7588422989468,51.7297570242936,51.649132157898144,51.562595346022604,51.50407263933289,51.463807907231505,51.45096899340915,51.495748285710285,51.51059918407823,51.49284425197018,51.44751206768646,51.3997399780757,51.3664331434573,51.32898264475135,51.393705913498536,51.5806733527817,51.69104659381888,51.762658633374244,51.65177224302151,51.600629598573846,51.68784582622082,51.75938492296175,51.82690935847005,51.86528642009664,51.87078477892918,51.84454843577594,51.821361272997564,51.820778778294454,51.832497075285644,51.84658399515785,51.87146575351414,51.886301958709176,51.89618461479606,51.93127394685016,51.975833020692065,52.006633677110614,52.016515869164685,52.066148615113704,52.15404445953814,52.25641220776519,52.35371060270554,52.45830838604826,52.560393002582096,52.633306027708564,52.671567882096724,52.71373629397816,52.78939000884561,52.8581142190748,52.92441107923697,52.98189308236035,53.041069555782066,53.12588481991668,53.20670056814961,53.27426399498951,53.334875786030985,53.40011134985864,53.479159724568675,53.55747528582676,53.63853297164783,53.69149088453037,53.75928809386863,53.82121676334571,53.87917543975804,53.93380788000672,53.98404593369464,54.02854827877719,54.067808518025956,54.10430438839102,54.12926536969935,54.164617756510815,54.19431900434417,54.218794450528286,54.225231176663414,54.23072130236673,54.24994000444578,54.292071722689236,54.34726609789275,54.40382764710149,54.45927149255572,54.51447360993916,54.588293396714676,54.64471084654376,54.67356521233599,54.722459755375034,54.77069950910113,54.819672087778855,54.87389188766902,54.93575460437461,55.00308183685356,55.07029523256512,55.13963654826381,55.213831342766476,55.291431481839574,55.36948066380974,55.44484382738026,55.514162638266775,55.57481692732942,55.62933754511146,55.68083338035918,55.73236473099183,55.78706993443678,55.847930827832485,55.91737952477562,55.99430856426904,56.076412810082765,56.161541521359034,56.24814401458145,56.33865648531063,56.44113086792706,56.54900297254705,56.66329183498471,56.778387870255244,56.88135176769552,56.991102193902506,57.09780639443674,57.19187781396989,57.29778070437266,57.39921307276294,57.491017379986275,57.577959417671806,57.65463021048284,57.72588237152265,57.78581496010202,57.83420772661251,57.87170648022507,57.89966336149742,57.925465867108564,57.942509929713594,57.955831511976044
40.27182043289043,40.54660635018932,40.821676265950856,41.09346689919182,41.360180088591214,41.62016103992567,41.87080637871019,42.11020680385737,42.340643148419815,42.56520581521492,42.785535244265084,42.999081788832186,43.20130786126552,43.38864784429861,43.55849148009096,43.7000356015647,43.821649898624145,43.89215514519281,43.949519097603094,43.96275256342768,43.996256055416715,44.04016312436601,44.08949557419606,44.17370439215063,44.231068945113755,44.295308056647286,44.36625575232787,44.44581837451549,44.534465576542814,44.630476039971896,44.73078361520433,44.83084517770651,44.92524622102961,45.011352470037274,45.09334441383258,45.172126764506814,45.21648140990772,45.20549925943911,45.17482917634181,45.14455768136773,45.16151136328601,45.29204818842852,45.376059671788624,45.514632078927654,45.490359099680326,45.452154652936194,45.45570466149611,45.47398912738894,45.5138149961868,45.567659196538095,45.625824235803336,45.67319987149355,45.70611848815581,45.765224895446764,45.792491289087394,45.87909466915036,45.950981672802214,46.0065423762104,46.03484155343926,46.047239108690576,46.03977413693514,46.043525526862034,46.01518268434317,46.05665066704126,46.12773069371937,46.21884200147447,46.31958157137464,46.441371009314906,46.56129906493161,46.67930708359238,46.73753704539427,46.81217911577483,46.920795118092144,47.09313024307921,47.25243647965229,47.4053538554411,47.55918198555651,47.715499295249764,47.87220881002414,48.02582729533494,48.17374236308375,48.31512859062586,48.450879631342225,48.580488032843895,48.7001777395749,48.80334372093404,48.88345447942928,48.935858822230806,48.9564576642879,48.93951947932355,48.8933060052731,48.88455900500885,48.958085113062715,49.084960346427955,49.20051344537134,49.24951676892626,49.282239796506,49.30718874681368,49.350383331583416,49.41582017405218,49.5071403102051,49.5438582356097,49.57702440753393,49.57710353252183,49.57122906852722,49.598326304787506,49.624732621527095,49.62609844788083,49.66882249367472,49.76985724798238,49.884938461114814,49.98060768614226,50.078667923167636,50.174202029478565,50.26507848152849,50.36566760686252,50.486951494236536,50.61756557126455,50.760372550595235,50.88727201472256,51.05573404758752,51.176413585662786,51.2817211706052,51.3727286838227,51.504897606191335,51.56975367811724,51.63589790239016,51.67121747908217,51.66608093380577,51.64646763361148,51.66160543886858,51.64900769236183,51.62287263549804,51.588308001054834,51.549919953070365,51.545282727668436,51.5552879749788,51.57629035422308,51.60052237932151,51.621240989762356,51.64008534498575,51.64017608527078,51.609284313816026,51.52807754983019,51.441126602115375,51.358740929890416,51.33969289954637,51.33156200669841,51.37961575458205,51.395063466765905,51.372310572473936,51.32787521954364,51.28074052181093,51.2433654996659,51.19895161455542,51.27133623817397,51.46602999518021,51.57367693518114,51.645069290912915,51.53340368812871,51.482103133221685,51.570244212088674,51.64203053307835,51.709148750138304,51.74741682983269,51.7580732213311,51.732166054243905,51.70380408873085,51.70295093421309,51.71941391874027,51.73335724066722,51.75322813224023,51.768065634062324,51.77805111293092,51.81347383050633,51.85842278895566,51.88939226720661,51.897371007541025,51.94525953198879,52.035648323699036,52.13925191940773,52.236206641509895,52.34007803037571,52.441509971178704,52.51428496753775,52.55305701713192,52.59566514576729,52.671018928981766,52.73890931136569,52.80445714823436,52.861086277840954,52.920145627000984,53.006851106911796,53.08889650751592,53.1574530897173,53.2186775009037,53.284413176484705,53.367829932530604,53.44594171560576,53.526624349679814,53.57476259140689,53.64224720372974,53.704165183803596,53.762040955479236,53.816239772692285,53.8656315678894,53.90905050931831,53.94741581567909,53.98370967681519,54.01488993243622,54.05129149949927,54.082145310674534,54.10160183291021,54.1082690578675,54.11358735111026,54.13260906482601,54.17485475593015,54.230357791575365,54.28735567325606,54.34299511874226,54.397997683094964,54.47521727209875,54.53116939259158,54.556600894670076,54.60575895293335,54.65423294764759,54.70322679042777,54.75718314507645,54.818494001950725,54.885008005285044,54.95125423794709,55.019729513925256,55.09344275384676,55.17100547006164,55.24937634166865,55.325318731677044,55.39541192652797,55.45695601012582,55.51230478679875,55.56440555138071,55.61623834290195,55.67098724489627,55.73174047342223,55.80105065063035,55.877826896265,55.95975964273428,56.0447426511057,56.13130415745422,56.22181360935078,56.32421988315639,56.432751127953985,56.54825506007586,56.6643824663589,56.76682667381334,56.8750821379383,56.98132325868426,57.07503458876998,57.18018853657383,57.281298345426706,57.37350732506333,57.461343145111385,57.54491855887896,57.61701519423991,57.67763522816575,57.72648205453385,57.76414756576335,57.791941281785256,57.81148630203656,57.82797593546173,57.84035702442679
40.17400370974689,40.44753132676733,40.72142657141051,40.992282928415094,41.258205524129394,41.51748106356337,41.76760644351962,42.00679015538476,42.23726163283733,42.462071585247486,42.68281946586374,42.896742902395424,43.099163400014255,43.286396842439565,43.46257525028809,43.5947532528585,43.706637946321614,43.78576851553347,43.84131801379215,43.86318584079801,43.8948718064891,43.93414381086297,43.98322259031679,44.05611695672644,44.117170661079825,44.18237398782556,44.253280965290095,44.33235778160927,44.420331997410486,44.51553113555334,44.61496722047229,44.71426780059048,44.808318588836926,44.894653691656885,44.9766558549048,45.05500024943438,45.098657137110166,45.090414960046104,45.056474405994145,45.021598393645895,45.03646383325989,45.166384217284154,45.263279823095516,45.398657945980176,45.37851328377661,45.335538064534845,45.33775011762264,45.35594974778264,45.400898401195676,45.45031665916719,45.5085853108044,45.55579607807456,45.58916608662523,45.651983541405244,45.67689826537294,45.76180717676121,45.829355998657164,45.882092513403826,45.909325536859114,45.9258692293738,45.91905608640319,45.92786582429839,45.89883030101673,45.94060361780394,46.011917759360564,46.103811061536405,46.200980429257235,46.32310839041788,46.443836718905075,46.5627633163105,46.62119026654157,46.697626180994874,46.80327098345374,46.975535776172386,47.13461041312185,47.28731267737585,47.441212224288286,47.59789846812714,47.75508872156422,47.90913038418464,48.05735326883954,48.198940095583005,48.33481735271884,48.46446214603614,48.58408771467892,48.68698187009349,48.766526721023894,48.81832112367087,48.838769336953824,48.82204488498794,48.77605629890872,48.76758188103781,48.84155348266565,48.96923494575611,49.08517190601472,49.133015346086836,49.164931567755424,49.18955029593915,49.23219229737808,49.296535616669296,49.37708045388008,49.41026152516699,49.450243670180704,49.455272255177114,49.44601216222067,49.48021664092933,49.50768472997496,49.493924500110076,49.53585918846562,49.64409768939283,49.76346938815355,49.86119649707032,49.960587304490495,50.056962011677264,50.148119152514006,50.248289164296416,50.36902546152286,50.49933144157918,50.6419583272062,50.76577285592928,50.92042124615875,51.04103023872554,51.1490651744014,51.25538995415179,51.387815934516546,51.45115933289013,51.515667277579865,51.55003127283888,51.545481236561685,51.52605093606329,51.536476655408016,51.5129026589797,51.48245270639338,51.4520244645918,51.431725524004236,51.42764114821136,51.4375245665789,51.45796585753996,51.48249968076275,51.503480709931296,51.5223782203657,51.52257023846647,51.49024043209789,51.40876776246467,51.32159570494785,51.21570627919768,51.21747672060841,51.213808688076185,51.264421029697274,51.27999755342477,51.25247796201963,51.20906396286505,51.162842394135396,51.1221612248192,51.07243615129538,51.1505504546092,51.3506984835753,51.456304521453916,51.52732670043737,51.41548392652309,51.36462928588415,51.45372880450236,51.52591630451434,51.59264333697951,51.630542910192176,51.64527712843771,51.619533504920156,51.586641888842756,51.5853949212467,51.60594157155092,51.619787675179744,51.63522889702374,51.65012709851069,51.660334748817085,51.69610596328654,51.741484757727164,51.7728842635076,51.779722730144876,51.82623546811917,51.9183031547828,52.02245233416068,52.11878380774174,52.221772477646255,52.32243287620679,52.395138810320034,52.43464393735808,52.47780462351989,52.552775170991744,52.61982063225263,52.68456720800336,52.740352750255866,52.799296811527775,52.887563544568735,52.97052228103385,53.039854930919795,53.10162609679051,53.16774714501178,53.254495524016136,53.332245198389295,53.41243550233058,53.45712662896745,53.52449316092836,53.586582325942274,53.644545377568996,53.69846647726015,53.74716308651198,53.78964659052383,53.82722120007794,53.86329512814871,53.90016665007804,53.937281907068375,53.96894636117982,53.98366853612042,53.99064323721814,53.996005729902585,54.01502227269585,54.057432825343525,54.11322137931811,54.170588536098776,54.22628721681075,54.28088799171865,54.36026183789805,54.415686891122014,54.438913703566904,54.48848118312922,54.53738447029536,54.58662184712109,54.64052917558928,54.70144485569788,54.767220545001294,54.83253185060744,54.900120600660024,54.97324938532821,55.05060732618872,55.12910374322193,55.20543189466686,55.27613416689659,55.33845124340362,55.39455648934896,55.447227523023045,55.49935193416702,55.554143165362696,55.61477675705675,55.6839007997701,55.76044439252732,55.842128893160734,55.92693531874134,56.01349461892492,56.10410178755838,56.20653097954794,56.315704276924684,56.432327421951484,56.549410458951776,56.65142370199695,56.75834180053012,56.864221747267536,56.95766300192012,57.061919604876266,57.16253824883867,57.255022707461954,57.3435917457806,57.433364337836366,57.50615021013953,57.567333883427004,57.616560542770806,57.65438203798396,57.68207348023033,57.69592157931553,57.71200611134113,57.72378724986748
40.07101975022779,40.343250997531854,40.61586820970034,40.885683418251084,41.15073213754309,41.40925971480502,41.65888626879717,41.89795032039007,42.12859579980244,42.35379844492127,42.57509587723768,42.78951139884012,42.992236124589155,43.17947227133248,43.36144189149898,43.48514213541898,43.58779218766926,43.67529799788346,43.729274064289996,43.76018591054062,43.790389658287346,43.82534581192296,43.87431240622538,43.93582402052082,44.00078417332195,44.06718256167581,44.13830214338908,44.21714007804508,44.30466310299523,44.39925039064586,44.498009047057785,44.596759055825196,44.69068240711271,44.77744486553866,44.859590276023376,44.937549650054336,44.98087151134041,44.975621261717336,44.93903261514305,44.90005686041838,44.91281254206652,45.04122646552663,45.14980225338205,45.27956007421175,45.26506393081236,45.21884364882637,45.22010941499637,45.23858171633537,45.28806102491225,45.33380912040359,45.39198524026628,45.438884326248534,45.47269921970207,45.53831390432003,45.56194890576499,45.645331665822454,45.708923135234585,45.75878995013343,45.785075514184115,45.805602718526295,45.79984029037723,45.81355998737108,45.78448797661076,45.82611822288025,45.897404000851374,45.989834700754166,46.08368031579868,46.20559539773829,46.32666423668093,46.446117476855974,46.50453879642456,46.58180480793164,46.68533983885706,46.85745319302368,47.01634039947529,47.16889879017992,47.32289651102389,47.479921617870055,47.63753270775361,47.7919281094172,47.9403818671112,48.0820806343682,48.2179798799104,48.3475139249735,48.46682785922235,48.56919756354346,48.64800628387925,48.69914638333277,48.719568653398234,48.70341822322319,48.65823670212038,48.65044998363309,48.72484191577841,48.8530613799579,48.96924254078462,49.01622521541762,49.04766126256548,49.07220346518165,49.11440136813285,49.17767940331546,49.24593120209951,49.27508126136183,49.322898434545166,49.33461110875419,49.32254058160691,49.36286353959769,49.39129876393372,49.36417575527412,49.40548959454133,49.5198940411484,49.64282133263406,49.742319000189354,49.84283483643592,49.93987820182071,50.03113376031112,50.130727239597604,50.25081668520087,50.38080490553844,50.523310986446035,50.644586728379394,50.78557599547854,50.907633054839884,51.016525206800694,51.13852692017312,51.2709332826705,51.33278730775166,51.39557352776218,51.42890969876951,51.42494282858482,51.405807544370575,51.41167257161069,51.37776490607747,51.343582438632644,51.31748917151458,51.31418430860567,51.31068907557261,51.320513535582364,51.34053089740439,51.365590839734914,51.387036272686935,51.40599342309815,51.40644735647459,51.373251672173424,51.29200002635036,51.2048145221812,51.07713118509059,51.098017456223864,51.09835542426945,51.15071028260345,51.16591153632755,51.134098871830034,51.09179852398832,51.04665038047084,51.00319321554784,50.94961500516212,51.031670446223,51.23514007664806,51.33930931992186,51.40982204259776,51.2984050459594,51.24857691095487,51.33864709701527,51.411358589881964,51.47771840522715,51.51509437232549,51.53279244396207,51.507047297919144,51.47045238866568,51.46873876872953,51.49250370883505,51.50631243199671,51.518166207514625,51.53319508676053,51.54371534762845,51.57980038379695,51.62556167421128,51.657502601452826,51.66381914623781,51.709288170823854,51.80228633652448,51.90635479413427,52.001814808993565,52.103788999729616,52.203603848603606,52.27634321642705,52.316791362033925,52.36063809460949,52.4352876347114,52.501598893793876,52.56554580949831,52.62054164332728,52.67938173401668,52.76881678200013,52.85232804391385,52.92218523092507,52.98435405219882,53.05059726065852,53.13961284562424,53.21687919733331,53.296482981578826,53.33901147840052,53.40652329827266,53.46905685978487,53.52733642974158,53.581176548695886,53.629369977232,53.671110927485614,53.70803747553127,53.74388672770511,53.78561935763408,53.82307830908825,53.8551724225934,53.865697601947744,53.873053985293716,53.87868917181978,53.89790142855031,53.94051912948831,53.996537847447776,54.054104349231736,54.10958807598618,54.16355540723692,54.24394238193781,54.2987922596582,54.320932928522055,54.37103949604789,54.420545504326434,54.470229400295196,54.52430462700122,54.585052216900316,54.65030855649562,54.71484618263885,54.78159751242799,54.854064273858505,54.93105187895589,55.00946812972875,55.08597156978336,55.15709466097962,55.22004075556907,55.27680386560331,55.32998531152318,55.38236077159413,55.437143408600654,55.497571056921736,55.56639174391124,55.64258848418569,55.72394473111781,55.80854776675053,55.89514183778762,55.98593779868147,56.08848404745754,56.198282739054434,56.31591154417769,56.433861281032996,56.535524416490404,56.64129722671633,56.74707262230153,56.84045007453409,56.9437163306368,57.043685307436775,57.136306250778844,57.22542934449647,57.3203801256379,57.39368538070855,57.45529414300112,57.50481409880097,57.54277358258087,57.57042404134805,57.57942632402849,57.59525916857418,57.60681036699863
39.963355647603045,40.23421925497157,40.50543624762634,40.77410521518724,41.03821867910651,41.295982396958614,41.54514994338847,41.784197007475115,42.015149754814665,42.240876045588834,42.46283414256825,42.677842856896056,42.880988157799656,43.0683694622331,43.25530022429542,43.37187467044985,43.466222009595654,43.561466011558814,43.6141670484212,43.65414039129426,43.68322780026725,43.71425759850931,43.76324223836527,43.8137695201876,43.882677861880225,43.95043852785026,44.02199348389246,44.10082103934488,44.188100676148856,44.28226130452954,44.380515656165116,44.478886881251725,44.57284730906845,44.660182818484145,44.742626574519356,44.820375780839576,44.86376566507086,44.86161326210074,44.82313593849865,44.780653799366156,44.79130120122051,44.91748131504975,45.03603764091867,45.158104692166106,45.150457536087046,45.102469770657805,45.10336240590412,45.12242424141264,45.17566417042113,45.218458444794344,45.27635089323432,45.32281349570733,45.35707526021351,45.424647176368374,45.4479792485722,45.5299888979252,45.590180806333194,45.63757286498754,45.66305337259195,45.68725189334379,45.68291385646135,45.701070495405055,45.67241523842484,45.713463026347036,45.7844750899499,45.87721808198528,45.96803559670043,46.08925572682068,46.21018556012032,46.32972937331607,46.387957055331896,46.46519930433504,46.56741571550351,46.739292992626815,46.89802835755155,47.050506770762716,47.20462552408712,47.3619584592141,47.51993025638552,47.67460945976237,47.823216364061295,47.9649370193715,48.10075285711264,48.23007168835424,48.34897844027382,48.45067424518069,48.528623359502014,48.57909898915967,48.599621597267,48.58437986678,48.540527917208884,48.53367715187623,48.60844661565897,48.73701664109994,48.85333440660496,48.89969018316809,48.930861238583475,48.95551746599291,48.9973741752754,49.059641086499425,49.11453271645143,49.13930065528911,49.195678078493565,49.215888623501144,49.201753099678335,49.246857271335976,49.276141300182104,49.23813645357163,49.27904730930314,49.398268961948226,49.52384472265022,49.62470111245932,49.72596625110716,49.823346701579894,49.91447799481459,50.01336343729998,50.13272655920588,50.262391610482254,50.40482648488583,50.524073854650304,50.65183628279369,50.77656743124701,50.884772161124275,51.02244058259806,51.1546398526834,51.215183609395446,51.276371224973985,51.30866166304004,51.30525839879402,51.2865364436731,51.288155912338084,51.24501214352001,51.20789982128605,51.18617485170022,51.197994215094255,51.194988434359196,51.20471926480804,51.22440793180991,51.25017265507395,51.27222659300115,51.291232088790906,51.29209444518195,51.25859553760168,51.178247920717645,51.09154152160394,50.94517812839593,50.982173192198935,50.98584396383823,51.03890969320516,51.05327109520758,51.01785030156454,50.97661441808596,50.93249802524584,50.886742115971664,50.83066673354442,50.91501809643417,51.11981603307957,51.22307099474576,51.29294647587409,51.182559134192395,51.1343148628275,51.22534658318083,51.2986737417935,51.3646692191601,51.40136498961591,51.42098489085565,51.39508301531641,51.35558223829694,51.35336928717176,51.37948745615191,51.39331161967703,51.402463796998724,51.41770674246189,51.42857834977169,51.46489938262384,51.51096008512207,51.54352658998854,51.54989106481862,51.594627241037074,51.68787483585714,51.791299568841765,51.88566869989407,51.986507402309186,52.08540473715979,52.15826302578787,52.19983737260639,52.24448954844082,52.31890973364051,52.38475151931051,52.44813122485481,52.50248895825051,52.56124609667233,52.65138998588722,52.73504122214252,52.80510831224757,52.86728580237604,52.93335135226907,53.023662447253834,53.10034440253819,53.179284446178265,53.22082715339975,53.28872549807599,53.3519840548959,53.41086885919272,53.464903628806475,53.51286003816085,53.55411305988699,53.5905765722425,53.626208609795555,53.6717319740952,53.709139542005296,53.741255327724595,53.748289435339416,53.75607055204676,53.76217609666598,53.781760432018004,53.8246095649316,53.88074603467762,53.93826177811026,53.993265124591346,54.04640376069866,54.126774536627124,54.18101441572327,54.20308785903119,54.25384693776817,54.304106942804104,54.3544155801371,54.40884961377274,54.46963077627755,54.53458917109097,54.59859084353401,54.664691418615185,54.73654718800012,54.81307469023246,54.891230958679394,54.96769543537546,55.03902756731893,55.102416332220116,55.15967654936344,55.21322686253877,55.26572756157065,55.32038609940378,55.38049894334245,55.448907851989205,55.52466218323828,55.60562577881305,55.69000726823187,55.77667205000446,55.86773763184386,55.97048140138285,56.080880413162646,56.19939758428489,56.31811994354213,56.41950542389164,56.524309401640046,56.630225644981834,56.723793765768605,56.826085752617765,56.925312743632254,57.0179447054578,57.10743967060104,57.20637322946883,57.28002204763074,57.341912289082416,57.39163516618665,57.42971067480901,57.457376567143804,57.462604795782305,57.47837557373543,57.49008723466921
39.851497880646136,40.120907660988856,40.39062849964146,40.65808213064536,40.92122217085744,41.17821671232252,41.42696596276837,41.66609170999746,41.89747421280315,42.12384328520089,42.346560368119015,42.56224801334287,42.76591314825168,42.95358071803854,43.14442995020308,43.255613904897,43.34303621368853,43.44499497587555,43.496776765510226,43.54543690169771,43.573804421884624,43.60136764158541,43.650489303179924,43.69089739238069,43.763620106794775,43.83284663600115,43.90502918406142,43.98404211727732,44.07121402018233,44.165056724235924,44.262924914083726,44.36105411243754,44.455196564118296,44.543237378960995,44.62612344213365,44.70386262133089,44.74771101731471,44.748710009740456,44.70930501195062,44.664109928170134,44.6726735222365,44.79605514774729,44.922365194031194,45.03506282467664,45.0351418086807,44.98675041576131,44.987828080037204,45.00776285560544,45.06403828878496,45.104553978072936,45.162002836010544,45.20793246614279,45.242651580986724,45.311414549727594,45.33532533210321,45.41609643992533,45.47341141365986,45.51886086227708,45.5439429414341,45.57146024330662,45.568720848527754,45.59065359732621,45.56281695172065,45.60289589893633,45.6734022841961,45.7662289983333,45.85428919187687,45.97436711747605,46.094709969477115,46.21393895511163,46.27181946355226,46.348293977955024,46.44991264459451,46.621465673975536,46.78007620618963,46.93253119603368,47.08678994180179,47.24439870689493,47.402670855253106,47.557563423949894,47.7062449658524,47.847896062982954,47.9835202976216,48.112514941724925,48.23093980615873,48.33195762583466,48.409072419374226,48.458935150564216,48.47968588385526,48.46561366863536,48.423358158727545,48.417585226068375,48.492687945782706,48.621451854827264,48.73783228259791,48.783740508751386,48.81484718655222,48.839813649543174,48.88144911999916,48.94277816922095,48.9837503183578,49.00397615537005,49.069290700016786,49.09948357745028,49.08414109865858,49.13267799689487,49.16271515520109,49.116731584113104,49.1573533229385,49.279878076695994,49.4070728416443,49.508710208196675,49.610281823968585,49.70768400442488,49.7985025049214,49.896579361937356,50.01515647747327,50.14449720375055,50.286900779096655,50.40459445731935,50.519840095351036,50.64817876518799,50.75447693069346,50.90743092321122,51.039244190872836,51.0986652523419,51.15852906439127,51.18997893444529,51.18716033177166,51.1689868651011,51.1668750605478,51.11602593482675,51.07691775362839,51.05917678683904,51.08352935768842,51.08084157777638,51.09044424704311,51.1099052034987,51.13654027248823,51.15933847167312,51.17839224466368,51.17979768387102,51.14651082892415,51.06770067361664,50.98210573670135,50.821564255684216,50.87073296699485,50.876717735855415,50.92928862151904,50.94240266714159,50.90407908365831,50.86380362177337,50.820677746623524,50.77308857021047,50.7157698938309,50.80091528866146,51.00518761155096,51.107969210086345,51.177091158746364,51.06833827897678,51.02221199589573,51.114174756552444,51.18817811286115,51.253791043057184,51.28964725523027,51.31021901732115,51.28401509683104,51.2423465927054,51.239604350948476,51.26727090225861,51.281149217720554,51.28841007060381,51.30393952944541,51.31519749214385,51.351683139192346,51.3979672362736,51.43123524702351,51.43816929488614,51.48246227969307,51.57534561971378,51.67762692779647,51.77071453507188,51.870307491068345,51.968217371451146,52.04126187738255,52.08411858629031,52.12967883392361,52.20394356051519,52.26955327786653,52.33268040182515,52.38671416713163,52.44541330683608,52.5357667671672,52.61910696465704,52.689009205444215,52.75076723944009,52.81639468475282,52.90712487880385,52.983141504104324,53.0613575548827,53.10298366765881,53.17148362162168,53.23571496822924,53.29546330453043,53.34995364669761,53.397939529617894,53.438964821088845,53.47515383711237,53.51057833799828,53.558838007308694,53.595820032619706,53.62757201012405,53.63179569107549,53.64002599207809,53.64677232874905,53.666885860271016,53.70998880912481,53.76614034214658,53.82338707639967,53.87768547468174,53.92983688315272,54.00927393437506,54.06288227684034,54.08580778458988,54.13731655436885,54.18845967879164,54.23954651683369,54.294504250364305,54.355493592478695,54.42034765487392,54.48402469011802,54.54965289289084,54.620979301699506,54.697018658758246,54.77479590949428,54.85103922826381,54.922363232961445,54.985971604362454,55.043526754491516,55.09728180342481,55.149781975149395,55.20421573573094,55.26392389313495,55.33183279484918,55.40706850168317,55.48759065845397,55.57174109628409,55.65851149153752,55.74991727616926,55.852925355821526,55.963891198068616,56.08317569980345,56.202571457418614,56.30374333079855,56.40773930234444,56.51400804027788,56.6079890589481,56.70932758983232,56.807738697536564,56.90026599067889,56.989959547150995,57.091741698797016,57.16556710585462,57.22760409031671,57.277446537107885,57.315619255282876,57.3433544275614,57.3458584560084,57.361804122684276,57.374042569321304
39.735927340866894,40.003822560941124,40.271982200679226,40.53817013503413,40.80030878638823,41.05653340317301,41.304903791672004,41.54419626178165,41.77612014656123,42.00323967655704,42.22680300946934,42.44324449355267,42.64751594393088,42.83559521090247,43.02934940806139,43.13688878084278,43.21913211054947,43.326588170685845,43.377881702063355,43.43446306038973,43.46253771259527,43.48716441211465,43.536530817112805,43.56815157375396,43.644379288105675,43.7151091846949,43.788024172644185,43.86726703505874,43.95438792558074,44.04800890934714,44.14561385624219,44.243641762985156,44.338108667365326,44.42697777109105,44.51043690911691,44.588346097993714,44.63300445368702,44.63719441033516,44.59779475818976,44.55109395730259,44.557673216629134,44.677829530213145,44.8091626151373,44.91120549657676,44.91956445767342,44.872019565458125,44.873796130820736,44.89486560852112,44.95351380062579,44.99238506597289,45.04926163489705,45.094590117246774,45.12978555484884,45.199047216574904,45.22432319466668,45.303971858678736,45.35889381135506,45.402889366493085,45.42797943213603,45.45848731074461,45.45745799494968,45.48254367418224,45.45589798175988,45.49467471138014,45.564456841129974,45.65713524290176,45.74268397328187,45.861206002981994,45.980546571741684,46.09908617166352,46.15650044137434,46.23157313654151,46.33324465733145,46.50438173606358,46.662885864228485,46.81536664290227,46.96978044249163,47.12763207564818,47.28614399214953,47.44117899070951,47.58985587864711,47.73134457759261,47.86666621473334,47.99522318224567,48.113084340390316,48.21341995304931,48.28980235661872,48.33920694171334,48.36031049240501,48.34752297709281,48.30704235417753,48.302486592063765,48.37787861909414,48.50667852241714,48.62304609538103,48.66868731316102,48.69993402323989,48.72541336700271,48.766964603497584,48.827448154479754,48.85444932924064,48.870164213724,48.944445847712714,48.98561950388872,48.969860555105384,49.020602846457265,49.05131426935671,49.00008640568704,49.04047655315809,49.16487606111216,49.29271397003707,49.39458622666882,49.49606152241013,49.59320656081457,49.68355793952853,49.78075661804359,49.898507833938375,50.02752733268324,50.169929825649575,50.28650875896388,50.39022542039741,50.522812453903974,50.62631040882945,50.79379792379721,50.92505480508525,50.983534154435574,51.04232586765201,51.07318265004793,51.07101991988825,51.053542084887326,51.04840784334514,50.991500090000315,50.95113389320665,50.936684847906655,50.971034282465986,50.968524587292514,50.977987119363156,50.99733032957994,51.02498882387302,51.048658709502064,51.06777191793622,51.06984325182423,51.037236346682256,50.9605378387975,50.87662922389863,50.70640197680328,50.76398102873161,50.77115161277645,50.82210585127014,50.83360547317188,50.79304176465845,50.75364146913441,50.71148196276701,50.66251322238409,50.605103043410345,50.68968390632372,50.891716070743314,50.994383630104366,51.062647249694564,50.956134568067306,50.912637164553196,51.00547911068351,51.08018805569725,51.14537914119734,51.18023366233538,51.20085937156133,51.17421798218216,51.13106060685997,51.1277618290377,51.15623213591236,51.17018920462609,51.17629248153159,51.192168868702886,51.203846297841444,51.240431832927584,51.28687037347996,51.32090759046661,51.32888464543924,51.37300288772607,51.46497565502744,51.565677140511696,51.657321369155746,51.75556907169053,51.85242358105346,51.92570341019112,51.96997162030045,52.01652579996759,52.09069120807149,52.156269618022414,52.21941418764738,52.27341208732271,52.33206989632916,52.42216535078656,52.504779352068354,52.57417851365644,52.63514411008248,52.700112523019136,52.79048069017322,52.865771192132065,52.94321996644574,52.985891034871344,53.05518153019311,53.12060065673879,53.18143769504366,53.236614324435074,53.284868810742275,53.325901839994515,53.36198716998611,53.397212041101575,53.4472355429803,53.48345187941149,53.514489229095965,53.516531075385075,53.52522860932019,53.532767512518255,53.55355274324483,53.59693281846724,53.65301324185679,53.709806497765314,53.76321623831293,53.814258605647986,53.89195620759069,53.94492476053254,53.969521994693764,54.021861391928745,54.07399460535237,54.125988340571986,54.18160865123638,54.242953724152834,54.30786927393102,54.37140614178875,54.43671824732693,54.5075843572646,54.58310531826543,54.66039194274804,54.736245852848505,54.8073605142144,54.870982142971464,54.9286477782265,54.98246046866729,55.03485103484693,55.08897681547329,55.148209383115194,55.21555024333622,55.290210451518554,55.37025799224816,55.45417652400585,55.54108639834899,55.63289272078144,55.73621822527128,55.8477089925917,55.967636048263714,56.08760083360195,56.18861474380905,56.29194790587268,56.39874703315904,56.4933308115067,56.59373447244793,56.691261834443,56.78357363820594,56.87330072208241,56.97688264448883,57.050727966706766,57.11278690533781,57.16267328954594,57.200928377967564,57.228785832697696,57.229537730314064,57.24587900683331,57.258980191482586
39.61712193843597,39.883474362514086,40.15003519657999,40.41492519876223,40.6760446992912,40.93150321178634,41.17953289483452,41.419072496652205,41.65163852888221,41.87960473245686,42.10409052219853,42.3213499228976,42.526301406218735,42.714901968570636,42.91062710438158,43.016128069570925,43.094882597755024,43.20674957226791,43.25811859933067,43.321609153955855,43.34984453207422,43.3721348315672,43.42184316969933,43.44646491265301,43.525685184801176,43.59777969885149,43.6713596889418,43.750839292141194,43.83797825187569,43.93148585836022,44.02895943648406,44.127030846497085,44.2219621139126,44.311773218996166,44.39592300571983,44.47416213729343,44.519942857278245,44.527349369583504,44.488821365373106,44.44188811247294,44.44695494931113,44.563278063326024,44.69680760665477,44.78730373269989,44.804173192145235,44.75861120106941,44.76155625167978,44.784000549767,44.844421126565656,44.88224105422773,44.93844785619591,44.98313532871112,45.01883455462704,45.08797636908763,45.11530887457125,45.193932721041264,45.246906853559246,45.28989358220887,45.31535732881753,45.34853954166628,45.34931655791536,45.37697510702077,45.351863193804206,45.38905733441053,45.4579100182915,45.55020460879421,45.63346281286917,45.750048816616115,45.8680044739044,45.98551097239264,46.042374409086754,46.11552108784443,46.217825784915775,46.388451677884696,46.54685925050705,46.69940768827787,46.85398770448048,47.01204828020945,47.170739154867974,47.32584514877098,47.47443730860797,47.61566937559047,47.75057462174389,47.87857590707651,47.995784426481826,48.095422414583474,48.171158809736,48.22025297826085,48.241824800225395,48.23042428315414,48.19189489408251,48.188693635716646,48.26433134853792,48.393008145146815,48.50928571945874,48.55484171739047,48.586436665414595,48.61263796954171,48.654259026964056,48.71400854527561,48.72749507052196,48.73892128247039,48.82185307017934,48.87451953582862,48.859059321801574,48.91088706550584,48.942189876911634,48.888218247719685,48.928425944308835,49.05338156596222,49.18096162714425,49.2825689541095,49.3835853138217,49.480230821207876,49.56999494753297,49.666276810152524,49.78318202253653,49.911887644620265,50.054309581115675,50.17017698216128,50.26363024517958,50.40081389463609,50.5009434888535,50.681841566140655,50.81238020316711,50.870092233521,50.92803703835421,50.9585208178947,50.95707465123064,50.94042204271836,50.93293740792404,50.871512092539206,50.830552756124625,50.81875595061014,50.860753192447255,50.85831354437594,50.867646518843664,50.886990927162735,50.9158134411236,50.94047410728716,50.959669135828236,50.96251732832401,50.931010891417486,50.856938970010454,50.77523270892426,50.59944236827983,50.66197751627743,50.66930137544211,50.717620166183494,50.72717873434074,50.684994888897634,50.64640329425298,50.60520309183946,50.555296716612325,50.498844739671384,50.581645832839676,50.779862669337746,50.8826939189606,50.95000590719869,50.846340089218685,50.805959223193554,50.89960713912743,50.975019922913994,51.039728777859416,51.073416704098086,51.093270501778846,51.066066111088816,51.022039435729546,51.018159590417554,51.04674924587028,51.060795558892515,51.06639848298378,51.08267018122608,51.09479828996094,51.131425643254694,51.17795674255519,51.2128226382267,51.22226792547667,51.26645866607031,51.357041908731176,51.45579047650069,51.54585825677434,51.642671949859086,51.738405195542484,51.8119512631936,51.85773309185165,51.905350295482485,51.97945476904547,52.045165988338624,52.10855326072159,52.16276276818866,52.22138655660204,52.310794535148396,52.39230885293759,52.4609067657703,52.52076216099467,52.58489013197736,52.67421043126086,52.74873415672177,52.82538933962117,52.869959268731016,52.94020308507364,53.00699217737847,53.069109960021336,53.1251733840846,53.17390824067325,53.21515974550723,53.251294470708885,53.28632584789368,53.337222666815734,53.372367180860685,53.402373743944516,53.4028102944973,53.41198670770553,53.42045129242285,53.442036110874945,53.48571754935819,53.541657205810374,53.59784629587248,53.650224527540374,53.70007275923331,53.775336988683094,53.82767078432296,53.85465977883841,53.90789449652663,53.96110261554953,54.01410718153892,54.070502930849464,54.13232422994904,54.19743929434879,54.2609936179441,54.3261237939954,54.39658609700337,54.47155616698533,54.54824683575729,54.62355560628239,54.69427633312578,54.75772322493432,54.81533291780728,54.86907319275223,54.92126176317976,54.97501383652192,55.03371889009924,55.10044386829549,55.17449104474258,55.254046402403134,55.33774082449584,55.42482300640096,55.517079954804174,55.62076232422977,55.73272769555122,55.85316878719614,55.9735930830316,56.074496269521056,56.17729618926794,56.28476984859483,56.380113880878405,56.479599030632066,56.57618081964478,56.66817117980279,56.75777494333128,56.8621931774107,56.93591204151373,56.99787809277959,57.047740501482025,57.0860670968282,57.11409899264957,57.1139930443059,57.13093287599182,57.14520294301761
39.495559555589736,39.760373473393486,40.025325333184185,40.28890329223836,40.54899608315866,40.803696880438764,41.05142273699108,41.291282248433646,41.52458033255941,41.75347796569997,41.978951361885976,42.19708192674979,42.40277439649674,42.59199001878885,42.788831545674924,42.89375813652103,42.97058068544389,43.08586479337954,43.13785766009348,43.20728040023231,43.23612172447884,43.2567084561048,43.30685613081104,43.32643936835068,43.40795758582323,43.4811801164497,43.55535938399914,43.63510011895201,43.722340858598734,43.81585556977219,43.913338608652886,44.01160237657585,44.10713539886319,44.19799294679814,44.28293776219307,44.36164666569543,44.40882311117885,44.419457793184186,44.382601021657614,44.336600563121564,44.34072021167778,44.45254042418726,44.58567787100131,44.664128557879415,44.68941572117624,44.646859303916386,44.65139813603944,44.67543572895042,44.73709068722662,44.77441128857092,44.8298820662092,44.873916980227676,44.910155953148475,44.97863319944304,45.00861841012557,45.086296593868795,45.13772939441287,45.18010871399778,45.206271115598426,45.24182338208017,45.244487799613005,45.27418227688944,45.25091745311533,45.2863016387595,45.35403307322064,45.445704889114246,45.526868582592684,45.641171991656044,45.75739278295565,45.87355330671983,45.92981578697824,46.00062213961371,46.104070058548885,46.27408599843258,46.43239828386433,46.58504890906994,46.7398024060921,46.89803703531439,47.056845831201635,47.211950886864024,47.36037746189758,47.50125726936663,47.6356295319493,47.76295261337759,47.879412447946464,47.97832619819596,48.05348705959633,48.1024018315107,48.124547741344536,48.11463405179085,48.07823016896617,48.07651874288122,48.15235884705859,48.28075222429354,48.39686102933547,48.44251484243323,48.47467002984453,48.50180880833047,48.54367079159208,48.60281684460829,48.603752863623725,48.611303813728625,48.70222191601456,48.76640680628212,48.75188525152992,48.80378589952326,48.83559321212858,48.78114443963723,48.82121044073758,48.94551324201165,49.07200933228163,49.17289817675239,49.27313316559326,49.36907323606365,49.4581641778317,49.55352154279802,49.66958043720308,49.797983786901575,49.940436002065965,50.05595934948893,50.14069255694441,50.282528484625466,50.379047064086876,50.571861832026194,50.70152889296484,50.75864140744275,50.815937980095846,50.84624144603234,50.845561795518826,50.82984592240273,50.82062772874524,50.75611761886609,50.715175588373,50.70544701065665,50.75293029065259,50.75048453049502,50.75972108256021,50.77919461335627,50.809309256135315,50.835071465827596,50.854381925559466,50.858106092652804,50.8280732636713,50.757083621005705,50.678036917506645,50.500436506640675,50.56478155642572,50.57132280469312,50.616090349984184,50.62342167169046,50.58019500070864,50.54236443121294,50.50213355200402,50.45171969701502,50.39717354000279,50.47712295162815,50.67008866601531,50.77327974081579,50.83955828973874,50.73934693018569,50.702547026210496,50.79690633543762,50.872990067123645,50.93713521732229,50.96948887368518,50.98781695617649,50.95993392327014,50.915598234283024,50.91111550406607,50.939200320889555,50.953332259018666,50.959015528162126,50.9757188880068,50.988326991598875,51.02494474959876,51.07151358931336,51.10725940821263,51.118549943997344,51.16303921566001,51.25182134775804,51.348307205276804,51.436694252556315,51.53199593125747,51.62654404449402,51.700369075370055,51.74773961815873,51.796472169378035,51.87053633617318,51.936507837375586,52.00031829944801,52.0549462590944,52.11353397910522,52.20186311865591,52.28194593582585,52.34948449067178,52.40796713886818,52.47111277653687,52.5587946519657,52.63253108797383,52.7083833331627,52.75559838293148,52.82693214754663,52.895240587102165,52.958798028752405,53.01591854771197,53.06531817854997,53.10697416653031,53.1432936391259,53.17813588716292,53.22909746452074,53.26289803544732,53.29159231397389,53.290948054641234,53.300608591166664,53.310113312912065,53.332610993096885,53.37661895819695,53.432364706009494,53.487832724386514,53.539077454419655,53.58768317495756,53.659931910061324,53.71164926573478,53.741650426519506,53.79582891424137,53.85017460244644,53.90426916992144,53.961527203664005,54.02391816851642,54.089342982213836,54.153045537981924,54.21810584496823,54.28820826322373,54.36259270314926,54.43858836583867,54.51320878571821,54.58336761174361,54.646470127138166,54.70387547047279,54.75743031016573,54.80934118266444,54.86267129676792,54.92081589090306,54.986897340572106,55.06031329335338,55.139374511126434,55.22286127085269,55.31014755165561,55.402894967361156,55.50695996719468,55.6193412057665,55.74016407413107,55.86093321664709,55.961764514532476,56.06414512957338,56.17240371155463,56.26863312449727,56.367213894552215,56.46279431843515,56.55436214723327,56.643693958833595,56.74807040842904,56.82152674160204,56.883295011275926,56.93307325089739,56.97146446582986,56.99972211751388,56.999574823590606,57.017298379969,57.03301366579091
39.37171807456457,39.63503030126507,39.89839045633214,40.1606603858712,40.41972911158292,40.673685151406545,40.921142782876835,41.16138735095049,41.39549653038616,41.625398889085965,41.851913984110965,42.07095813048138,42.2774397761464,42.46734838930284,42.664531238452675,42.77020534713266,42.84651938375474,42.96431788624164,43.01743965065249,43.09188720854621,43.12175066537706,43.1412419420962,43.19192888119131,43.208297417202836,43.291467049493946,43.365612338112115,43.44034690886106,43.52039074591845,43.60783160528149,43.70148604208005,43.7991283265922,43.89773736682398,43.99400701732015,44.08600617861885,44.171837208787316,44.25113560966512,44.29994209847929,44.313802586835855,44.27934991520031,44.23533863966592,44.239026693881144,44.3457464694209,44.47615111059466,44.54245099694873,44.5757397538465,44.53709785532021,44.54361147732481,44.569439195678726,44.631852903230715,44.66918511473604,44.72388483123898,44.76728395148831,44.80410712324031,44.87144889981839,44.90458783963831,44.981381044017255,45.031640288056444,45.07376996643316,45.10091527659851,45.138545277994815,45.143162982230805,45.17439956483594,45.15326562495495,45.18666549515908,45.253097263457384,45.34390387696538,45.423144154406195,45.53485196137937,45.64902060588577,45.76355312406594,45.81919899533741,45.88736059959927,45.992391509432174,46.16169519670102,46.31990488313928,46.4726848821879,46.62761522565032,46.78598805569863,46.94485350894364,47.099885193718414,47.2480645446785,47.388495071311105,47.52221495864559,47.64873279830897,47.76434078829745,47.86249249164557,47.937132387069965,47.985982072766795,48.008798249790544,48.00046874797439,47.96636256935221,47.966274299411765,48.04227382760078,48.170222261134626,48.286081899515615,48.33201780928289,48.364949033297826,48.393247234539245,48.43553829857506,48.49423055547754,48.48408802996797,48.48836825961808,48.58626193381631,48.66150444826139,48.64848619707327,48.699554593992225,48.7317755092702,48.67888231086589,48.71883898679124,48.84138974002586,48.966050604765,49.06581368083124,49.164985045114705,49.26005025584081,49.348416279321675,49.442872420513915,49.55810447187338,49.68622140686709,49.82870504507159,49.944216083524175,50.02205034293869,50.168301621113216,50.26129202785081,50.46415870323847,50.59280938232491,50.64948359404538,50.70630409647486,50.73659254250754,50.736718622472786,50.72203290774898,50.711642780269514,50.64537234540353,50.605003635942424,50.59681494375328,50.647809780102264,50.64531362711807,50.65450944758832,50.6742490052697,50.705771400803386,50.7327375859226,50.75220831434961,50.756895724093056,50.728662263985164,50.66115134553346,50.58516257537429,50.40913546841254,50.47245227596981,50.47737168137027,50.517775186397245,50.52263350626337,50.4788986444242,50.44180021409819,50.4025657614238,50.35206280771199,50.300268001793214,50.37643714610791,50.56285531945715,50.66652075983068,50.731695555794715,50.63554717872302,50.60276942799767,50.697724193167474,50.774414840938476,50.83789372386487,50.8687426642635,50.8848632829569,50.856195858445204,50.8120521574893,50.8069474389613,50.8339634497273,50.8481632835034,50.85443107026836,50.87159041003681,50.88470592585176,50.921269331384934,50.96782815956856,51.00449691833323,51.017961510000056,51.06295413742942,51.14959093904101,51.2435675963533,51.33019841113039,51.42392082156905,51.51722195748386,51.59132048570053,51.64032781643649,51.69021127056396,51.76423800219074,51.83056061369379,51.89492998222674,51.95014260940488,52.00868285528918,52.095579899712234,52.17394106929423,52.240202217246924,52.29710479039447,52.35916572160703,52.44471390218668,52.51766267598863,52.59271960582404,52.64321839116643,52.71575257889541,52.785696942863815,52.85081983052578,52.90913753738292,52.959358983511635,53.00158073196702,53.03820257508237,53.072858287697564,53.12315802180104,53.15537654165146,53.182511698488256,53.181259062045996,53.191402563636004,53.20204321843518,53.225552419846146,53.269913001382804,53.32542821445628,53.380092036972776,53.430142131006264,53.47749368386961,53.546256604134484,53.59738912229107,53.63092322723259,53.68607769115168,53.74160145910636,53.796840435906525,53.85502158414045,53.91804859850405,53.98386560361267,54.047820321300115,54.11290071231738,54.18267459823367,54.256436424988486,54.33164431030882,54.40544568830881,54.47489127211587,54.53749812647023,54.59456873346196,54.64784215539375,54.699416315817494,54.752293694102434,54.809863862342716,54.875294331011176,54.9480802093491,55.026660940625604,55.10996513617511,55.197486270075046,55.290753747576225,55.39521346866368,55.507943422056925,55.629012066598904,55.7500062453879,55.85079608544122,55.952855703832185,56.061975847007886,56.15918339979736,56.2568716943758,56.35140099610738,56.4424500722612,56.53136951652541,56.63491144841025,56.70797947829824,56.769455019460594,56.81909661577333,56.85754953893765,56.88608341738752,56.88663349377485,56.90530816857408,56.92271520166704
39.24607537759683,39.50795525381453,39.769768411864256,40.030752450069436,40.28880995815631,40.54203876696593,40.78926249722693,41.0299496380273,41.26493809515578,41.49590701541443,41.723506844452885,41.943496159464466,42.15080240654918,42.34146610785841,42.53829468922609,42.645896066845395,42.72299170282623,42.842492903075026,42.89720533730843,42.97583999344315,43.00711232891461,43.02608723347917,43.07741472062762,43.09224067124822,43.17648317925363,43.25137826446134,43.3266459145724,43.407052403467844,43.494806351455516,43.588745273780816,43.68670554414557,43.785816830844006,43.882955464386576,43.976182138580114,44.06297737575322,44.14296489566789,44.193596702270014,44.2106666562372,44.179284234158146,44.13820967252349,44.14193202757502,44.243026055650944,44.36860502785253,44.42304207474127,44.46359299923606,44.4296608366021,44.438485968961004,44.46627899955925,44.52903819519998,44.56685187845654,44.62077671758737,44.66358512218488,44.701045437729725,44.76685466239096,44.80355320141812,44.87950363834247,44.92891838863042,44.97111254408836,44.99948429593757,45.03891167541874,45.045533367957006,45.077861351907906,45.05911257458471,45.0904067743413,45.155373846541735,45.2450693654512,45.32253240026355,45.431365159063695,45.54319704968515,45.65585037385187,45.71089845445299,45.77622077555105,45.883204168767094,46.051689771683755,46.20978096717086,46.36271018454117,46.517816841478876,46.67629105609778,46.83515167588719,46.990037058063855,47.13788676311331,47.27776959381395,47.410714915128835,47.536295959030745,47.65094183104806,47.748282482691145,47.82244007302719,47.87132227333311,47.894895259591515,47.88824483667621,47.8566064857643,47.85827269116248,47.93438900310907,48.06172975694726,48.17725820450362,48.223661738932854,48.257588592542625,48.287274599338254,48.33019994910644,48.38860718088313,48.36936589097667,48.371171072258164,48.47468267218253,48.560035594778604,48.5490100112144,48.59844839439539,48.6309880025992,48.58144919083185,48.621320526816675,48.74112971077033,48.86327896391012,48.96155525257972,49.05942091977601,49.15347833099821,49.2411019008999,49.334711047834055,49.44915552048278,49.57700615185672,49.71951266670354,49.83530740684435,49.908341590409265,50.0584787013405,50.14834927346654,50.35903216156207,50.48653017909377,50.5429207111734,50.59941079108919,50.62982211536705,50.630782401812525,50.617202182565656,50.60614653695763,50.53933194857416,50.50003814482357,50.4929166656072,50.54563586381663,50.54307691571349,50.55231025100352,50.57246172001217,50.60549500702318,50.63375926837134,50.65344632941841,50.65917240192721,50.633016692900526,50.5693216973439,50.496730408255594,50.32529033012218,50.38504880170307,50.38760378631432,50.42293345914772,50.425113459101716,50.38136236437705,50.3449859769926,50.30679213826195,50.256606692823055,50.20830668243142,50.27991029969774,50.45862388834435,50.562796640166056,50.626808863846605,50.53533292258543,50.50699528294875,50.602408205870404,50.67961059697074,50.742299561765996,50.77147056899989,50.784774030322865,50.755226356333104,50.71171636031724,50.70597326408133,50.731416721140725,50.74565261084555,50.75293256250418,50.770560168307924,50.78420861581609,50.82067956803835,50.86718769913483,50.904814186497376,50.920733432483615,50.9664130323128,51.050627649513196,51.141911919243476,51.22673978712523,51.318826426477216,51.41082076408779,51.485169133165016,51.53583430389977,51.586887447949984,51.660861859834135,51.72758976585367,51.79260898745796,51.84853186848496,51.90700387660442,51.99215367672055,52.068544721903876,52.13335047438169,52.18852086226506,52.24943423209719,52.3324487318227,52.404629610866536,52.4789158163589,52.53322930712949,52.60704824040338,52.67871230161727,52.74549329463039,52.80511807516319,52.85629101469746,52.89921507072064,52.936239178423456,52.97070917828591,53.01970242436235,53.05013479795309,53.07549865679184,53.07405802294068,53.084676929046076,53.096530653441434,53.12113542105828,53.16587563531505,53.221140203152885,53.27495048729656,53.32378566935573,53.36990811701832,53.43482670331162,53.48541927151499,53.522907470473314,53.579053873336434,53.635774078592625,53.692187109681136,53.75132618673934,53.815028578561005,53.88129242463188,53.94557638729652,54.010744708114856,54.08020884434112,54.15330883073433,54.22764244648438,54.30050661120696,54.369104236290575,54.43108249981766,54.48770600401372,54.54061906292235,54.59181418515547,54.64422552641657,54.70122628123419,54.76601851045783,54.83819480472789,54.916324313108184,54.999479693561746,55.0872653976214,55.18107228457307,55.28592514313445,55.39892824324178,55.520102922130015,55.64119718019347,55.74196758884519,55.84378888908753,55.95381347992405,56.052059564212676,56.14886506027032,56.24229951795469,56.33273848665045,56.42111336434271,56.523113408220794,56.595677662928935,56.656775475967514,56.706235674091054,56.74475137011666,56.77361110236733,56.77551948046531,56.79529489161627,56.81461039251049
39.1191093469229,39.379658738727635,39.639997045620895,39.89973545524175,40.15680479647114,40.4093284693932,40.656351344776525,40.89753094348855,41.133455999661564,41.36554185748498,41.59425839849104,41.81521363907122,42.02336714908657,42.21483220220128,42.410690404506425,42.52125666109884,42.60029065279706,42.720773896100575,42.777495486362,42.85954916946873,42.89258768923723,42.911596274191496,42.963666948907395,42.97847074252561,43.063275578542594,43.13877979611998,43.214580052178015,43.2954263220275,43.38362095665242,43.4780012633715,43.57644721515655,43.67622178223843,43.774359235165505,43.86889005080379,43.95671429334148,44.037470450169145,44.09008380564149,44.110332907086885,44.08262016668815,44.045320992111726,44.04949384441312,44.14450903950143,44.26341732519267,44.3066728160904,44.353423166425,44.32488222908325,44.33631130437312,44.3662231901993,44.42897698375649,44.46770092546601,44.520878291556386,44.563169372009206,44.60132826944383,44.66528167933803,44.70585053377363,44.78098194370034,44.82984255027525,44.87237165153672,44.90217265773543,44.94312902036048,44.951790218979795,44.984802019152994,44.96866316726636,44.99778334703819,45.06113408001363,45.14946914767523,45.22527619211856,45.33098801798667,45.44023122134416,45.55078500549844,45.60528858461359,45.66768697521899,45.77692206775504,45.94448022237448,46.10242845479806,46.25551939303921,46.41079793190159,46.56933575124749,46.72812981982546,46.88279546863013,47.03023232336459,47.16946764926521,47.301513414695066,47.42602159270303,47.53958795971145,47.63605735909149,47.70975539833829,47.758751004513506,47.78315770477555,47.778278782867794,47.749276308726145,47.752826303987625,47.82901708652803,47.95558621300873,48.0706998188039,48.11775775237666,48.152903624347076,48.18421225389777,48.227994144379636,48.2863042238248,48.26045176807181,48.26076870376827,48.36819367971113,48.46222337884591,48.45360454673615,48.50072254621546,48.53348192637831,48.48886240896131,48.52866400516079,48.64485180501051,48.76388792903276,48.86036267823154,48.95672075696708,49.04967391199477,49.13657169146337,49.229419029292295,49.343134976966596,49.47074366921043,49.61325482353294,49.72959354202686,49.80020428660293,49.95340512254846,50.04088969425535,50.256782188781635,50.382999791117854,50.43925467667139,50.49553346753686,50.52617817265758,50.52799040325799,50.515572930661286,50.50430297327034,50.43805210480053,50.400280361007084,50.393809091925476,50.44665274481598,50.444050477749606,50.45342212988139,50.47414037469283,50.50877520668992,50.53842331397302,50.5583939979856,50.565222305437665,50.54137535095885,50.48177423018725,50.412861141879006,50.248652168296346,50.302630260418844,50.30217490036597,50.331823951960686,50.33116075124782,50.28784270489993,50.25219705398004,50.21510510068158,50.165631996468036,50.12146813930606,50.18786429581645,50.357855631357985,50.46248704598267,50.52528937237439,50.439096249527665,50.41559344545737,50.51130586709979,50.58889368783266,50.65064799530458,50.67796508106112,50.687913746477086,50.657399856652916,50.614905997735754,50.608510848404194,50.631938223886955,50.64616421954398,50.65480745807135,50.6729035838119,50.687108584588366,50.723455638984106,50.769879453826235,50.8084902306139,50.82709652044688,50.87362550124435,50.95520844610757,51.04368044346062,51.12668743516955,51.21709255166539,51.30772229388156,51.382278656743594,51.43459569776331,51.48682055044585,51.560710001839475,51.62786074241571,51.69357599354182,51.75029408569962,51.808667734501405,51.89179324808398,51.96600736221587,52.02921979096213,52.08256110117143,52.14230357291671,52.22247969077273,52.293932582707896,52.36748962352102,52.42604114451435,52.501202993353864,52.57463772031649,52.64313635035521,52.70414788311854,52.7563746312466,52.80011281169446,52.837621348994375,52.8719046877162,52.919028757910404,52.94750490283227,52.97091994818878,52.969659643554394,52.98073999132937,52.99386526238007,53.01963502666872,53.064782816392984,53.119793144101415,53.17273432902319,53.22037518152355,53.265330305452565,53.32615784000183,53.37626863092965,53.418032445737275,53.475170506874406,53.53308335396849,53.59067532143223,53.65078112592111,53.71517116733638,53.78190871135798,53.846572155369046,53.91187414443257,53.98103474385401,54.053431418618075,54.12681055168197,54.19863185156545,54.266263426315746,54.327498524067636,54.383580579367,54.43607136723755,54.48686181319489,54.538811291601405,54.59526662439353,54.65945354975724,54.73106009148786,54.80878325078172,54.891832216111304,54.97991117025679,55.074266567475476,55.17949730510465,55.29268956814041,55.41382679825479,55.53489103200332,55.63565563134237,55.73730566238257,55.84824383527251,55.94755647517732,56.04348662240323,56.13578854927035,56.22553092216481,56.313237250221526,56.41307339872708,56.48502870682061,56.54567373943052,56.594915503831814,56.63349901333198,56.6627333825502,56.666583209268644,56.68759119890481,56.70900208018583
38.99129786477917,39.25065116369009,39.509614203442446,39.76816537179683,40.02427980011975,40.27612500096458,40.522978790260765,40.76469310115877,41.001601216696855,41.23484292809718,41.464697101804795,41.68662819467375,41.895638865140064,42.08793570007727,42.282286890804926,42.39671349533255,42.47870924380589,42.59954491753915,42.65865086411392,42.74342515116855,42.77855772049063,42.798121008170945,42.85103886581808,42.86718924307379,42.952113850801176,43.028118833710636,43.104472972722775,43.185853732024725,43.27463128040376,43.36962200934912,43.468730293468674,43.56933323460977,43.66859682476005,43.76449913941171,43.85340399180274,43.934988199634276,43.98970029168415,44.01308424508357,43.989573900947335,43.95677992884811,43.96176977604925,44.05032527759636,44.16096570503282,44.19411424582957,44.24567796449338,44.22309601408484,44.23737717698622,44.269539817206244,44.33199968952228,44.37202160149788,44.424510119448165,44.466385580653146,44.50531299120984,44.567161142836866,44.611815875013505,44.686133526946726,44.73469162713139,44.777782493351566,44.80917484611187,44.85140375882857,44.862124797487404,44.89545594761885,44.88212226826154,44.90905308398178,44.97064922141306,45.057371016741016,45.131618401925074,45.23399697142583,45.34043222785317,45.44869696842657,45.50274380610792,45.562243506352985,45.67395923759741,45.84047704776696,45.99824926485982,46.15150708459141,46.30694917524223,46.465511855883385,46.62417742855161,46.77854941414694,46.925489431594904,47.063976050054904,47.19499447064033,47.318289196485864,47.43065155780089,47.52617830860543,47.599423643873536,47.64859683761202,47.67390451937077,47.67088705152059,47.64468642876141,47.65024752374143,47.72647079080225,47.85210313059631,47.96671661692085,48.014616970607804,48.051209045479325,48.08438154938803,48.12925928558809,48.18767918730231,48.15821098267542,48.15821760626781,48.26750450500003,48.36829093347547,48.362417656421314,48.40663229493511,48.439508514870155,48.401139294680505,48.440878366170466,48.55267467351185,48.66807101944873,48.762475744020435,48.857164524077845,48.94895344928935,49.03517629990903,49.12737796942249,49.240444235260206,49.36783960626812,49.510327472130825,49.627434711649045,49.69827641876648,49.85342628197817,49.939584183538436,50.157708766681786,50.28252672624363,50.3387874083839,50.39494752941578,50.425908722425866,50.42857989652918,50.417364335844425,50.40627606366837,50.34158849050531,50.305731530483655,50.29954913841526,50.351104626120666,50.34851039469477,50.35814372129742,50.379592586420834,50.41590713169891,50.447016523526834,50.46734934727088,50.475331613906924,50.45397703870162,50.398688497813716,50.33367550197295,50.178972059461806,50.22525577891053,50.22124080436604,50.24470544856118,50.24107460374398,50.198596210325576,50.163708779144415,50.12779706684586,50.07941936276675,50.039930929805855,50.10062101788281,50.26101180717919,50.36597164144128,50.4275282398581,50.34722924730443,50.3289327699172,50.42476467040907,50.50258046613654,50.56323428875948,50.58851869361406,50.594646979622276,50.56309079912377,50.52193622471374,50.51487806090797,50.535906046723184,50.550062088097526,50.560343210171595,50.57889607754055,50.593679355265124,50.629877723647326,50.67619066945684,50.71580406859163,50.73728158288864,50.784801145158305,50.863610295757226,50.949213438518036,51.03041040989201,51.11909900281697,51.208308376440996,51.28301269541631,51.33694861524198,51.39033042696129,51.46408452094284,51.53163899194036,51.5980516788785,51.65560931041374,51.713845120430655,51.794707412205696,51.866579458791314,51.928100695874285,51.979571253805055,52.03815900897496,52.11528732893565,52.1860722816131,52.258958686064105,52.32206391701465,52.39860069903025,52.473824255915325,52.54406692698915,52.60651468331474,52.65987019229829,52.70450958379175,52.74256698664032,52.776660944776765,52.82143510815092,52.847818954769004,52.869142331983284,52.868378630116226,52.879900054418364,52.89433668970037,52.92132626661303,52.96691050101586,53.02167950930402,53.073769815818004,53.12027777956527,53.1641640802212,53.220765646614154,53.27046611805819,53.31672744252011,53.3748406378444,53.43392017829725,53.492671201346745,53.55372651614621,53.61878942347925,53.68599972987756,53.75106604491555,53.816525333342504,53.88537603908033,53.95702568687103,54.029376403218215,54.100061706537076,54.166625764239356,54.22702147610737,54.28248575676071,54.33450940282539,54.384886222452316,54.43639548754809,54.49234836863671,54.55598311975444,54.6270790816272,54.70445637585376,54.78744997692241,54.87584982394339,54.97075258540718,55.07633226907197,55.18962129557217,55.31057385250361,55.431472811756954,55.532236819530574,55.63376700076048,55.74559413802273,55.845968990125314,55.94102901094199,56.03216675534762,56.12113091056816,56.20805292209786,56.30518853079547,56.37644002129985,56.436567168483464,56.48556118297688,56.5242215225487,56.553878468033,56.56017510579152,56.58252974024892,56.60619310655758
38.86311881340201,39.12144293638762,39.37915773116928,39.63659817014338,39.891801142694426,40.142999103956356,40.389714298414816,40.63199794486252,40.869924719054964,41.104349740050644,41.335351409973484,41.55825745164419,41.76812241609116,41.961265629232116,42.15365265463287,42.27269293498613,42.358540485991405,42.479190019611636,42.54101223686494,42.62787835308821,42.66540339682055,42.6860133793553,42.73988377114712,42.758597784931524,42.84326759946966,42.919697277855924,42.9966483272515,43.078675863886836,43.168193182241154,43.26397551021069,43.36393173292551,43.46553220156056,43.56604672827324,43.6633786285257,43.75340250138772,43.83585407052868,43.89274304348849,43.919203575925934,43.90036162509267,43.872693813150114,43.878817454137184,43.96060462655973,44.061627869790684,44.08613738879217,44.140805102521284,44.12463617292808,44.14197328022544,44.1764969301874,44.238436733119386,44.2801032522857,44.33199276756474,44.37358262780856,44.41335697585491,44.47292424506477,44.52178526344641,44.59527595493752,44.64374447333935,44.68758027410624,44.72068534518672,44.76394233683154,44.77672836566801,44.81005751835311,44.79969474283195,44.82447385590411,44.88419052828003,44.96904276575214,45.041801901636916,45.14066845265884,45.24410917620253,45.34992621205709,45.403638539224644,45.46037467670298,45.57472970949564,45.740090746854925,45.89764531619513,46.051067836107215,46.2066612498246,46.36520908474107,46.52368398985884,46.67768788334407,46.824046293966845,46.96168160857308,47.09154209626066,47.21347826753938,47.32450500882959,47.4190065189918,47.4917900905032,47.5411883439325,47.5674546374053,47.56638610760603,47.543151236393804,47.550848736278105,47.62706282887636,47.75159201098726,47.865618473358914,47.91455051461979,47.95281977270753,47.988103836979285,48.03433377392528,48.09308957431543,48.06350885620949,48.064574231876165,48.17332469664721,48.27846139167946,48.27559719305268,48.316432886037,48.34931900233747,48.318297177415616,48.3579725541926,48.46471696703982,48.57602175447377,48.66813423618008,48.76103218849825,48.85163339334085,48.937266375133866,49.028969472758455,49.141484689298935,49.26869961036973,49.411126569068266,49.529191138288276,49.603195974146814,49.758887576870805,49.845103634637105,50.06211187704712,50.185419492317564,50.241820824155496,50.29792838032392,50.329261772718645,50.33278815134605,50.32279558192361,50.312229782612555,50.249996782111054,50.21639289924396,50.21019372078367,50.259235710751014,50.256732748017335,50.26677366232716,50.28912597230533,50.32718591394546,50.35982569783197,50.38061040449399,50.38978650661736,50.37106055667029,50.32024405397349,50.259294214265886,50.1160010801453,50.15298448397146,50.14495727915522,50.16183673267425,50.15515423763248,50.113879424986706,50.079796486569585,50.0451604549179,49.99824943583903,49.96387361131954,50.01850234931558,50.16855367448904,50.27363009070262,50.3339166247777,50.26012400367049,50.24738211072192,50.343132109351636,50.4209872844946,50.48035370640959,50.50342389982554,50.50533827796113,50.47267362346472,50.43312219622009,50.4253927705707,50.443698278406515,50.45771019500502,50.46982727200663,50.48881307048562,50.50419445094285,50.54022600145312,50.58640859184073,50.627034718339466,50.651519428807774,50.70014956498891,50.77611016539517,50.85885117392902,50.9382777659213,51.02522558561535,51.112960841341845,51.187734888163185,51.24322967355057,51.297736926406024,51.37128750988026,51.43918996298806,51.506256721868134,51.56465759199225,51.62270672584263,51.70110496748887,51.7705114801913,51.83028371800412,51.879897066857446,51.937385805181286,52.011352196210424,52.08154939768252,52.15384066274187,52.22170763832407,52.29962521871586,52.3766229653677,52.44860295382114,52.51250619781751,52.5670380569917,52.612641015915806,52.65129399120647,52.68519407825588,52.72721956078963,52.751409052243346,52.77053256747955,52.7705296888553,52.782465422245565,52.79823457985154,52.826484170826696,52.872534645583016,52.92709177076284,52.978383201346325,53.0238605755364,53.06681327237311,53.119165755557695,53.168540650423694,53.2194217503174,53.278477312325215,53.33867544464218,53.39854087961166,53.460502471875145,53.52619640563872,53.59385074627717,53.6593164753339,53.724934586916646,53.79345647232799,53.86431313372447,53.93556777840978,54.00503647327468,54.07044817210946,54.129926632824,54.18471483343377,54.23624350417188,54.28621443544425,54.33732261214773,54.39283499077978,54.4559908912946,54.52665478714403,54.60376231053183,54.6867602490938,54.7755075946433,54.870946327491936,54.976832349534085,55.09011732435637,55.21073424240689,55.331327530393814,55.43208776000778,55.533533881264425,55.646191613144126,55.74759196649072,55.841784856054076,55.931732801479725,56.01984198362431,56.105872127907766,56.19985591529243,56.270319017693204,56.32987312176017,56.378597789507474,56.41734795173195,56.44747456891261,56.45664559564063,56.480443165457835,56.506486313490264
38.73505007502777,38.99254446450598,39.24916547464177,39.50558982069005,39.7599349977875,40.01052152064477,40.257127333973806,40.50000730842428,40.73897747952922,40.97460180614497,41.20674977857642,41.43061903535466,41.641322663321326,41.835311017411584,42.02535620250151,42.14962134549917,42.240077389492264,42.36009325453887,42.424920370915736,42.51331918977331,42.553505692372724,42.57562533168233,42.63055496468192,42.652897980137546,42.73700642798839,42.813817029178416,42.89142976680906,42.974233948041125,43.06466252169616,43.1614297644532,43.26242848737058,43.365199696693324,43.46708744080818,43.5658977422676,43.65706585234704,43.74040398931776,43.79950894414491,43.82897380531265,43.81519952728114,43.7931699754352,43.80069451033068,43.8754769430156,43.96578152188401,43.98351326981157,44.039252289588745,44.029836686934125,44.05038930751586,44.087362578750096,44.14861853516986,44.19223522356298,44.24364680220819,44.2851093931673,44.32581759620617,44.383002178198964,44.43609473738095,44.508726794528584,44.55727994303957,44.6020001983741,44.63689863907975,44.6809512003779,44.69579218570986,44.72884111240346,44.721585456239296,44.74430353353717,44.80202925815449,44.88475218781214,44.95606956320789,45.05127889496328,45.15157117338263,45.25481268581086,45.30834720425243,45.36256479401891,45.47964751465114,45.643731818632126,45.80101852764294,45.95459622449605,46.110324833972484,46.268817152556174,46.42703899154027,46.58059986495124,46.726291116642976,46.862971137209804,46.99154030485209,47.11196830302365,47.22152069631079,47.31490317800939,47.38720001909757,47.4368540947789,47.46412699290722,47.465092416095594,47.44498512214698,47.4549423274519,47.53110591369492,47.6543643554588,47.767715262622495,47.81786950540614,47.85805072279984,47.89570046784179,47.94355601058458,48.00289288786391,47.97720960405072,47.98089486062099,48.08636380325054,48.19295788647,48.19329100941308,48.23037956500382,48.26316462304292,48.240353386592844,48.279955513574066,48.38109733635987,48.48793365342367,48.5775779409442,48.6686037176182,48.758030194608146,48.84319256603487,48.93457514383406,49.04665773301814,49.1737293288552,49.31604807091634,49.43522304452192,49.51560090427078,49.670134404467476,49.75811894087254,49.97029150166232,50.091986597186086,50.148656841830665,50.20475142385926,50.23648533158261,50.24085243742862,50.23208585270741,50.2223281045636,50.16333265604037,50.132265713278606,50.125799754737834,50.1712902017273,50.16899361918565,50.17961059004616,50.20304814945548,50.242906685324854,50.27713763768764,50.298475196874655,50.308873162851455,50.292864705406295,50.246620452416764,50.189838004486255,50.059490306873606,50.08587550239499,50.07348010557431,50.083476588024965,50.073698873955614,50.03394889321608,50.00073551033944,49.967487683060845,49.92240285980467,49.89347474123579,49.94183017353359,50.08094249196863,50.18584205792746,50.2448456856132,50.17817260638055,50.171310322265164,50.266755677480894,50.344430495519106,50.40230151253376,50.42297319286235,50.42035218969641,50.38652276939488,50.34877906722368,50.34037284637045,50.355693007694136,50.36947251876534,50.38354709677819,50.402929983638934,50.41892739471805,50.45478065182666,50.50082046679195,50.54246119776623,50.570040867203076,50.61988036167041,50.69298502195443,50.77293391920685,50.8506585578861,50.93585210574393,51.02206151815993,51.096808873964235,51.1537754899039,51.20935989768977,51.28262106138782,51.350779104119276,51.4184118009109,51.477618979800084,51.53542324218785,51.61119471233664,51.67805389497695,51.73605938623766,51.783884287020115,51.84036922644507,51.911154842495954,51.980864621016536,52.052653212308044,52.12538232213623,52.204660413694064,52.283384905627535,52.35706236014012,52.42241014869263,52.47813858446602,52.52474273696991,52.56402026253805,52.597720216941795,52.63668020153225,52.65860729373534,52.67545741398171,52.6764275260007,52.68874439874344,52.705848577282865,52.735383769245225,52.78193120649372,52.836322400480014,52.886900739273486,52.93149068149248,52.97368171295716,53.021873799241504,53.071021145549345,53.126544658624766,53.18649357639565,53.247740046066575,53.308650486413924,53.37144910756836,53.43770517246385,53.50574702664334,53.57158186602198,53.637338217226926,53.70549978590496,53.775515257409715,53.845612454573235,53.913796448931016,53.977987571974026,54.03648927110471,54.090561106625145,54.14158400576308,54.19117347468721,54.24193716329139,54.29708996763873,54.35986053522285,54.4301902200365,54.507119677023475,54.5901903057241,54.67931071831867,54.775263782853536,54.88139986098865,54.99457155331239,55.11469812549498,55.23484019885342,55.33558505937185,55.43696728093758,55.55036348560611,55.65272026170756,55.74604678790694,55.83478535295992,55.921967673097086,56.00700661558721,56.097472663084346,56.167073107327205,56.22600895789454,56.274450401404856,56.31330735484679,56.34394989528589,56.356345104422616,56.38166412434075,56.41018454284846
38.60756953189286,38.86446615573089,39.12017527970032,39.375696293845564,39.62924753899128,39.879262993306085,40.12578736167292,40.3692830256686,40.609310470912924,40.84613863917975,41.079420663192984,41.304230571177314,41.51574446821207,41.710560892361485,41.8979660409221,42.02792509231124,42.12361296444718,42.24263867454173,42.31071603256706,42.400158075769454,42.44324558129287,42.467308809089815,42.52340574620996,42.55029144073067,42.63359993979767,42.71077998830074,42.78914094244031,42.8728692149149,42.96439515830036,43.06235277057371,43.16459751064746,43.26871673361059,43.3720974574679,43.472425704759274,43.5647500749314,43.648973882466926,43.710294876743916,43.74267783894239,43.73430379566976,43.71831574612086,43.727458576283496,43.79507208358796,43.87380436373051,43.88701291372123,43.94146723477586,43.93903153742421,43.96291495228255,44.00240481250169,44.06287551629576,44.10870686106324,44.1597927896806,44.2013147564212,44.24305222509079,44.29782613441678,44.355080335125834,44.42680361257582,44.47557689037252,44.52127747072848,44.55800921191079,44.602636795476236,44.61950751980118,44.65204111081752,44.64799927374526,44.66879998761302,44.72443666857644,44.80476707602459,44.87466425859186,44.966104731616774,45.06312732638383,45.16369633910878,45.217244221479945,45.26929816605069,45.38912668426531,45.55181076209228,45.70877081804222,45.862486826667386,46.01833060600968,46.17672577406438,46.33463192138912,46.48767434769818,46.63261210578586,46.768231448355095,46.8953731097107,47.014138800098756,47.1220710037577,47.214229473417035,47.28599871052689,47.335922661455186,47.36424051990464,47.36732244196076,47.35050247654469,47.36284068311706,47.438912758202534,47.56073166528824,47.67331685921603,47.72488506396033,47.7672168125244,47.8074927931458,47.857264396759476,47.917446630947516,47.8998016449994,47.90781894247863,48.00732823894395,48.11200355085928,48.11564695828532,48.148727577318255,48.18129661124923,48.16732525163843,48.206836188661754,48.30193443223745,48.404000235614205,48.49104664454649,48.580159078827656,48.66846030355013,48.75330552150904,48.84457658718316,48.956364760353146,49.083334409064456,49.22548793424612,49.34589065292732,49.43591101558555,49.587512162009325,49.679213323095645,49.88254762231194,50.002536548695666,50.059597379254015,50.11569206361976,50.14782740706451,50.153010024496844,50.14545433200432,50.13673500398227,50.081651788715874,50.0533512185783,50.04642415598487,50.0875123020699,50.08556908966807,50.09695314152996,50.12166673498043,50.16336457773239,50.199239143893024,50.22124175163258,50.23287776189164,50.21962828545113,50.177997246893774,50.12542759836248,50.00919081617345,50.02398796097447,50.00696506446405,50.00988379833835,49.9970077337557,49.95906115934643,49.926801184537844,49.895071169437834,49.852160278783515,49.82891287694333,49.87092637395561,49.99863951829907,50.102987207276556,50.16070658084459,50.10176714318938,50.10108625894062,50.195982868350235,50.27322645182232,50.32937297141091,50.347459065891336,50.340053263030796,50.30501267663337,50.26922199269343,50.260136157285295,50.272268323343205,50.285713037877315,50.301790137688016,50.32152223799227,50.338151709687224,50.37382185419303,50.419713540124576,50.46236252478078,50.4930767070734,50.544203136137014,50.614511832368066,50.691801943864824,50.76792184041512,50.85135836888611,50.935992236471,51.01059829179954,51.068922681516774,51.1255191897223,51.19838726820157,51.26667186389447,51.334737594406946,51.39467352320213,51.45216536091677,51.52518544515214,51.58945717170939,51.64571822946093,51.691878660984514,51.74749453767568,51.815175817691184,51.88451864171551,51.95591399351634,52.03349798214484,52.11409014524823,52.1944611336487,52.269763075235026,52.33651425800584,52.39343213386044,52.44105037585734,52.48096370048024,52.51445548962282,52.55011511608454,52.569745777724975,52.584283630794005,52.58638684778156,52.59904528784449,52.61746832644359,52.648300091804124,52.69537614014726,52.74966387045768,52.79964868326481,52.84353520948898,52.88517323302219,52.92940541007467,52.97843652095821,53.03852545693782,53.09930247613451,53.161504875633725,53.2233661519405,53.28690653768635,53.35362878260373,53.42197383706263,53.488120636377666,53.55397253634534,53.62172972211918,53.690853556158046,53.75973820902528,53.82658193065889,53.88950088588108,53.946984667836716,54.000317873573735,54.05084124208497,54.10009036269778,54.15058363887024,54.2054767760296,54.26797572238429,54.33808839230276,54.414947097536256,54.49816741991199,54.5876854309316,54.6841209406157,54.79043711793337,54.90337788125952,55.02285565929826,55.14239582807523,55.24310532422076,55.34442817682313,55.45843698037816,55.5616487332099,55.65410743666804,55.74162307508147,55.82781151075034,55.91176813307223,55.998435885037665,56.06710970152842,56.12539203552038,56.173544096650296,56.212528785858325,56.2437326572497,56.25962405774418,56.286525266706924,56.31759063649665
38.48115506623363,38.73771841774808,38.99272499218529,39.247473560018584,39.500304939898115,39.749794264216554,39.99626384624728,40.240386930420016,40.48147466599942,40.71949975195459,40.9538925194025,41.17960968448427,41.39189269214487,41.58750428182754,41.772050676405904,41.90803054086192,42.009440220994804,42.127210331841084,42.19873998811962,42.28880542562225,42.33500403772672,42.361415755515516,42.41878941551866,42.450979778749634,42.53331773833784,42.610888055845464,42.690105505190125,42.774922894935486,42.86774695158536,42.967112527069176,43.070815756599686,43.17646432591484,43.281455273355505,43.38333174012254,43.476811199391484,43.561899676441556,43.62539772437594,43.66059858251383,43.65789061841553,43.648238455624536,43.65916728364943,43.719519904900835,43.786074097747935,43.797291782008905,43.847897647162654,43.85255470571949,43.87983990795067,43.92189168104951,43.98153809711912,44.02980751051997,44.08075129628405,44.12254759726212,44.165418235335956,44.217827305895455,44.27907809498966,44.34982397593508,44.398914169478694,44.44564729574271,44.48421154779963,44.52920556813502,44.54806563013014,44.57989189464299,44.57914106061151,44.598221088863696,44.65168401708583,44.729355223493016,44.79782885974264,44.885422395896924,44.97908674219651,45.07691712137168,45.13070401119587,45.181059100548254,45.30358124953959,45.46473807622915,45.62130410623194,45.7751342195306,45.931069244259966,46.08932466400126,46.246852267198555,46.39930032031467,46.54339746755808,46.677849354399,46.80342452413251,46.920369255924804,47.02652831468356,47.117346592973554,47.18853144566149,47.238722615265274,47.268114152425696,47.27339265017299,47.26001769011056,47.2748561891278,47.35079607534377,47.471005441752794,47.58273313764392,47.635908311275855,47.68063295864934,47.72380216406155,47.77579733364339,47.837108306566,47.83085181866593,47.844673983888384,47.93654229734096,48.035821517859446,48.0428128924522,48.07173216846297,48.10396620121905,48.099230101978556,48.13862352380255,48.227346905438026,48.32441502036115,48.408780133220695,48.495978239516546,48.583240170625714,48.667955890453335,48.75935540733957,48.87100716523931,48.99792049833743,49.13984211562863,49.26155418608185,49.36381214099928,49.51136624673747,49.60821895952113,49.79918022078066,49.91737785469274,49.97494435427008,50.03102570320337,50.06353600721107,50.0694981822707,50.06312020362291,50.05561445532934,50.00500985656017,49.97965066113371,49.9721238402319,50.00814621479909,50.00673524093295,50.01909995385408,50.04528934598932,50.08885472306333,50.126417017247334,50.14920809598752,50.16208648302036,50.15159009734625,50.1145539911547,50.066183721623005,49.964853684571615,49.967380986503315,49.9455679366652,49.94131714733946,49.92538003807499,49.8894727677105,49.858268843248716,49.828203332212006,49.787802336895375,49.770366575830856,49.80611283400042,49.92210601216146,50.02544520291068,50.08189046895185,50.03129970185167,50.037078775141936,50.131161175513064,50.20769150601648,50.26186334731988,50.2771740120793,50.26480604616706,50.22851778489921,50.19476612759821,50.18500057229328,50.19380231411088,50.2067957308398,50.22484384793781,50.24486525453739,50.262140918946905,50.29762978797736,50.34337505765266,50.38701771729194,50.42085775741753,50.47332748932297,50.540967563569104,50.61579551741627,50.69043666813703,50.772124180725285,50.85513482585085,50.929466780649115,50.989007865604,51.04653465141329,51.11888822305761,51.187133690874106,51.25545478075643,51.31600127156333,51.373103773479905,51.44328596433857,51.504971778949695,51.55955077655993,51.60422593544215,51.659147003782444,51.72389567169504,51.793012149879814,51.86414066512045,51.94646463204353,52.02829827466172,52.110202706385124,52.187023028394805,52.255106247822894,52.313179064314184,52.36179956148136,52.402342204878224,52.43561602508724,52.46782239015218,52.485156602692314,52.49737797722058,52.50072236042694,52.5136763934812,52.53338347178296,52.565508168438896,52.61314540294294,52.66740865269797,52.71695328698564,52.76036127158145,52.801691663617106,52.84227622046627,52.891315694173436,52.955793434752195,53.01731705762061,53.0803608264069,53.14305400637836,53.2072148766896,53.27428029470747,53.342816443621636,53.409191205798834,53.47507385634383,53.54237002327861,53.61054952820079,53.67817281908254,53.74363321561109,53.805245035878606,53.861688099907155,53.91427843151846,53.96432554762361,54.01329212199248,54.06360653677536,54.11835889276838,54.18072012362408,54.25075231594096,54.32766319427769,54.411118864756155,54.501057968444265,54.597933789902186,54.70434643486591,54.81693020701713,54.93559700134717,55.05437942899875,55.15502516115238,55.25627754596423,55.37073932242968,55.474672238431786,55.56625943250487,55.65254463313761,55.73767702834789,55.820468428298845,55.903142692018776,55.97083621162339,56.028439713271595,56.07630395322501,56.115441298731675,56.147251064900935,56.16683288121198,56.195359242365555,56.22900743629936
38.356284560286475,38.61281165824326,38.867352457937045,39.121477589617825,39.373673374100285,39.62268607565245,39.86912625243207,40.11388085650303,40.35602103758198,40.59522465726907,40.830693802784324,41.05727400064766,41.270272196501224,41.466630213555526,41.64817861546416,41.79036405659081,41.89785216927382,42.014192278657795,42.089333003874124,42.17967165387728,42.229162035819996,42.25829811489724,42.317059272395454,42.355164606233224,42.4364294270492,42.51444313243523,42.59464710610332,42.68073621853017,42.77507376108272,42.87607703243667,42.98146017907083,43.08882348720865,43.19553938357403,43.29898507247923,43.39360525597795,43.47951729770704,43.545114370131444,43.583018941725626,43.58617618367544,43.58304543436372,43.59587826408222,43.64895026357825,43.702968426354026,43.71443599425125,43.75899123582924,43.77074017314117,43.80145386794525,43.846091234000866,43.904936698262006,43.95582651766671,44.006842888320605,44.049156795381926,44.0932729997688,44.14343688481228,44.20842405528113,44.27810545146226,44.32757063449851,44.37534487799014,44.41570013086607,44.46086396436281,44.48165777888496,44.51262784492747,44.51521568209978,44.5328247080212,44.58404256122268,44.65878442332099,44.725806238614034,44.80950832108133,44.89975852781103,44.99481498202046,45.04910099368888,45.09833190526154,45.22342524167536,45.382924260036454,45.53902031105106,45.69293297999513,45.84893142704713,46.00700353710245,46.164089516761734,46.31586677153044,46.45903540812223,46.59221166773159,46.71607856141355,46.83103916766189,46.935265012601604,47.02461572443777,47.09514350537159,47.145582527513085,47.176066824498484,47.1836195057037,47.17384515336829,47.19130123133838,47.26706857806324,47.38549718612976,47.49627397241057,47.551250368346246,47.598614077942855,47.64494993175928,47.699493222429744,47.762235417719126,47.769788276613575,47.790530033192326,47.87358659912287,47.96463492048267,47.97493666469653,47.99964858392068,48.031424627215095,48.03608526703941,48.075326463343345,48.157453406727036,48.24937152698029,48.33101819320048,48.4163411670748,48.50268624629373,48.58749432176472,48.67929320883718,48.79098634161199,48.917893244014024,49.059506571635,49.1825738665629,49.29883591217118,49.44204205589305,49.54458636306513,49.72048927885307,49.83681902302378,49.89499968472341,49.95102774620805,49.98385914006902,49.990554180470184,49.985302651371725,49.97913043306556,49.93346253599586,49.9111652869355,49.90295572318603,49.9334361429352,49.93276815444863,49.94634966409407,49.97422359959131,50.01967225321297,50.05895805854975,50.08267225715917,50.09678550552002,50.088988941633104,50.05647023894976,50.012227099996295,49.926229988594834,49.916113705774826,49.889444503018495,49.8780354187534,49.85911500795582,49.82544026264103,49.795413820555886,49.76717658954647,49.7296096782601,49.718014395287085,49.7477114370868,49.851803232236875,49.95359570899058,50.008788508415016,49.967162370122196,49.97965672526276,50.07263809252282,50.14814201071383,50.20006790453956,50.21241052459308,50.194975087307874,50.15741253391155,50.12572662690691,50.115283960372494,50.12067306875433,50.13308457615164,50.15299568072932,50.17323445426611,50.19116854559358,50.226484632604766,50.27209226519031,50.316705793208605,50.35361482723434,50.40746302216252,50.47262918249058,50.54525490937444,50.6185720956805,50.698529346944866,50.77987111587527,50.85377797949302,50.9143676593804,50.9727261316725,51.04442601869196,51.11243003361863,51.18078403835952,51.24178227424861,51.298409171327734,51.36570506829908,51.424848185259,51.47784755642069,51.521271857084514,51.57571188967474,51.63779495440643,51.70684583560983,51.77785088587416,51.86469228552598,51.94766866321788,52.03096068079068,52.10916014890837,52.17847384020955,52.2376397349664,52.287225922745286,52.328373675577225,52.36141795212333,52.39010010944093,52.40517186711739,52.41510721256565,52.41974877016596,52.432946019586055,52.45388365775023,52.487283029085056,52.53551495128004,52.589849219203025,52.639140804101274,52.68233597982544,52.723640835790775,52.76100186282536,52.81018758271817,52.878777881563465,52.94095036693273,53.004698791449435,53.06808017991445,53.13271423903855,53.1999727674241,53.26856011240685,53.33505199368337,53.400878489294406,53.46764443169117,53.5348246717692,53.601144062061614,53.66519060094046,53.725476944014645,53.78087484420325,53.83273607769827,53.88234725686502,53.931105775087815,53.98135035489786,54.0360997946711,54.09847740978729,54.16858500294921,54.24568658945534,54.32947191335526,54.41985456681877,54.517118319836754,54.62353012628394,54.735622429404515,54.85331230917202,54.97117601256347,55.07172117676463,55.17287636540403,55.28759773673009,55.39208563480725,55.4827954055849,55.56784869242161,55.651867757653584,55.733419249203074,55.811990194894136,55.87866004893869,55.93556934978198,55.98315504911028,56.022473947431926,56.05493332833643,56.07832200043266,56.10849870112589,56.14473778412118
38.23343589628776,38.49025628490219,38.74459552279596,38.99826435305193,39.24991901519014,39.49850916989002,39.74494404496241,39.99032663774216,40.23350055845398,40.4738528679228,40.710352968917775,40.93774114503962,41.1513878426626,41.34842771529123,41.52691836460815,41.675352004937494,41.78914181942291,41.90396856721271,41.98283584613134,42.07316717508016,42.126100549718444,42.15830783117273,42.2185686166278,42.2630475352202,42.34320460937207,42.42174711869261,42.50308939622476,42.59065041612629,42.68673144632405,42.789614285173144,42.8969077319044,43.00617523109448,43.114728283226576,43.2197549259512,43.31548827494147,43.4021626727288,43.46974169710088,43.51022182227646,43.519376679606474,43.52284401275585,43.53764914923566,43.58349301624421,43.62486505196647,43.638356635661204,43.67519570985565,43.693921921010464,43.728046525691425,43.77527152096312,43.83340174034644,43.88705322823695,43.93838813209235,43.98149123047244,44.0269738912165,44.07508606334451,44.14345425430886,44.21196560601323,44.261825139572466,44.3106054220441,44.35266944522991,44.39781843016815,44.42047522825388,44.45048334271863,44.4564280034717,44.472868715817576,44.521783558526934,44.593322468612044,44.65883926715991,44.738638940447615,44.82545179021775,44.91772987047594,44.97280958924762,45.021600887940444,45.149072691874046,45.30677981250794,45.462321351338566,45.616277684970434,45.77230783269496,45.9301521081036,46.08673315787185,46.2377626900752,46.37991413364086,46.511705200742846,46.63371923484988,46.746528032470074,46.84865348102503,46.93639805556849,47.006180170527486,47.05683096950257,47.088417470151114,47.098319473524406,47.092299256841585,47.112488195603014,47.18804297930555,47.30451839969636,47.414249238020446,47.47122235616498,47.52147508717306,47.57125744740929,47.62869046431197,47.69318546740663,47.71603917040569,47.74445713873252,47.81795610665364,47.898666891741115,47.91216612780111,47.93273206917402,47.96392312350006,47.97790807624721,48.01695395163103,48.09237258686995,48.17906327478739,48.25800061071957,48.34152782889232,48.42711498101311,48.5122714643402,48.60477159620983,48.71670368340651,48.84365829343421,48.984877258836256,49.1093099169478,49.240513960760445,49.379884986717165,49.48776303978496,49.64677477831381,49.76116856153522,49.82006528845855,49.875973596231795,49.90904481368507,49.916415288815266,49.91222085905931,49.907446911651704,49.867065503445524,49.84789634197429,49.83897672055441,49.86362628949858,49.863943911683464,49.87900090932547,49.90877711289557,49.95611230007662,49.997149068599455,50.02193226236727,50.03726100867308,50.03206361885317,50.00392554402914,49.963678459210755,49.893070804769856,49.87024524558239,49.83875054436471,49.820297396305165,49.79851186444046,49.76722018847073,49.73851145054326,49.71228335960439,49.67786294699747,49.672034892700694,49.69604406663355,49.788192437206455,49.887818389676994,49.941791857714044,49.909747235755674,49.9291889636968,50.02076111293286,50.09489431852666,50.14428190734884,50.15346109659951,50.13092493465597,50.092071363389444,50.062418645588444,50.05130419050095,50.053258676030694,50.06494355231168,50.086533089264286,50.1069052581702,50.12550811272376,50.16066656750038,50.20615240855153,50.25170577043957,50.29157872552264,50.34681933558989,50.409773656065525,50.48052038925262,50.55269717767425,50.63095367322824,50.710582936120026,50.783895527311266,50.84533868006079,50.90441347940968,50.975302747840715,51.0428263406885,51.11094604561638,51.17219658062286,51.22825224591073,51.29265155543678,51.349336859198395,51.400899097929226,51.443362172603095,51.49757446026195,51.5573542157243,51.62652038900592,51.69756231453113,51.78859095628583,51.872585172200054,51.95708611381932,52.036492366064664,52.10690475723155,52.16707450495632,52.21756508855237,52.259276012422404,52.29207739951938,52.3172463596565,52.33012366948021,52.337838096133375,52.343780783227714,52.35716247009155,52.379258528794686,52.4138997036781,52.46276074155783,52.51727804197498,52.56653748827706,52.60982644627643,52.65142458059203,52.68609796956102,52.73558110411549,52.807908086867286,52.87061545014969,52.934909663824584,52.99881080273572,53.06374473919366,53.13101925940277,53.19949010950487,53.26596141942912,53.33162274726899,53.397776689664845,53.46390048509461,53.52887971527917,53.591494383799734,53.650453532337174,53.70482017761211,53.75598410935209,53.80521670429525,53.85385834450036,53.90415959112887,53.959062958553766,54.021631251719086,54.091989465325696,54.16943590527673,54.25365383880798,54.34450146201726,54.44209051954316,54.54839050668513,54.659848447241046,54.77639174030324,54.89317058970885,54.99356997765545,55.09458561218573,55.209339448248826,55.31418377977038,55.40400798607555,55.48783391822669,55.57068723043126,55.65093234372091,55.72537550453014,55.790988624800846,55.847198303685424,55.89452246228733,55.934055785924166,55.96720765765311,55.99444184101292,56.026276292797135,56.06508452182663
38.11308695647386,38.370562705410585,38.62499203260245,38.87838982072962,39.12960803675999,39.3778342892055,39.62428668857348,39.870286107961945,40.114464201408715,40.35592389671537,40.593398473382194,40.821528743032246,41.035744492010515,41.23338581478041,41.408838430349135,41.563420751341546,41.68360218158072,41.796923249726724,41.879589281191926,41.969702403776466,42.02620055356777,42.06179684827977,42.1236707480031,42.17483017774932,42.253912888746754,42.33310191524023,42.41575602659929,42.505006718151094,42.60307586684091,42.708092283775656,42.81753536894399,42.9289005711749,43.03940046741621,43.14601052466029,43.24281628653272,43.33017172797222,43.3995765883747,43.44249012986501,43.457708294365624,43.46774152121844,43.484537570763536,43.52327801952274,43.55214167700303,43.568964743823294,43.59695877832196,43.62243393064855,43.65990757461429,43.7097005915436,43.76726364399447,43.823776987964216,43.875707593901346,43.91989978222555,43.9668782825062,44.01320603366944,44.084504730381504,44.15172200644386,44.20195653884103,44.25166413247795,44.29531397501096,44.340275411559546,44.3647092404251,44.393692769064145,44.40298288998899,44.41861098298484,44.4651782665386,44.533237152469766,44.59717081733408,44.673090687273366,44.75647563640705,44.84600173615902,44.90220421816077,44.951350356334935,45.080937631337086,45.23671523263736,45.3916091459334,45.545562911365906,45.70158913952726,45.85916009174034,46.01517267832206,46.165377064678744,46.306421850276564,46.43671676582287,46.55673055773756,46.667215347509455,46.7670661034671,46.85305477412455,46.92198672199945,46.972796512537656,47.00548502341168,47.01780901860653,47.0156943910541,47.03872946777592,47.11403199201524,47.22838058372987,47.336968808977936,47.39613539572558,47.44953090310811,47.50304606218176,47.56372746048355,47.630315958628294,47.6690326516056,47.70552534885102,47.769145782297144,47.83814056464693,47.85464913454875,47.871237869705695,47.9017129243366,47.92471585902818,47.96351493301248,48.03222309663223,48.113683783098224,48.18996717201168,48.27181819235907,48.356842825242744,48.442637967076756,48.53617217399133,48.648560584558226,48.775621293937895,48.91635013380347,49.04212255981391,49.18837791842627,49.32524043645098,49.437196495738014,49.57833670094751,49.69073497807352,49.75044308332006,49.80613865687253,49.83934103610597,49.847318777025926,49.844094010494196,49.8407278655485,49.805874435331795,49.7898450722408,49.78024374804416,49.79896085750953,49.80053859410582,49.81735232662382,49.84925750301122,49.89846999554956,49.94127684819569,49.96728613883154,49.98379917176198,49.98105292954789,49.95709946014306,49.92065852499485,49.865127209623466,49.829834732719355,49.7936418415446,49.768361863719804,49.74386982857122,49.71506908953237,49.687837067294716,49.663816060548896,49.632842787227325,49.63260662546043,49.65143260605945,49.73173488575125,49.8284929091307,49.88129167532893,49.85944638650684,49.886032138239266,49.97587773029664,50.048264782067214,50.0948006200266,50.10061822126539,50.073020136414065,50.032868713052025,50.00515733861169,49.993379131656745,49.991937224697125,50.00273663781874,50.02574352674443,50.04615308724144,50.06543314343396,50.100455772089326,50.14584273355042,50.19229666689374,50.23498026128126,50.291606030539334,50.352677951227015,50.42193222656415,50.49318096874694,50.569776965258804,50.647652116160934,50.72018306308389,50.78225754485997,50.84191654353451,50.91182050323991,50.978588060644164,51.04616148092713,51.10742424005102,51.16280368867942,51.22433422415488,51.27868826932898,51.32899592997151,51.37084262868939,51.42511998045341,51.48305400554759,51.55253650016845,51.623792609845104,51.71857065801676,51.80343166289165,51.88893006242489,51.96933760915262,52.04068672095464,52.10174373342312,52.1530526878059,52.195267115258986,52.22781049606365,52.249559226504616,52.26034410826083,52.26593738722796,52.27313310584134,52.28663404893018,52.30979772936551,52.34563322215355,52.39515873017567,52.44998759301597,52.499469593178326,52.54319978298993,52.58544672906976,52.61808017308233,52.668025175888545,52.743613340159236,52.80672535335028,52.871384336595625,52.93561200502914,53.000646491615456,53.067732829292524,53.13589170100223,53.20217790243398,53.26754294233956,53.33299053950755,53.39799846640829,53.46160755605183,53.52278486134175,53.58043172289422,53.63379937702102,53.684315823718805,53.733244224400295,53.781876852746635,53.83237874335948,53.88761186123241,53.95056532026459,54.021368715068554,54.09932976394941,54.184091914213,54.27542489000187,54.37326637814514,54.47932989056718,54.59000215934604,54.705225452271215,54.8207481713744,54.920948170422704,55.02176626335251,55.13629168195536,55.24126153075517,55.33018980414431,55.41279897584613,55.49443897844474,55.57331945978837,55.64369573179318,55.708229350536385,55.76374393361576,55.810831270737424,55.850615868173485,55.884502262947805,55.915542828559424,55.94902466718852,55.99035049128019
37.99571562308115,38.254241327454174,38.50907983319685,38.76240996305958,39.01330661240212,39.261232175875186,39.50772364800041,39.7543211009869,39.9994629392395,40.24197725644638,40.48035877175693,40.70915441999773,40.92384700592643,41.12199353976883,41.29450731919833,41.45499666124255,41.58152626588596,41.693440378420675,41.779934075356636,41.86968775451183,41.92984302151372,41.96911711015613,42.03271896630882,42.09071414585937,42.16882386861359,42.248809422700674,42.33297064827178,42.424146355031965,42.524462882164904,42.6318790267412,42.74372004403313,42.85738052105242,42.969934431245974,43.078121092728324,43.175945321002395,43.263880389902695,43.334915927043376,43.380106770189926,43.40138721610992,43.417845290168934,43.43660116031958,43.468435130037875,43.48517600388144,43.506171356322064,43.52472815030823,43.556610183376606,43.59732670813892,43.64964649534963,43.70685282982817,43.766287142582016,43.819121840049675,43.86473133033305,43.91334354646511,43.95822798796435,44.031911521807736,44.09769221961003,44.14824368644467,44.19875621386502,44.24382820432902,44.288441354545554,44.31455107758681,44.34249050501165,44.35508520691334,44.37030938025505,44.41449794279764,44.47879626799769,44.54104376109037,44.61313999483621,44.693139173369325,44.77997052849056,44.837659300717014,44.888064618194925,45.019434091265865,45.17314101941841,45.327285613674555,45.481183236091,45.637166025867806,45.794417202748264,45.949797565905534,46.099098884070784,46.238946764191894,46.36763317536169,46.4854965433726,46.593480609940144,46.69087526344101,46.77494706786476,46.8429084406578,46.89380772792228,46.9275884183083,46.94240460592153,46.94434494652955,46.97033743371138,47.04534832913696,47.15739523950756,47.26474255978744,47.32630060802153,47.38309644251615,47.44063712724699,47.50494261213785,47.57398439438388,47.628196871776616,47.672804711889945,47.72665058841736,47.78327907221227,47.80253353772229,47.815421230998375,47.845045263987444,47.876525944808506,47.91501835183462,47.977123586779314,48.05342657122858,48.127157663310484,48.20749222486498,48.29218622944148,48.378944478871354,48.47387654671557,48.58695843900247,48.71418789286502,48.85432115310771,48.98137201773862,49.141959416827845,49.27845380233564,49.392334236981625,49.51547502853876,49.62582678048513,49.686434987152474,49.741798331728226,49.774995815378425,49.78350191482215,49.78114128948494,49.77913726921675,49.749945008077255,49.737012723725684,49.72681372136239,49.73968404998837,49.74282828318402,49.76170255306465,49.79597238704745,49.84704047152707,49.891628198137596,49.919031913771725,49.93668617406916,49.93619567425877,49.916171541041734,49.88328802307702,49.84215027968238,49.794941293979086,49.754274175398905,49.7224876047224,49.695488121390405,49.66924351015867,49.64366600489416,49.62206711054313,49.59482984306948,49.599908150603234,49.614198576486764,49.682891836552386,49.77599893151246,49.82767911973971,49.816578465707835,49.85015386129509,49.93830981763905,50.00856975394774,50.05191930685169,50.054174391757556,50.02162524078489,49.980179022618366,49.95425786094555,49.94182665281792,49.937086803510795,49.94682781117174,49.97091444637147,49.99125336247164,50.01121716082067,50.04613242579673,50.091450486001044,50.13875750047992,50.184050243509034,50.24203270794505,50.30161903490803,50.36983069082231,50.440392523527265,50.515379028719984,50.59146048557374,50.66300422579097,50.72546087099275,50.78555517295674,50.85428137762563,50.919980642046106,50.98665102269197,51.047645301898,51.10223419108424,51.1609618728565,51.21315288421189,51.262428581433625,51.304058972034895,51.358733715158486,51.4153748737752,51.485394859197825,51.55705943056977,51.65504140441242,51.740591996575965,51.826843583561335,51.90801380746118,51.98010745344459,52.041907779506005,52.09392434940918,52.13656488393217,52.168833370544455,52.18733679569102,52.19616528193926,52.19977184515357,52.20812044423589,52.22166906003442,52.24579090391202,52.2827586144469,52.332984873532794,52.38827034432815,52.438263372470395,52.48282310202149,52.52611111227282,52.55746410579835,52.608048715560486,52.686322930934935,52.7496931226133,52.81451370282585,52.87884991698166,52.943759610764346,53.010426535742454,53.07805015298549,53.14395986209582,53.20887538657807,53.27350972352726,53.33734011394156,53.39955536169621,53.45930233071929,53.51566843773376,53.568087719317056,53.61802451803738,53.666740151666225,53.71548832234316,53.766352309480816,53.82210997952302,53.885663286268894,53.95712576417589,54.03578678768092,54.12121341266896,54.21305108673473,54.31106188476649,54.41675059242774,54.52647746453886,54.640203602606306,54.75429376849958,54.85423236166435,54.95477929594752,55.06878166281907,55.17361374519569,55.261633489958655,55.34304253057315,55.42342653345786,55.500892345341505,55.56734798754972,55.63078963747191,55.68562359820684,55.732506552441784,55.772583248145,55.80724535431741,55.84197538867886,55.87707647410926,55.92083853434645
37.88179977834602,38.14180255871869,38.39739677041957,38.65088075045047,38.90158091570889,39.149273572175325,39.395824387978365,39.642993450641555,39.88904774473965,40.13255245991542,40.371762319621325,40.601135801308146,40.81620024579186,41.01473991800228,41.18449353766704,41.35050610008009,41.48320708247731,41.59390400551543,41.68421099492619,41.77353364183182,41.837408927702,41.880620560739615,41.946066571332416,42.01090105158912,42.088207152412885,42.16917154169654,42.25505691228707,42.34841055719615,42.4512483518276,42.561342512566796,42.67583871101536,42.791996094329555,42.90670866981896,43.01645585427717,43.11523140860112,43.203624584985654,43.276056596197336,43.32335464894989,43.35062963299633,43.37326265002481,43.39389754955757,43.419094204413604,43.42434573501941,43.44988751074205,43.45895153489455,43.49678466051583,43.54059361969042,43.595377281988554,43.65249971846958,43.71487303782386,43.76895143683942,43.816334754486824,43.86672705592032,43.91058311840649,43.986010666896185,44.05019381236764,44.10096543652384,44.15211687077863,44.198406617303895,44.242522705134675,44.270192001927256,44.29711093160879,44.31293981950642,44.32822177836019,44.37001384484403,44.430267608299374,44.49070097038261,44.55906329641375,44.63575150809489,44.7199761968914,44.77954925720502,44.832222058117644,44.96495629757428,45.11646345264482,45.26975125419607,45.423532393576025,45.57942871683231,45.736313068644755,45.890997308415464,46.03931713698109,46.17787708154946,46.30484124174933,46.420401205051064,46.52570331692221,46.62045334446,46.70243612454794,46.76929060737275,46.820193186960374,46.85504658886908,46.872422700440886,46.87856531379162,46.90762447926359,46.982304703615256,47.09187386830668,47.19788036495341,47.262029114046335,47.322486622165336,47.384351993775205,47.45267432046838,47.52454827767311,47.59295998248206,47.6453652761913,47.6899654873782,47.7343055474493,47.75596719010449,47.76553739853475,47.79417137671526,47.83335566301439,47.87147315244427,47.92719270807668,47.99848515849422,48.069811870849726,48.14882989379997,48.23346164406822,48.32154164862097,48.41826437303426,48.53229029799451,48.65976255184014,48.79918627332007,48.927418513299266,49.10079008762438,49.23987048161223,49.35262376957312,49.458489742872224,49.5667524766165,49.62834291780036,49.68322802439686,49.71625715954916,49.725201971923916,49.72358187984007,49.722839097117195,49.69933289810452,49.68940054241959,49.67874355621623,49.68604006995541,49.69108906038643,49.71235022572349,49.74922938211337,49.80211885990447,49.84848991922442,49.8774676144075,49.89620819487705,49.897730653527226,49.88132134047531,49.851687679185694,49.823891091473385,49.76562405615494,49.7208033267684,49.682933403037985,49.653665963940284,49.62999999468238,49.60627359742542,49.58732892775019,49.56410443388581,49.574011073532226,49.58446070694624,49.64212129851559,49.73071611913454,49.7813421934886,49.78089578887434,49.821060924684765,49.907914807290965,49.97608385769222,50.015933232103016,50.01442210124283,49.977104795971165,49.93437673180756,49.910035367558905,49.89696462296255,49.889085501228855,49.897581050869455,49.922333301347145,49.942481504852566,49.963133687980424,49.9979767080477,50.04326291171746,50.091367289106984,50.1390194812048,50.19830896874131,50.25687387404164,50.32454918016295,50.39464836357268,50.468103010433985,50.54238033486036,50.61272263944186,50.675285275673936,50.73564921658612,50.802987463733956,50.86726953345476,50.93263534931105,50.99303981552873,51.04671444457573,51.102743299944805,51.1529811724082,51.20148758120151,51.24335694933109,51.29880092928655,51.354797370306066,51.425596156194366,51.49788043545888,51.59841320916648,51.684450034536404,51.77117773418255,51.852838890279266,51.925454676767146,51.98782700234413,52.04041570226547,52.08338721828711,52.115362151750055,52.130877152921414,52.13791928899556,52.13970822921441,52.1490575046405,52.162575807336765,52.18752769688342,52.22555091049365,52.276515128028485,52.33241876791364,52.383245079818586,52.42906351542662,52.4738215612501,52.50476521959324,52.55617955803591,52.63646569292978,52.69993180243988,52.76468865557857,52.82889066878025,52.89342421110086,52.95941343740165,53.0262507315412,53.09156571781251,53.15585639205652,53.21955798403192,53.2821469259257,53.34295090952895,53.40128708908516,53.45642059890383,53.507960481387464,53.55740348954675,53.60601482057901,53.6550197758065,53.70642478738398,53.76292079024165,53.82730882057714,53.89966362464591,53.9792255986788,54.06544560351554,54.15780556113569,54.25589164643603,54.361054350224805,54.469668261633494,54.58171634883892,54.69419239202389,54.793799157978285,54.89398568701392,55.00713661580941,55.111535280526006,55.19863167368606,55.27886324770101,55.35795342723446,55.433962748316276,55.496729382666125,55.55907689693394,55.61325465609253,55.65997338538171,55.70038697980378,55.73586514185874,55.77408994697785,55.81076436336859,55.85685149288992
37.771817304504836,38.033756806889855,38.29048069011097,38.54435815331101,38.794997120272605,39.042529220382164,39.2891583732425,39.536864990750445,39.78376959070249,40.028189019922095,40.268137572554714,40.49799051233563,40.713309072988274,40.912113977226475,41.07936559226649,41.25037543329376,41.38893764149342,41.498698183231866,41.59276080620129,41.681650480282066,41.74927924627836,41.79665914396796,41.86406686286129,41.935592506977315,42.01233234358496,42.09449017285045,42.18233846969003,42.27814055507099,42.3837881353606,42.496850739749455,42.614268323734244,42.73312830460882,42.850101678238254,42.96138403342861,43.06103057957962,43.14974023968645,43.22329547892707,43.27251667184357,43.30565173318186,43.33410093120354,43.35648437013131,43.375385099273934,43.370028572834684,43.400024244667804,43.40007664116096,43.44329134338743,43.48999800269391,43.547161001067714,43.60453473054071,43.66982397610792,43.72550434745368,43.7750039477877,43.82731454042296,43.870668346455545,43.94713380996951,44.009544351572536,44.060400643219026,44.111981307792156,44.15924369805537,44.20272590933549,44.23182327563463,44.25778842990322,44.27675159302994,44.29260604803231,44.331997230217745,44.38791896647835,44.446385317164626,44.51113702528357,44.58462174757416,44.66635869078245,44.72823064482138,44.78391820097626,44.917443164200606,45.066758125839016,45.219134043213565,45.37275245870666,45.52853562589859,45.68504001120033,45.83901670767654,45.9863355314992,46.12356673280975,46.248722914940956,46.36182855606898,46.464262965615745,46.556172730037304,46.635883131932886,46.7014785030146,46.75228146095588,46.788178469122144,46.808179767136046,46.81866988336399,46.85090299028679,46.92521382839473,47.03212797140448,47.13669209898027,47.2036320347935,47.26801635882382,47.33451201293666,47.40724917053968,47.482225276976756,47.56275034454581,47.62227709009721,47.65858544154362,47.69144312337019,47.71509794447818,47.72184161779749,47.74934249678276,47.795222343072034,47.83288827918838,47.88254911128974,47.949053064210936,48.01816958086311,48.096111166553975,48.18098551958187,48.27073775742861,48.36944902744165,48.48457794876651,48.61247756390024,48.751275639860665,48.88061082192121,49.06440156247505,49.2098358715219,49.31751259956988,49.407680825732506,49.51382057431409,49.57646879310824,49.630703138476385,49.66337307666492,49.6726562180512,49.67163496536814,49.671997323710585,49.6540937818362,49.647009774313176,49.63609016831279,49.638273120430995,49.64559700718141,49.669593981675895,49.70933537355653,49.76399785058092,49.81214769020874,49.842890507697135,49.86265141346809,49.865896667894745,49.85272841219406,49.82597821904931,49.81010072152322,49.74194214604028,49.6933850764938,49.64995804239163,49.618702577263164,49.59759508743622,49.5759351789724,49.559893790918345,49.540761128318,49.554578130059106,49.56179767940048,49.6095357626604,49.69286408669415,49.7423702952206,49.751887333793555,49.79823342741092,49.88414598980628,49.95057806162597,49.98708216598654,49.98165380608568,49.939823350175594,49.895836280338685,49.87280501342066,49.85911091106869,49.84831140660847,49.855360335410765,49.880287544873184,49.900112935375994,49.921456248009704,49.956268798267374,50.001567256513745,50.05040505068378,50.10011878336735,50.16064441344925,50.21868979253439,50.28608859572157,50.35574510908282,50.42780397419994,50.5004192598754,50.56954049202114,50.63200647586099,50.692484881301944,50.758239765750346,50.8207201834306,50.88433513918453,50.94378783030814,50.996415140604334,51.04988730382296,51.09842360247903,51.14646345816123,51.18908230726931,51.245686639952154,51.3017284062944,51.373561397802696,51.44672424466706,51.54908576597549,51.63538947664151,51.72228357124242,51.80413078689583,51.877016112988045,51.939761761076745,51.99276237527805,52.035952018169034,52.06761296846875,52.080478383901536,52.08593822790972,52.08611329871463,52.096258993284266,52.10966259476971,52.135297752728995,52.174285140229344,52.22602545006205,52.28272533577458,52.334740968888234,52.382275891447776,52.428880047221334,52.46024603394118,52.512629491091644,52.59422204005812,52.65767911893227,52.7222025976979,52.78606010639807,52.84997289347992,52.915006586935554,52.98077870275593,53.04525388898193,53.10872227084685,53.17135906332947,53.23264040059202,53.2920219768667,53.34897943359215,53.40294512845242,53.453692940119375,53.5027460354858,53.55137856562473,53.60079823565315,53.65294067496006,53.71040777020341,53.77588218348553,53.84935736689254,53.92997510118279,54.01703462169989,54.109855742872675,54.207893245797145,54.31240416605813,54.41981402839733,54.5300888010239,54.64081049863876,54.74001126910092,54.83973795246443,54.95168375982821,55.05532099418016,55.14147698549394,55.22055979252297,55.298323191538366,55.37284241664877,55.432237028008856,55.493498540249035,55.54705446590667,55.593656847538405,55.634456117114944,55.67078983566874,55.71223692906311,55.75042098477575,55.79869220877516
37.66624608379395,37.930614479653414,38.188869438110714,38.44339654711332,38.694118911014456,38.94156847100612,39.18829409311506,39.436495090050464,39.68417227418747,39.929414615404745,40.17000500214599,40.40023548085453,40.61567834889716,40.81460474518723,40.979691989507955,41.15503102632314,41.29901095307297,41.40820696379083,41.50592427548267,41.594448684408135,41.66583495138852,41.71758480377896,41.787073140682885,41.86499012406276,41.94146904557012,42.02506721678499,42.11513897152548,42.21367757908379,42.322438092295464,42.438771706786184,42.55938583603333,42.68115816549274,42.800491949187474,42.913274508331284,43.0136984782767,43.102563280470505,43.176929458323,43.227875744569644,43.2666697048235,43.30046746412259,43.32441925369453,43.337437671242945,43.32260221974498,43.35649259568384,43.348551178187506,43.39646421331257,43.44582955057443,43.50526569578391,43.56326428408178,43.6312780097932,43.688724233671884,43.740504663705856,43.794821902921015,43.83832511811275,43.91529482447467,43.97599689713597,44.0268216034104,44.07858459212528,44.12653393070326,44.16925741315648,44.19963616089715,44.224757380942606,44.246723556219585,44.26369197856268,44.30068134704111,44.351993506222556,44.40830819449111,44.46960217216622,44.54001331823654,44.61939300268034,44.68364900309718,44.742638780204516,44.876378409542255,45.02353768237675,45.17496728412938,45.32838302165375,45.484036243256206,45.64017299782477,45.7934832898931,45.93987392937402,46.07587901763059,46.19934011216915,46.31004764238178,46.4095261428472,46.49840580368613,46.57564927777847,46.63981740845364,46.690401121212716,46.727302993095584,46.74999227097849,46.76497304577033,46.800483637899596,46.87438841642,46.978469050078225,47.081487636372394,47.15142049125654,47.22000056925973,47.291405330533,47.368604962518894,47.44662817368307,47.53705890210984,47.60262979046704,47.63200588772682,47.654912263272486,47.68007365362618,47.68458913426926,47.71080985845259,47.762143314407666,47.7992726764138,47.843311447184014,47.90532380769449,47.97247057958433,48.04961596422929,48.13498474490391,48.22637388015388,48.32700924767449,48.44333182972287,48.571847432444535,48.71031037665399,48.84087889603082,49.0323413449091,49.18856325713793,49.28645549900765,49.36334227073878,49.46733226483202,49.53106090015967,49.584488290450324,49.61659157461348,49.626101922923986,49.62551972987768,49.626775923457686,49.61428333569488,49.609841665397134,49.59891047335921,49.59662740443543,49.606628205037296,49.63370561201991,49.676380741064236,49.732708922378905,49.782653761397114,49.81536552668135,49.83623348755867,49.84093003644874,49.83057227625475,49.80628036839633,49.80053024635863,49.723954690428464,49.6721752054159,49.62382030650837,49.590897182401335,49.572285332752934,49.55292132615623,49.53987911360072,49.52439823758461,49.5411743650575,49.54569926166797,49.584600913296825,49.66206514332411,49.71031301782966,49.72904061817346,49.781151468476224,49.86644316815541,49.93148936216483,49.96508974208729,49.955997289458566,49.91009798850918,49.8649090005988,49.84287412470428,49.828582446253186,49.81514260840679,49.820529643294506,49.84506463015131,49.864423075033734,49.88645805609772,49.92127405828427,49.96659149832904,50.016057696079756,50.06752220102368,50.129127730909254,50.18688759600378,50.253975756389146,50.323182577577725,50.39398995287333,50.46511462522963,50.533099635575816,50.59540655598459,50.65592004735357,50.720127308849875,50.78059008267374,50.841971070712546,50.900069395601115,50.95150697062057,51.00260268289412,51.04973064298549,51.0976464064024,51.14144919471681,51.19933592687356,51.25594827227526,51.329041640591974,51.40341334987075,51.50704220606867,51.593574615778024,51.68043228801856,51.76218841398398,51.83507796667491,51.897972414843004,51.9511999973502,51.994477183423136,52.025801949488816,52.03643857433712,52.04055419716181,52.03935380784049,52.050039616396276,52.063237726265726,52.08939071589797,52.129236333589446,52.181791796032805,52.239481280751924,52.292991690600196,52.34242509512742,52.390967351939274,52.42341317788354,52.47685701072174,52.55911346375307,52.62251479709384,52.686736713331065,52.750176386421494,52.813397905177865,52.87736984538185,52.94188185264284,53.00527763654663,53.06770920753953,53.12913670372785,53.18904203617181,53.246996341026076,53.302619661393074,53.35549894842753,53.405560372400025,53.45434536072014,53.50313904978146,53.55313483555632,53.606188735676376,53.66478662428359,53.7314539960158,53.80608778529825,53.8877362300382,53.97556090019039,54.06873114486613,54.16659385657238,54.27035695433003,54.37654257716922,54.48509191324031,54.59409043878223,54.692840646215,54.79204716949316,54.90260734567792,55.00523037048543,55.090445151386035,55.16842463914095,55.24483907210068,55.31784309827492,55.374268034444306,55.434461978743734,55.48744038628315,55.533982016893134,55.575219714043584,55.61244764584425,55.656766760541295,55.69637898813993,55.746663523866665
37.56556399844978,37.83286416082362,38.092932796509785,38.34825100000532,38.599181855064074,38.84665825400302,39.093513764868575,39.34212092666887,39.59041938758364,39.836349406158305,40.07752126597986,40.308154146033395,40.523742501397784,40.72269857824821,40.886041235902695,41.06489924460782,41.21372002735466,41.32281439941322,41.42404216907105,41.51233866875566,41.58745701717822,41.6437494841104,41.71543870458467,41.79929551488418,41.87588686180871,41.96120457412276,42.05378206883831,42.15536285966184,42.26755408216379,42.38747311702044,42.51154831287636,42.63638302374666,42.75808720427438,42.87227561165393,42.9733762561003,43.062300710543894,43.13722683387692,43.189713859030206,43.23389973607823,43.27246957919944,43.29775983190101,43.30538177694459,43.282444378168044,43.31920349200972,43.30482023012375,43.35663051594062,43.40835595291419,43.46983040110837,43.52858445479176,43.5988830635294,43.65814357332769,43.71230818190877,43.76869296324431,43.81294433394005,43.889981100459636,43.94926207497696,44.000174837513875,44.05199078294485,44.100391300877014,44.1422680677915,44.17375410746286,44.19819150098836,44.22285664316143,44.24130430928717,44.27586826435624,44.322362524936665,44.37631086452646,44.434298128469464,44.50174550005772,44.57885743496667,44.645338761349855,44.70781511436602,44.84122596999606,44.98625993097958,45.136705848612074,45.28987539467236,45.445381275639086,45.601166578577924,45.75385999662709,45.8994076356399,46.03431060575219,46.15624171300353,46.264755256931345,46.361481190847705,46.447408762461485,46.52208011766832,46.58465214810901,46.63488073903483,46.67273909312295,46.698171791400206,46.717698226125904,46.75645108169677,46.83002414657486,46.93120475872285,47.03257685163423,47.10570336809128,47.17866625718811,47.25483931396485,47.336211858917295,47.41720622789537,47.51552646088479,47.58588108424478,47.6097878291268,47.624711050817076,47.651000859258545,47.65403519343278,47.6788246959875,47.73413590644747,47.77063528846742,47.80959836652489,47.86749090826067,47.93295205325388,48.009478990587816,48.095193231620414,48.188001270979676,48.29045983412779,48.40802511639723,48.53730141070734,48.67568198082597,48.807623303755705,49.004226505169775,49.173226846290866,49.25903843191389,49.325454322833814,49.42727175814346,49.49191467752774,49.544541155508746,49.57605150212609,49.58575236580659,49.585455356724104,49.58733887081928,49.57995723610317,49.57789746166212,49.567261387062615,49.56134712498905,49.57441195154192,49.60453732743758,49.64993849097509,49.707793704442665,49.759541739765,49.794398962901475,49.816620768545675,49.822798752721475,49.814887972063104,49.79265998444049,49.794930742506395,49.71172081170685,49.65732949437543,49.60477897911325,49.57054821864595,49.55428761407667,49.537221290757856,49.526885878449114,49.514532085516706,49.53336482340094,49.53565522156728,49.56671139567311,49.637802283792816,49.6846631900387,49.71184315972203,49.76929514688332,49.85424614530873,49.91824876925022,49.949399108334894,49.93703721973314,49.88772685247018,49.8415038717443,49.82023057367692,49.8054769413076,49.78983275725698,49.793410828413805,49.816938859291504,49.83565340270905,49.85823622138792,49.892905327731285,49.938086983854994,49.988005073318206,50.040953743486874,50.10338564252534,50.16096825271652,50.227701170757825,50.2964571175189,50.36616156364578,50.435972720785394,50.50292043020939,50.56502808684789,50.62551747960724,50.688275077306805,50.746842771678054,50.8057575430326,50.86206456077259,50.912160626074915,50.96109823556144,51.00714845692173,51.055151061785494,51.10014707683381,51.159297884268184,51.21692058233804,51.29145273870076,51.36731417727346,51.47171546615451,51.558516136294095,51.6452987503307,51.72688237121015,51.79967987656361,51.86260524501324,51.91591535110747,51.9591568024879,51.99012656508617,51.99902131574513,52.00201678068495,51.99964830019433,52.01059398692233,52.023569332234345,52.05009106948567,52.09067708075892,52.14405931347865,52.202752847166245,52.257705229050764,52.309014149693276,52.35953011530159,52.39363268763636,52.448210781909076,52.530553434303144,52.593864219991254,52.65773508976307,52.72071039719344,52.78321921979462,52.84613042124633,52.90937334561331,52.971619204921794,53.03290444216716,53.09302995900426,53.15151656482592,53.2080546045059,53.262398586508986,53.314274755524885,53.363740360740074,53.412335877290104,53.46134909814398,53.5119602500496,53.56594815973571,53.625685136210585,53.6935422286537,53.76931201171822,53.8519416342998,53.9404519787314,54.033864439188505,54.13143923579778,54.234374881768595,54.33933029398725,54.44621631523017,54.55355191894269,54.65182433242688,54.750473496891175,54.859578430268364,54.96111217660981,55.04546190363029,55.1224657033083,55.197630077490615,55.26919392821783,55.323175221791544,55.382351249179386,55.43481398825197,55.481360139354,55.52309210814894,55.56124913904699,55.60801050327362,55.648952740649435,55.701058598243954
37.470206920400514,37.74052370150126,38.00237155082475,38.25852691200939,38.50976920827694,38.75738710528035,39.00441657939328,39.25334064276981,39.50211246112963,39.748612696599835,39.99033694339412,40.2214589219222,40.43738910267309,40.63660165817193,40.798930146667296,40.98040638832315,41.13335787447715,41.24290454231986,41.347455253267135,41.43573084787022,41.51452641779314,41.57550512890003,41.649516854354054,41.738710291480366,41.815855395741025,41.90320414548637,41.99859141267334,42.10353604909159,42.21944263671623,42.34310272484445,42.47065461726614,42.59849073480263,42.72246101808825,42.83793712223345,42.93963445952404,43.02860530406466,43.10404112929618,43.158105464989426,43.20748283616787,43.250192685024025,43.27656024602272,43.27934695286179,43.249850835763716,43.288007962412564,43.26902604339358,43.32380891993309,43.37746898576684,43.44053386036761,43.500047018327436,43.57218795970189,43.6332728215293,43.68988258878118,43.748369856807344,43.793903898574264,43.87063052619357,43.92877907543819,43.97993739255051,44.031759309286535,44.08047529612953,44.12148267977461,44.153887405019695,44.17782916587614,44.20476967400633,44.22496353352203,44.257086860050116,44.29860934013639,44.3499937911954,44.40481005296398,44.46938752683341,44.54430099889956,44.61281646729518,44.678878522024405,44.81144978195885,44.954382680369065,45.10380460833019,45.25668089001752,45.412021429781134,45.56747530351962,45.71960976791021,45.86441112464104,45.99834935313701,46.11893041785524,46.22547048800896,46.31968662556738,46.40289222568868,46.4751448322558,46.536134101270015,46.5859326202269,46.62467751660599,46.65276045212817,46.67659683044458,46.71844069697445,46.79181188750796,46.89036445973287,46.99018054721522,47.0665235364439,47.14367926613113,47.22425927814492,47.309512266782974,47.39340869703002,47.49781579034597,47.571816040513575,47.59162425089138,47.600451372067496,47.62765657539535,47.63033281397802,47.653635819004954,47.711217347859616,47.746984656365555,47.78152653089782,47.835726698486816,47.89962754885137,47.97536817870842,48.061176177948276,48.155166849256354,48.25931558719658,48.378130984323235,48.50826875192297,48.6467787082341,48.7802106726992,48.97969316774964,49.157961494399814,49.23496124268622,49.29353543804004,49.39319160766141,49.45859817382116,49.51047571545531,49.54146983067446,49.55148154446353,49.55155422450322,49.55384970447718,49.55117115948368,49.55117840909878,49.5411998251301,49.53263368698483,49.54872275419438,49.58160894592339,49.629505977689085,49.68873990801224,49.74227539096938,49.77941485655498,49.803213782900464,49.810966029727396,49.805235407422586,49.78480444911814,49.79305328649326,49.705213860421594,49.64892762248603,49.59300466353718,49.55773844982015,49.54339359839655,49.52839062535946,49.5204201933865,49.510678995945234,49.53071454996302,49.5311553269169,49.555261855037514,49.61955850286871,49.66491364057067,49.69978247614726,49.762144561634884,49.8469947242366,49.91028729282359,49.939450616979244,49.92424645507594,49.87218823174934,49.82513200438063,49.80443829167493,49.78939281965534,49.77204588109477,49.77382655752942,49.795837084788154,49.81363126661106,49.83641736525255,49.870716288779036,49.91557533194751,49.96575347227039,50.01992309658153,50.082934556817456,50.14042497979685,50.20675534741973,50.27506507736778,50.34381942370896,50.41249983640506,50.47852323602536,50.54041205786191,50.6008341075825,50.66224662603549,50.719068623283626,50.7756442241574,50.829936451791426,50.87854348254318,50.92555035505613,50.970671372207256,51.01862913327681,51.06473467336698,51.125106154117596,51.18410650633326,51.26020805416065,51.337783579099906,51.44250078626054,51.52960355756775,51.61628814848812,51.69765986779601,51.77034434999262,51.83329172972044,51.88665803149066,51.929825154355015,51.96045296369319,51.96806707552723,51.97007445237668,51.96667934800571,51.97763208779158,51.99049254997323,52.01739993542657,52.058633403323434,52.1126552110452,52.1721216664158,52.22838501411292,52.281519337974046,52.33401454827552,52.3702705994157,52.42603946963661,52.507955421997,52.571152770691135,52.63464129764998,52.69712628476664,52.758922022604196,52.82079490181298,52.88278645903255,52.94386151613848,53.00395878055468,53.06275621747643,53.1198299924881,53.17498689406765,53.22810486378668,53.27903390778799,53.32794373941045,53.37636755670421,53.42559969756004,53.476816160610674,53.53172501122236,53.5925848968429,53.66160766474744,53.73847346441626,53.8220229554847,53.91113539706733,54.00468829791226,54.101875140509264,54.203920115102015,54.307653564889534,54.41295046533971,54.51869638382227,54.61647661234748,54.7145462040879,54.82215296400627,54.9225504358624,55.00612326960632,55.08229365115434,55.15635540912304,55.22664589612538,55.27881109966488,55.33710601834795,55.389163064256124,55.435795187457686,55.47807055904815,55.51716815572518,55.565895571223955,55.608062998245636,55.66183492970473
37.38008318461468,37.65315693585965,37.91672004808913,38.17374452108562,38.42538713495241,38.67325120062237,38.92050202678933,39.16967706937133,39.41880772654688,39.66579304080673,39.90806520172128,40.1397765493873,40.356249935792455,40.555997774202154,40.7182894883827,40.90181075797798,41.058201932499365,41.168861428884355,41.27650429437168,41.36503563629743,41.44742412737908,41.51320368208565,41.58966088977849,41.683436065890085,41.761644250807386,41.851364330958624,41.94983284870031,42.05828018411459,42.17788155285827,42.30519837162949,42.43614498889044,42.566899406682,42.69303979796547,42.80970825007441,42.911949796326496,43.00098093474978,43.07691305437558,43.132654981494035,43.18711023133812,43.23342897678563,43.260701025359744,43.25932432324858,43.2245567585684,43.26259803942187,43.240730494390625,43.297587896034706,43.352745149351264,43.416952202824476,43.477193083852924,43.55074152069601,43.61362243338492,43.67269597070775,43.733294719024535,43.780581716652165,43.85668098994567,43.91398506987164,43.96554981057656,44.01735697190698,44.066286050759466,44.1064290016146,44.13959075008891,44.163218607742834,44.19203898176608,44.21418274292522,44.24386167780532,44.280309761665535,44.32895333411032,44.38071908046059,44.44250583555631,44.51527147321827,44.585598668648935,44.65526032174333,44.78651378182747,44.927363739266795,45.07571843495225,45.228250819944314,45.383407412416275,45.5385537227097,45.6901955437741,45.83435887072164,45.967483115747505,46.08690892713539,46.191712368608044,46.28367768340406,46.36440681449531,46.43442662993855,46.49392162896226,46.54328010995337,46.582832178283816,46.613395793968934,46.64126763374638,46.68603476670184,46.75930642977026,46.85551639110557,46.95398954717842,47.03340967664585,47.11448483510599,47.199101678165235,47.28794859316404,47.37468483850339,47.48358965996857,47.56023114020809,47.57722397068017,47.581706517015775,47.609660083744714,47.61313226133685,47.635240946899046,47.69332748978286,47.72824193573542,47.759046022206455,47.80988084927835,47.87211820148925,47.94685786371682,48.03249863407319,48.127417534334306,48.233091307275885,48.353122609034514,48.48417870932578,48.622988814735855,48.75800763046459,48.95837745763364,49.13812704324259,49.213927557626285,49.26706708252481,49.36461342742611,49.43067772418486,49.481887785077014,49.51246162835405,49.522911993337786,49.52352206416678,49.526324238624255,49.52794881894971,49.5296714248284,49.52072740058252,49.51025800993576,49.5290791193874,49.564431174177955,49.61458055560622,49.67503524432763,49.730318480667165,49.76983724783928,49.79541134525879,49.80483930263019,49.801076965465604,49.78224154146327,49.79464895484597,49.70410156252513,49.64665531677059,49.58817615605666,49.552042234547635,49.53913673189718,49.52594784889903,49.51998816633588,49.51235529270125,49.53278858961727,49.53168934553533,49.549646936638354,49.606816795320256,49.6505571981485,49.692346085157105,49.75917981173352,49.84412870790941,49.9070359428264,49.9346846202702,49.91709785365342,49.862955718334156,49.815290330058495,49.79503195784505,49.77985933977698,49.76127154730582,49.76127287762251,49.78131171928336,49.797907246063815,49.820550379585114,49.85424447880357,49.89857668441974,49.948809030337806,50.00393863343753,50.06729088230547,50.124750994369094,50.190628794967026,50.25850280558582,50.326464150254445,50.39420226195097,50.459428413127235,50.52109945843768,50.581426860799006,50.64160550995031,50.69683392565526,50.75122445545305,50.80353953824529,50.85060925582181,50.89577010230158,50.939907064123744,50.987656919570696,51.03477070406302,51.09629437840344,51.15696721411134,51.23472094900324,51.314178407574815,51.41879340641429,51.50622639897706,51.59280434846304,51.67395008570109,51.7465287659281,51.80951819609584,51.862947318869075,51.90603772445354,51.936362634349486,51.943132448820386,51.94428753865077,51.94000840805627,51.95074167079437,51.96357851714796,51.99089372634511,52.03267660837671,52.087105656151614,52.14710640827068,52.20453405286707,52.259416942798445,52.31386686182829,52.3526929494376,52.40969173888726,52.490732897123195,52.55380583226022,52.6168989076479,52.67888819519375,52.73999149888068,52.80086987436576,52.86164982851954,52.921555457983374,52.98044350655474,53.03790188730171,53.09357744515963,53.147390503896624,53.199331578650465,53.24936017735196,53.29774210950274,53.34599831569071,53.395433117130146,53.44722665282736,53.50302275565685,53.564967497039,53.635111087645264,53.71301556165605,53.797411835109955,53.88703869494258,53.98063539310987,54.077347327742835,54.17845482105838,54.28098877591419,54.384782821915174,54.489025278123066,54.58631177058764,54.68379456051296,54.78988689729838,54.8891247696986,54.97201243483632,55.0474896300035,55.120595879540915,55.189778370831824,55.24071218473096,55.29826793588157,55.350031356400685,55.39682716291551,55.43968625629693,55.47972390435053,55.52996763084227,55.57325128862233,55.62853617252253
37.29474120842596,37.57030921872786,37.83551263533647,38.09342406519407,38.34554179938985,38.59374671581329,38.84126959715693,39.09065303749156,39.34006141555678,39.58747899285632,39.83031920829384,40.06273376929511,40.27995532971407,40.480513623847166,40.64367887150756,40.828839167498046,40.98822467017703,41.10091473638615,41.21149422614144,41.300654909517334,41.38652892865537,41.45719501242072,41.53621694844158,41.63365437486637,41.713436908694014,41.805716867203564,41.907271639214706,42.01913999137916,42.14232760007081,42.273193044646824,42.40743969428636,42.54102594678102,42.66924995124238,42.78703820518133,42.88979897428637,42.97893147439575,43.05537563787042,43.11290213383667,43.172306608715374,43.22176150568499,43.24981239077069,43.244951080804675,43.20606255208842,43.24263966992665,43.219429852615235,43.277524010144866,43.33375118534652,43.398661557741825,43.45956376053244,43.53409256889714,43.59870286400277,43.66021641407323,43.72290968531038,43.772355692810564,43.84757037998511,43.90431722962937,43.956452633648325,44.008250571562854,44.05732352742459,44.096633717860755,44.13041855581895,44.153907263463495,44.18424089945253,44.20847502915457,44.23571726130445,44.26703959936789,44.31278585288363,44.36160634577015,44.4206668632192,44.49131663666214,44.56320191312688,44.63639183208642,44.765881905998754,44.904660916394306,45.05190220014681,45.204036496707744,45.35898993027841,45.51385638620801,45.66508026425041,45.80872534822593,45.941199749546165,46.05967994125514,46.162999931722,46.25298960075557,46.33150312919556,46.39949116709242,46.457595692670964,46.50651803470119,46.546806141051654,46.579682039270075,46.611309334179204,46.65881557384818,46.732062561907576,46.82618542821054,46.92349944944565,47.00583173186781,47.090527676586156,47.17880296911786,47.270963245108604,47.360483909731904,47.47251083922792,47.550922864263015,47.56629580615282,47.568049775654,47.59662967971236,47.60192950360785,47.62317138198337,47.68019075861597,47.71413238276941,47.741817131127085,47.7895517266375,47.850005408959696,47.92352238073876,48.008725650180835,48.104300245563884,48.2113017947607,48.33247316606473,48.46446053615007,48.603700556188706,48.74038080465518,48.93991549980678,49.11435726315746,49.195641003035774,49.24553072245545,49.34105883147779,49.40771966376382,49.45837317916091,49.488641963260356,49.499660315520224,49.50096784225018,49.50441616839822,49.510036178683734,49.51316135437362,49.50553534100912,49.49374212066262,49.51499669143048,49.55251471890189,49.60465957912652,49.666167424628796,49.7231347745153,49.76509017695182,49.79261227025632,49.80382600659361,49.801875029324556,49.78449847926436,49.79946882409128,49.707983600600095,49.65007121032538,49.58980181459743,49.552960716993475,49.54104682632382,49.529411480314565,49.52509590522023,49.51907729961574,49.53915198723732,49.53674704524112,49.549261285723894,49.599060155915886,49.64108669149511,49.68902150445958,49.75988099618192,49.84508789929754,49.90792572920009,49.934541470457646,49.91506427363209,49.8595029042121,49.81147578032863,49.791546251334026,49.776405760153196,49.75699929676876,49.755240183259836,49.77289661680769,49.78802685704062,49.8101841562792,49.84302743518097,49.8866111830848,49.93667788492195,49.99250872718476,50.05597102750935,50.11343951355752,50.17881202199186,50.24626665063451,50.31359636047392,50.380586287285475,50.4451563216185,50.50663127798621,50.566852668776306,50.62591528396558,50.67970496695772,50.732066471411365,50.78245870190863,50.82797174356382,50.87133813246428,50.91443037527827,50.961810719361566,51.009813888668695,51.0723961991073,51.13496387552288,51.21440478526012,51.29585551492297,51.39998856664326,51.48777417990003,51.574251216227715,51.65518220688486,51.72769050333623,51.79077096291119,51.84430042911009,51.88734272125145,51.91742780753528,51.92376878537784,51.92421603006779,51.919196937127694,51.929510487717984,51.942394612396136,51.970113964477335,52.01232898005431,52.06693017865066,52.127225742500954,52.185655352393596,52.24218324699518,52.29853326692722,52.340265773918134,52.39851625464393,52.478299329970284,52.541248787765085,52.603951490412804,52.6654602745275,52.72591283389811,52.78586192618867,52.84549208969324,52.90425191824325,52.96192990401994,53.01805333572394,53.07235339707193,53.124861364221175,53.175670513745246,53.224836785673666,53.27270704790079,53.320786070977746,53.37039162595484,53.42271581228746,53.47934485855967,53.542314527657396,53.6135132806954,53.69238172170135,53.777539914692696,53.867589412101516,53.96113839685381,54.057301554534504,54.15744116636581,54.25881231309932,54.361201843302794,54.46404004654717,54.5608440917583,54.65774783559581,54.76233618055148,54.860414799573796,54.94271258484248,55.0176347871803,55.08993230128735,55.15817049889655,55.20841002383849,55.265364582691255,55.31694075537334,55.36397083545447,55.40744583671755,55.44841436699444,55.49975736918276,55.54404373470195,55.600680447732074
37.21372246662845,37.49152590493497,37.758283659600345,38.01708578229487,38.26973936588863,38.518369826637375,38.7662187805963,39.01579137814858,39.26542975988077,39.51325910682597,39.756712130444264,39.98995732251195,40.208135613396124,40.40977590461516,40.57465202500961,40.76111357935827,40.92312050065549,41.038761099418416,41.1523032054485,41.24264061703719,41.33195941269578,41.40757282360665,41.489202266683876,41.58924336623195,41.67096069848224,41.76584382098691,41.87041637097864,41.98559238692731,42.11223303171343,42.24651973116776,42.38395899999099,42.520287262496,42.6505178852554,42.769376197558834,42.87265870118226,42.961960794799225,43.03896190853596,43.09838664730998,43.16259638510365,43.21476881901336,43.24350508684204,43.23580865286791,43.19386782561239,43.227798800816,43.20462038756773,43.26317382816297,43.32005383543165,43.385238054382484,43.446700157530124,43.521789926690566,43.588024568491065,43.65191200526233,43.71665689107931,43.76860373168622,43.842736584581075,43.89921272606338,43.952086403822044,44.00390690901082,44.05308768878267,44.091623513062316,44.12592523535826,44.14944256991312,44.18095176007746,44.20735348386803,44.23217815423009,44.25837466308727,44.30108770712767,44.34705298370351,44.40343704681476,44.4719842679704,44.54514274844482,44.62170437161735,44.74901809086956,44.88573202047316,45.031810775582436,45.183489232562906,45.338219690101454,45.49283784407438,45.64372686937083,45.786985031498084,45.91898711049546,46.03674616062565,46.138852210344204,46.227157614019816,46.303731770103674,46.36990410009327,46.42673725388128,46.47524122038755,46.51620246780479,46.55122341037925,46.5863206298909,46.6363654013827,46.70963507246569,46.80189644641739,46.89820554625587,46.98325964528045,47.07125250304503,47.1627996060948,47.25799862966476,47.35025516813188,47.46424209759923,47.543687693612945,47.55854857496893,47.55905443797422,47.58818365870405,47.59622046788545,47.616907687851196,47.671494388261856,47.70435460227767,47.729471122999726,47.774331061233845,47.83287056905482,47.904936064899985,47.98942227645689,48.085361902295496,48.19346185004607,48.31565583094752,48.44854348563019,48.58830218845014,48.72669682287432,48.92394341925401,49.08856683073506,49.17980520521635,49.228407823999305,49.32204943385669,49.38929032770302,49.439527712494005,49.46962590348879,49.48134311410175,49.48350052528882,49.487724718900445,49.497036382342166,49.50128356291283,49.49520666283216,49.482605020215516,49.50599111463306,49.54537028679586,49.599240402649976,49.661624160155775,49.72018803817077,49.76459768409007,49.794215372528726,49.80733357678135,49.80709198213185,49.7911024803098,49.807263970755955,49.716459657229095,49.658733873831295,49.59738983042071,49.55999504132273,49.548653693421684,49.53830003854402,49.53524951796256,49.530361340519704,49.54936978769668,49.54581819385275,49.553499547542415,49.59577157942401,49.635994949333444,49.68929625176266,49.76372821398272,49.84931210137135,49.91238766188609,49.938461519791446,49.91761857317849,49.86130338137072,49.813185286741756,49.793515851288625,49.77856133926455,49.758718670362214,49.75521886900812,49.77012563139161,49.783535615514744,49.804867587228294,49.8366026952873,49.87919896975586,49.9288661734243,49.9851417509531,50.04849140094897,50.10598375448643,50.17079553708636,50.2378529609753,50.30471667155905,50.371158202270905,50.43522732160266,50.49654850591851,50.55666846103402,50.61473950299567,50.667248035355804,50.71773850652415,50.76626975976307,50.81021445656508,50.851831491542356,50.89381614827792,50.94066683134383,50.989422946930674,51.0529452582108,51.11755766041827,51.19867292496291,51.28217175336909,51.38548150697495,51.47363641971474,51.5600326177544,51.64078541330686,51.713286941183185,51.77653634893819,51.83023457808112,51.87328835321678,51.90322071373072,51.9095274349528,51.90941991718832,51.903806392001634,51.91352629034969,51.926508214355366,51.95460217205936,51.99711280249178,52.05164830839514,52.11199833887673,52.1712519197729,52.22929453339294,52.287459974539544,52.33235510907335,52.391861681889544,52.47006819082689,52.53290702027242,52.59524261660083,52.6563066688206,52.71617121293053,52.775277644565655,52.83384187817271,52.891501784704765,52.947989256802906,53.002796929986914,53.055752322456414,53.10699540526961,53.156713451715994,53.20504695420995,53.25241013148845,53.300288739293535,53.35001749313467,53.402807724578764,53.46019478545133,53.52410757955656,53.596275027246094,53.67601536281592,53.761838835750005,53.85221508828852,53.94562998121651,54.04118357792022,54.14034131775246,54.24060056248306,54.34169598784878,54.44324213379673,54.53958786047034,54.635935298766015,54.739056764172275,54.83600014694339,54.917806905146996,54.99231027000915,55.06394548690528,55.131401426879094,55.181436163836224,55.23792353968811,55.28941315186189,55.3367409748016,55.38085593713229,55.422737525728216,55.4747954732996,55.51996645940693,55.57778587636802
37.13656843401632,37.41635234931009,37.68456746791425,37.94424991034808,38.197485998748114,38.44661670887887,38.694849067207635,38.94461492236046,39.194468991240214,39.442721936793056,39.68685713550507,39.92107394990423,40.14042111579679,40.343411314014354,40.51076267785658,40.69825595603354,40.86257366214639,40.981982173741905,41.09852911564451,41.190579464194585,41.283331491497634,41.36393055944672,41.44817509354044,41.54984609285031,41.633792495143936,41.731283994558595,41.8387735412422,41.95711428680098,42.087050101145714,42.22461141846359,42.365123172541416,42.50410026122316,42.63627000734088,42.75617143721144,42.86000568479283,42.949572767756685,43.02720489512749,43.088648247206635,43.157503977307,43.21202946406196,43.24138985816028,43.23147846677618,43.187472188428956,43.21774137897893,43.19579836874842,43.25409391598843,43.31121984128568,43.376257822009315,43.438143384010104,43.513382416461724,43.581098001958054,43.647250830659736,43.7139784717458,43.76870373791594,43.84161749200275,43.89810873052568,43.95189166315402,44.003792785007526,44.05307849749143,44.090925071768574,44.12566520185529,44.14937196396675,44.18174789665271,44.21033119872347,44.2327689002648,44.25389076266746,44.293455256454905,44.33664012907154,44.39038282333576,44.456822145882406,44.53093772231849,44.61062925889969,44.73538627283669,44.87003486022495,45.01489903292765,45.16606033976481,45.3205473986193,45.47495264636864,45.625598299166974,45.76861239488233,45.900333054557876,46.01761028565803,46.11878823746807,46.205716959594575,46.28064333753385,46.34523108531699,46.4009272740784,46.449044492929694,46.490624221438445,46.52762412964406,46.56590021902938,46.61826653227462,46.69157874999041,46.782174321095695,46.87760312984799,46.96516336005446,47.056104026956106,47.15052804418816,47.24849715388064,47.34344787111974,47.45844620455783,47.53832210919258,47.5536910947881,47.5542937939685,47.58394031612551,47.595501081264096,47.61593042809579,47.666925612623444,47.69860719907036,47.72163926316435,47.76381058373695,47.82029507956675,47.890673251326234,47.97415356308707,48.07014942387949,48.179086273527,48.302143779216564,48.43585681100046,48.57618196737767,48.71632231272526,48.910097340960306,49.062670422566,49.16612379046968,49.215179853323725,49.30710684860304,49.37495605114742,49.424947199863354,49.45502851713487,49.467576992173214,49.47072907981808,49.475849115232236,49.488551398923406,49.49366990556086,49.48932427121972,49.47636570964465,49.50157803330467,49.54250858456045,49.59782038057659,49.660893162148554,49.72094203729049,49.767783809451444,49.79961946671171,49.81476944835715,49.81619020701989,49.80158076238804,49.81778547136674,49.72912941499476,49.67220187796929,49.61044839478777,49.57264635170043,49.561487144936,49.55213204252538,49.54995511248583,49.54572373924418,49.563007035868964,49.558392559188796,49.5617563673422,49.59643406061309,49.63477480038645,49.692657844774295,49.77020156413857,49.85624111710124,49.9198527508259,49.94588512052148,49.92423361045908,49.86783074179749,49.819915780848554,49.800475436855635,49.785855335591734,49.7659192089648,49.760699329434104,49.77253261706565,49.78397903745947,49.80414956432595,49.83450779649862,49.87586018624604,49.92488003324635,49.9813460778725,50.04436841114426,50.101876934280085,50.16606984884268,50.23275808506966,50.29932570070141,50.365424296769646,50.429161773183196,50.490392131645606,50.550431167091745,50.60764172195493,50.65902941901431,50.70780879528326,50.75454852879024,50.79692090562145,50.83682722553388,50.877639225729794,50.92380155421192,50.973156598595686,51.03747519769553,51.104209738648045,51.186938730143154,51.272483975137916,51.37466746743689,51.46320263779921,51.54955241901531,51.6301888869266,51.70277545843515,51.766300672948596,51.82026698164952,51.86342282881751,51.893313583416024,51.89995974729852,51.89945919057296,51.8933982294598,51.90237683047677,51.915486701663234,51.94389987132722,51.98655035982469,52.040779575237885,52.100942867168115,52.16082676208537,52.22022708482045,52.2800931956325,52.32832699111929,52.38907668560703,52.46545294998156,52.5282059128489,52.59021585686798,52.650891524125726,52.71025182125203,52.768623616780715,52.82622782957686,52.88285594515469,52.93819284875622,52.99171903733447,53.043368695544466,53.093388557270266,53.14205217520769,53.189573904417706,53.236422937149676,53.2840642373663,53.33385298777018,53.387026475289076,53.445076001852335,53.50982824359502,53.5828571106456,53.66335990326347,53.749740239798975,53.84034326324798,53.93354281827048,54.02843915493601,54.12661744194642,54.22582991010348,54.325753713899395,54.42613298457386,54.52205736133467,54.61788621945308,54.71960459856753,54.81546043326278,54.896878581272034,54.97109722581459,55.04221624893778,55.109050301338925,55.15932215157287,55.21547238778316,55.2669704365541,55.31465235068395,55.35942319436341,55.40219136262332,55.45461263024703,55.50054558565972,55.55937057946509
37.0628205853837,37.34433390668228,37.61389840731175,37.87443668731376,38.128287862267676,38.377983538322,38.62665994709111,38.87664650114532,39.126735341356564,39.3754560368349,39.620367390808724,39.85571039233834,40.076442165874326,40.281046549552954,40.45156455901617,40.63988825999879,40.806268392861305,40.930159615117354,41.04976494211477,41.14402596543303,41.24020369082042,41.3258038015137,41.41265958940924,41.515099470174306,41.601509080397264,41.7015761901685,41.81184964725548,41.933182607042106,42.066231061727215,42.20690109380559,42.35035247847473,42.49188185035877,42.62593272483522,42.74687313414372,42.851316632896726,42.94127126506471,43.01963762640028,43.08322665881925,43.15655380212948,43.21312198812208,43.243077449311876,43.23154194986736,43.1863752498267,43.212133351304466,43.192460065657656,43.249840839520644,43.30681594458768,43.37129698988515,43.433434549136585,43.50841886059592,43.57743361951191,43.645700976650176,43.71431656272429,43.77203361613653,43.84365099051931,43.90044241436829,43.955308953700516,44.007375000309615,44.05679591620865,44.09406507852873,44.129192868458524,44.153242882499434,44.18620564219009,44.21692126537881,44.23701404309119,44.253163707952275,44.289484860477664,44.329948916685076,44.381070629774904,44.44537804913741,44.5201033824637,44.60259781249717,44.724450388296994,44.8570272443712,45.00062184385101,45.15120113056854,45.305423762565866,45.45965534315065,45.61015749367053,45.75308191272287,45.88472543769589,46.00177501676345,46.10232704608702,46.188202873877714,46.26178843180028,46.32503777913942,46.379746714747505,46.42752267824484,46.46967446484789,46.508488419412124,46.54964679974249,46.604101249493176,46.67744838302753,46.76654392761505,46.86118749246096,46.95101281936049,47.0445269607928,47.141424738489924,47.24190122480433,47.33951127611184,47.45478592957892,47.534622591936575,47.55143218326994,47.553341133628884,47.58351794738249,47.599267270838254,47.61972016631039,47.66617166560361,47.69658877795765,47.71795281696097,47.75758202481642,47.81186033828765,47.88030827514325,47.96248456025703,48.05820972966626,48.16768986559854,48.291410186405464,48.42582976549519,48.56672814882873,48.70862390181134,48.898013389910645,49.038582715240885,49.15430038509745,49.20532827659603,49.29575268975711,49.364283169241965,49.41422745605593,49.44446487229404,49.45797855282552,49.462262472373396,49.46838858249497,49.48418319742578,49.48995223743244,49.487471071339876,49.47454319000016,49.50127309175476,49.54344031889629,49.59989686730637,49.663462141847134,49.724860537531455,49.774072593233385,49.80822336744095,49.82554105648473,49.828632087121086,49.815460543287536,49.830784402450405,49.745592556479714,49.690033793420305,49.62848569895982,49.59041579229165,49.579076992612016,49.57042601119661,49.568718796713014,49.564680819620165,49.57962877662773,49.573959909067725,49.57342639037153,49.60053059425155,49.63691907337705,49.69859380120251,49.778781145652104,49.865314749457575,49.929752005960914,49.95625262489764,49.934382243640414,49.87855857747992,49.83116419419976,49.811959687181805,49.79781700761533,49.77809045345516,49.771171959104535,49.77965142786035,49.788902638848064,49.80757897946571,49.836280276190976,49.87611497436847,49.92422560178956,49.9806300810728,50.04311846661514,50.10061227006276,50.164125465852976,50.23047837137906,50.29692406509269,50.36289086064406,50.42648003646363,50.4877031445785,50.54769771646908,50.60418549575771,50.65461540609799,50.7018455721805,50.746870825971776,50.7876746015288,50.82590238043701,50.86547445024096,50.910791186660184,50.960573563410435,51.025519659543136,51.09438128006273,51.178615562832505,51.266149032454194,51.366941688056606,51.45586235353153,51.54221448598272,51.62282180970358,51.6956134340583,51.759550253714124,51.81391485568268,51.85729435652166,51.88727864707138,51.89461707216826,51.893893840782304,51.88753390628381,51.89564985988651,51.908897452957376,51.93754858451702,51.98016393618859,52.033843509031655,52.09357799714518,52.1538828864114,52.214457184106394,52.27587914117337,52.32754745627201,52.38950993077929,52.46386707772292,52.52657084856117,52.58831478187033,52.64867898649559,52.70763984413662,52.76540643011783,52.822178579524774,52.87786528737973,52.93211196373256,52.98440602501041,53.03479699056749,53.0836367504515,53.131278466865254,53.17800085775382,53.22431704176825,53.27167048192423,53.321440378961874,53.374896150006194,53.43349197328315,53.498958110631186,53.57272031424213,53.65385876130774,53.74067576835669,53.8314014767243,53.92430958008815,54.01851404261784,54.115731705675856,54.21397674199871,54.31286347980083,54.41221404358067,54.507766878962165,54.60312986708656,54.70353563414398,54.798375279987326,54.87951079873981,54.95357680192108,55.024325399927875,55.090696268835536,55.141599533897185,55.19753870788741,55.249134500137664,55.29721973282855,55.342654245233184,55.386273859751064,55.43873952707926,55.48530723638274,55.544952678057925
36.992020395524705,37.275015931880645,37.54581082482639,37.80716635115203,38.061651120746646,38.311966490751004,38.561150910346946,38.811408945521244,39.06178504195121,39.3110499610289,39.55685606368775,39.79349339068059,40.01582909258687,40.22230830873922,40.39661139745611,40.585632453728905,40.753888931011915,40.882875079305535,41.00560367024463,41.10253463519602,41.202134536423685,41.29272813138039,41.382179914688166,41.484640413656855,41.5736872359604,41.67625921006653,41.78915118626853,41.91327426369267,42.04922816681755,42.19282174446506,42.33906718432804,42.48304893729911,42.61893244507478,42.740930498360235,42.84606825327258,42.93656015851987,43.01579313110964,43.08166160744049,43.15927027637514,43.21762493848496,43.24817860488328,43.235580529479314,43.19007661909427,43.210640664681684,43.19410174779577,43.24997116465902,43.30640888701665,43.369931687272874,43.43211476207367,43.50644808147851,43.576541876260876,43.64673052961835,43.71711329942928,43.77797127098477,43.84827496839995,43.905650948943226,43.9617788175178,44.01412035567375,44.06373990759207,44.10057021789211,44.13606264831637,44.16060276238618,44.1939013297014,44.226636775491926,44.24443812639182,44.25576930878552,44.28877287880837,44.32656048135498,44.375066903124925,44.43719975647474,44.5121562765962,44.59704135097338,44.71567437364732,44.8461669816335,44.98843408002104,45.13836291722913,45.29229948867507,45.44640048448023,45.59686739291314,45.7398680593639,45.87165211587196,45.98874305435302,46.08898766919442,46.174150593267086,46.24671765321717,46.308889837936455,46.36277653737381,46.4102706022502,46.45295626092836,46.49342050203104,46.53715907017814,46.59345183600759,46.66679876012286,46.75453014134503,46.84845392633371,46.94027796636926,47.03596601702854,47.13492614409219,47.23765324948397,47.33789464052458,47.4529240421378,47.53238562277959,47.55148065807409,47.55576974694747,47.58653484788075,47.60701496370234,47.62775746608827,47.66891978110528,47.69799794374966,47.71804304972959,47.75523711514184,47.80714774300965,47.87341547147676,47.95398031815246,48.049089739006156,48.158787426655685,48.28292822804788,48.417891602348725,48.55932898866083,48.70296821773583,48.88732769109,49.018010816461306,49.14403861540129,49.19833455998358,49.28750857135907,49.35683801713165,49.406964295858806,49.43755003706176,49.45216439914956,49.45770966949014,49.464942345789936,49.48353374684771,49.489762413642396,49.4892299683607,49.47665646233221,49.504591934292826,49.547676196504014,49.60496721723933,49.66881881049151,49.73140730455056,49.78288807563334,49.81942588935217,49.839055836327795,49.84388000556785,49.83226904079668,49.84601184053368,49.76544876426656,49.71178819086527,49.65100993419812,49.61280450726142,49.60095304819495,49.5927004634957,49.59104667856711,49.58674890547864,49.59880005484654,49.59201001130808,49.58790426187866,49.60754417510784,49.64192059702817,49.706591638755256,49.78894705752599,49.87597280141073,49.9415164372326,49.96900438516978,49.94753733088895,49.89296048040549,49.846427458346085,49.82750328141388,49.813975613816,49.794721944711895,49.78612715258613,49.79101591780618,49.79785193565383,49.814704724541095,49.84145767174048,49.87948347593629,49.92640901645547,49.982502133683916,50.04425797588152,50.10168297895875,50.16445289670936,50.23051016836494,50.29701238192452,50.363064183756464,50.42670247154745,50.48802253412822,50.548025038685594,50.60393437931839,50.65357228477166,50.6994170717077,50.742812468289294,50.782059055083,50.8186340022498,50.85689666441851,50.90121202738306,50.95123256112166,51.016612285735164,51.087533454512766,51.173116785062504,51.26252377754267,51.36169940886156,51.45100508628968,51.53742268462884,51.61811336359734,51.69125824701883,51.755771410006524,51.810695416047984,51.854451144797224,51.88468813517695,51.893050759315166,51.892283858376885,51.88577487925534,51.89293313036616,51.90630784687538,51.935089833864865,51.97747581571904,52.030359639629296,52.08942239857803,52.149923299831386,52.211461114079526,52.27426402212938,52.329382540747595,52.39251008238927,52.46472404433955,52.527427210475906,52.588982962263934,52.6491332019829,52.70782046685838,52.765132671860975,52.82122276363537,52.87608069916659,52.92931788558448,52.98044426025856,53.0296316817569,53.0773359150416,53.12398410933369,53.169911035675156,53.21566402222813,53.26266538969552,53.31232193581033,53.36594083431794,53.42494616526436,53.49097877152363,53.56532542138393,53.646955355212505,53.734077062940266,53.824817268461864,53.917362938742016,54.01085399800172,54.107146275668875,54.204517444206864,54.30251374389935,54.40098675551925,54.496230697963725,54.591195511095954,54.69040582130839,54.78432430857246,54.86528674307249,54.93933014565309,55.00985375241854,55.0759184759284,55.127799857657884,55.18365008091195,55.235427233300385,55.28395789096245,55.33005572656388,55.37448299918285,55.42670685085049,55.47377753449843,55.53405029318123
36.92370933923349,37.20794377973424,37.479839067491696,37.741959139822946,37.99708193848444,38.248061741950146,38.49782144707532,38.748425086506316,38.99917432474556,39.249092263452404,39.495936321474645,39.73404968579741,39.95821222489264,40.166823289081364,40.34545692214414,40.53511049969881,40.70511951480981,40.8397102220672,40.96563828541939,41.06565998792702,41.168682554066926,41.26423913061955,41.3562602297752,41.45810583875084,41.54990374355155,41.65487185650261,41.770184655531466,41.89686617279462,42.03549366977624,42.18180635771327,42.330687556638416,42.47701842944044,42.614695575395935,42.73779273986553,42.84373725369904,42.93494331991868,43.015204438010834,43.083492818362984,43.16517781684803,43.22511686244185,43.25630406946099,43.2431756329499,43.19807590552027,43.21292926599959,43.20021968466309,43.25404145730299,43.309565410251665,43.37173804343529,43.43372513198556,43.507018901494845,43.57793322731315,43.649807575948984,43.72181081727519,43.78589460709744,43.85492731391383,43.91317150560252,43.97074179666215,44.02349565185656,44.07341043429947,44.10996717440793,44.14582895457732,44.17099904050203,44.204411292198465,44.23899082072073,44.25456569384929,44.261283375011,44.2909156710594,44.326055957892095,44.371938080378555,44.43183504663369,44.50661295243177,44.59339119289195,44.708522165284485,44.8369118807334,44.97779061310629,45.1269970120016,45.28062528368082,45.434642620417236,45.58519093692647,45.728445309149656,45.86060094504858,45.9780170988379,46.07828913978368,46.16309535416051,46.234981602098735,46.29635291808393,46.34959770344247,46.396883090863035,46.44007267257515,46.48202459984844,46.528035728484205,46.585900574787104,46.6591846698222,46.74565783765527,46.83889772370519,46.932428744251425,47.0298659081368,47.13046871608696,47.235195634967624,47.33804722177433,47.45252331170972,47.53140768265629,47.55354533686014,47.5611529239163,47.592609313025996,47.618240086950834,47.639522891022686,47.67485719303137,47.70253330125656,47.721541226810196,47.75636758538278,47.80573869152489,47.86956917545248,47.94820588695908,48.04233637124958,48.15189375709347,48.27617107967746,48.4114715747954,48.55337274273145,48.69872188810206,48.87767636948335,49.001078025254245,49.135042107682935,49.19368016965372,49.2818961074492,49.35218692996142,49.402753534058974,49.43389907953353,49.4497511342362,49.45667963770371,49.46510963021851,49.48620501618757,49.492732289305465,49.494183867450275,49.482224527690974,49.51105020522833,49.554726924084264,49.61252878477544,49.67645087932168,49.74004610400479,49.793654296848764,49.832625847081005,49.85472122305007,49.86139634549258,49.851533472703935,49.86321886214333,49.78829772093794,49.73702364098511,49.677529291763925,49.639313640774844,49.62664512343005,49.618473918360635,49.616444865971125,49.61144432065066,49.62008591539898,49.61203263372837,49.604584627111905,49.6169577979504,49.649272200062754,49.71613887514051,49.800179398762886,49.88765507593109,49.9545770545824,49.98358075358779,49.96317173037121,49.91051004256172,49.865202504838265,49.84664089869865,49.83386041267434,49.815303223613654,49.80505530444565,49.8061599409337,49.810372443850035,49.82507569144566,49.849577520523155,49.885485832762676,49.93093641464554,49.98647060883574,50.04730334746329,50.104582278092344,50.166542650004025,50.232349824488786,50.29909126838851,50.365450555969225,50.42934943853815,50.49089128970578,50.55097006326092,50.60645192755127,50.6554663432001,50.70009152835669,50.74194927272443,50.77965777707994,50.814599136970386,50.85148071086952,50.89464037507496,50.944692311476054,51.01028671825329,51.08312743184867,51.169855758864784,51.26096506262808,51.35833586987934,51.44802035545176,51.53458088092592,51.615492730567354,51.689167276282895,51.75445046059752,51.810125878612816,51.854441402112215,51.88511427821292,51.89481215849255,51.89418923391734,51.887682605156066,51.89381439370302,51.90728526205486,51.93606514160679,51.978008282551585,52.0298474968836,52.087994741236756,52.1484510094257,52.21071515756852,52.274694049467826,52.33319828076206,52.39742580541988,52.467437320119984,52.53020038165975,52.59166396870485,52.65171831664034,52.710278874691355,52.76730892929411,52.822889017527686,52.87705306830202,52.92938189816468,52.979420110322735,53.02746724334409,53.074081981268925,53.119760885257904,53.1648876596386,53.21003545541314,53.25660687740836,53.306039927416066,53.3596846138121,53.4189420433164,53.48537181713079,53.56013321541925,53.642093103241486,53.729375765066756,53.82001817820506,53.912135566304535,54.0049047781236,54.100323318653594,54.196928402766034,54.29419296454118,54.39195256509173,54.486963102950256,54.58161242091078,54.67977111046749,54.77288714047353,54.85378959979228,54.927938404335094,54.99838211895283,55.06429606917698,55.11745466970373,55.17333408776785,55.22537052673,55.274381594812624,55.321134275177776,55.366316762990024,55.418045288614934,55.4654826029292,55.526181545869704
36.857428891304174,37.14266280507218,37.41551748234122,37.6783352912866,37.93408647978041,38.185765467703646,38.43617104737644,38.687217755118645,38.93845942146104,39.18917149818276,39.43722133150187,39.677006018555154,39.903221891749844,40.1142181880876,40.29765486204797,40.4879443603834,40.65964438246665,40.80024669916311,40.92946177302438,41.03295653806954,41.139406269509664,41.239872380803945,41.33442469506824,41.435132660909176,41.52973538488888,41.63695293172662,41.75445655229436,41.88343525038993,42.024479823962885,42.173287920821515,42.324633861942985,42.473207234179014,42.61264852313508,42.73690906866418,42.84380034195475,42.93592462105774,43.01740457585914,43.08826001687937,43.173800840352165,43.23517630728402,43.26706458763148,43.253908687617,43.2098727183933,43.21866510214723,43.21031014575992,43.26160828335191,43.315852255971734,43.37629218763527,43.437806768036396,43.50968014303028,43.581118127776975,43.65440020202677,43.72785125167649,43.79518152911135,43.86304591533016,43.92244125569815,43.981638433189865,44.034967689614724,44.08530745898859,44.12178263262548,44.158046200389805,44.18397915372202,44.21731186269311,44.25349649272313,44.26692128914617,44.26928171647251,44.29550959684317,44.32801648110728,44.37125059852854,44.42883169835353,44.50298995768622,44.59107865681655,44.70245769960535,44.82871975039248,44.968146314775325,45.11655472714105,45.26985185431702,45.42383630102149,45.57459106574218,45.71828813642432,45.85105978118822,45.96909985062923,46.06975049084821,46.15457239295584,46.22613087875919,46.28699267595774,46.339791174438695,46.38695497000053,46.43062676268344,46.473904935211934,46.521875472808546,46.58102974880092,46.65416090067136,46.739451891915344,46.832014176814326,46.926935096177665,47.025671346591,47.12748890956631,47.23397078830342,47.33941827727745,47.45324650776995,47.53148525250131,47.557335037287686,47.56906395452743,47.601359638224,47.63243856767817,47.65449700470691,47.68367113528476,47.70989345528848,47.7280786135428,47.760565166208835,47.807214581625516,47.86834372219618,47.94472631686254,48.037496545746905,48.146523657306915,48.27061191682785,48.40599893606952,48.54824766689806,48.69525154051334,48.86869555007565,48.987177829340396,49.12701448824401,49.190846571773754,49.27843691206774,49.34989624287625,49.40119098544348,49.433127067804776,49.450355361176335,49.45878134354953,49.46848966088202,49.49179897444371,49.498493719536455,49.501915673776665,49.49076638712661,49.52016354887077,49.564103208337634,49.622078924314735,49.68584605957763,49.75024070155109,49.80579529707709,49.8472220552632,49.871944651815284,49.88064349002768,49.872781056797706,49.88215654380612,49.813739109076465,49.76529871446076,49.70755196291845,49.66944433699692,49.655683030062534,49.647264894729375,49.64441946684802,49.63828338896721,49.643051403158616,49.63351754414711,49.62286213131951,49.62825445754765,49.65846671120374,49.72672302806626,49.81195826836543,49.89980137598903,49.96836486795178,49.999422082401544,49.98075830025369,49.930680855936096,49.886986265226966,49.868907218182855,49.85700066267101,49.83932383103902,49.82744680924982,49.82461735127339,49.82600967940994,49.83824077207293,49.86017735991508,49.89364218666072,49.93731393376124,49.99204387965816,50.051770989880396,50.108803384587794,50.16988523432909,50.23549368821207,50.30266134167635,50.369556267144695,50.433941297539214,50.495850400722205,50.556089719714635,50.611301695370734,50.659863869548104,50.70343717661928,50.74385705625883,50.78005427831543,50.81337483059687,50.848801432201086,50.89065252843025,50.940511534220335,51.00607659907908,51.08062438192092,51.16824584627092,51.26082973993514,51.356246311137404,51.44629768039578,51.53309294084624,51.6143890925732,51.688797900816695,51.75507372425882,51.811723459244575,51.856813336934636,51.8881293066595,51.8994526194536,51.89916995796424,51.89281854076764,51.89788140168436,51.911397077133415,51.940016029978906,51.9812836208218,52.03182661064734,52.08881369489145,52.14896902227477,52.21169559740207,52.27661543415593,52.3383607125315,52.40360576485404,52.471420375352864,52.534315745179384,52.595801371849134,52.65589847652064,52.71450025290962,52.771441789701235,52.826705976820705,52.88033328257273,52.931875285325674,52.98091994244677,53.02789814956048,53.07347087936178,53.1182005772829,53.162513951101005,53.20700291820718,53.25305286179096,53.3021366228796,53.355651574076475,53.41498307295979,53.48161883831115,53.556604479696304,53.6387154236584,53.72600351625329,53.816431745698274,53.90806013484814,54.000112140019496,54.09472500135816,54.190686003714355,54.28738960007252,54.38461291700023,54.47947837853264,54.57390986596061,54.67118745202805,54.76364339714595,54.84460255442138,54.91898272529157,54.989491312073746,55.05540819514079,55.11009551688341,55.16611830936611,55.21848627111427,55.268005614106166,55.315396527897164,55.361273133244,55.412285527426796,55.45994856459751,55.520864557158006
36.79272052653091,37.07871836272354,37.35238041640851,37.61581504350308,37.87217090893391,38.12457384379575,38.37569920135049,38.6273097823763,38.87919656381905,39.13087621929734,39.38032426110194,39.62198912982017,39.850488422116655,40.06411970326615,40.25275894613533,40.44375599825759,40.61714777219402,40.76406616635401,40.89666711844492,41.00397880006707,41.1138642085114,41.219163463506376,41.31619747096526,41.41535779558472,41.51275894169058,41.622041237988476,41.741473373807295,41.872458412520544,42.015638882737036,42.16669942106107,42.3203263667788,42.4710322589111,42.612217695628566,42.73772869476075,42.845734225818354,42.93900793373357,43.02192657340986,43.09550292828232,43.184663763691645,43.247381820302714,43.28007090398121,43.26736112081846,43.224966667001986,43.227514120013666,43.22386940058665,43.272228208705236,43.32483616585589,43.38317024913565,43.44390077939033,43.513980628470186,43.58560703276055,43.65997649423644,43.734676738047646,43.80520994166329,43.8720686609181,43.93289737058217,43.99390926915718,44.0480032697049,44.09893094431717,44.13554327709399,44.17226879890229,44.199090538921155,44.23217937419712,44.269666883157015,44.28102945596507,44.279340143013854,44.30215101577202,44.33202318581137,44.37257089456756,44.42773749037358,44.50080384007527,44.58953506131079,44.69694491300674,44.82104839933228,44.95895605669667,45.10648737490251,45.25942990731759,45.41343607635284,45.56453071939191,45.708871015532104,45.84251648025335,45.96149401013813,46.06289075538141,46.14811694605092,46.219716083512736,46.28037476793375,46.33293791184765,46.38008106557995,46.42422159414856,46.46866573046913,46.51827700129906,46.578421641018295,46.65128224121613,46.73543717949485,46.82729857790008,46.92326696531867,47.022827044864584,47.125423179622274,47.23342111653948,47.341457064450346,47.454756399793766,47.532414813249325,47.562558577016404,47.57907612877295,47.61240411888049,47.64910633297878,47.672160370734176,47.695048841768404,47.71977701065559,47.73728647526741,47.76742158828958,47.81115681110364,47.86931344683359,47.94310665804856,48.0341171818485,48.14219192769104,48.265723915032694,48.40090293940543,48.54334201701815,48.69192380257296,48.860021357851885,48.97569982427335,49.119659383386185,49.189315232511056,49.27665259925491,49.34953229102111,49.40187246479932,49.434849069971,49.45359368306083,49.46362375356298,49.4746816628818,49.499917590614515,49.506678559450094,49.512008292507936,49.501801041689255,49.53144760952963,49.575315755964766,49.63311499025721,49.69649206249939,49.761454862846385,49.81873511651576,49.86261332853441,49.890133557787166,49.90108382230556,49.895539010866464,49.902575962048786,49.84137261126476,49.79617198197319,49.74058613892296,49.70269774009274,49.68759657983766,49.67859191153991,49.67447658912078,49.66678243425927,49.667261562998995,49.65595451038282,49.642131419749774,49.64091714866803,49.66899695917404,49.737831615240516,49.82376376533628,49.911851504554924,49.98231088728215,50.015968723860894,49.99976989870292,49.95294651251613,49.91127567106297,49.893836919013275,49.8829256222866,49.86627330786666,49.852792061565374,49.84592200285577,49.84430915830685,49.85374885831644,49.87279472729233,49.90347267944358,49.945047711204076,49.99873031928109,50.05717731165274,50.113839515569424,50.17397115827668,50.239438107996236,50.307223218979644,50.374887607145226,50.43999840865416,50.502440856588485,50.56294093756633,50.618047237691144,50.66633115198044,50.7090222509873,50.7481116358741,50.782832069585375,50.814538129127335,50.848433671020295,50.88882478614336,50.938248949101215,51.00351557019415,51.079485474580025,51.167700409312495,51.261474661688645,51.35482597266328,51.44522658049982,51.532362730361974,51.61423163157432,51.68960749958639,51.757127519762186,51.815005373810614,51.86111515773247,51.89330545099687,51.90652349195155,51.90678602107818,51.90074414287175,51.904721906097436,51.91821067074866,51.94648402121727,51.986824114665225,52.03581651077336,52.0913979293122,52.15098034545896,52.2138787164089,52.27947438716097,52.34423587227194,52.41039862567468,52.476086680326745,52.53919868410144,52.600838742352835,52.66113782767648,52.719969786787196,52.77703784036631,52.832202277133405,52.88547222976544,52.9363693309202,52.98453012387445,53.030518874637444,53.07509853954851,53.118894968053624,53.16237313151927,53.206137987494124,53.251561259571545,53.3001542913015,53.353365800698846,53.412572719715065,53.47920142592326,53.554199997563344,53.63626573472701,53.72339195801696,53.81348551068587,53.90456931644533,53.995921840725394,54.08981349051069,54.1852666330899,54.281592108839625,54.378469255946875,54.473290809321796,54.5676171156749,54.6642107963968,54.75617270004511,54.83730879248195,54.91204425584699,54.98276214432435,55.04883400037933,55.10525394604567,55.16153032661784,55.214296357140945,55.26434471857008,55.31234912154427,55.35885009201612,55.40895825434031,55.45670154242578,55.517617448080856
36.72912571970781,37.0156558075174,37.2899622167271,37.553918634432485,37.810841390244306,38.063983046010705,38.3159053990977,38.568223999297395,38.82094198354101,39.0737949808735,39.32485827760735,39.56862576045889,39.79964214495128,40.01615453212523,40.21032290337395,40.40216737579628,40.577313922203565,40.73075027940068,40.86684730706634,40.97828128836307,41.09161489683168,41.20164796029959,41.30110271786417,41.398418158230385,41.49855119567483,41.60967557753807,41.73074161732034,41.86341257522842,42.008423099458284,42.161473845703256,42.31718533768297,42.46991041103298,42.61282950021278,42.73970082815977,42.84901561306848,42.94369712974275,43.02830345941824,43.10476127786447,43.197291003670486,43.26131194878919,43.294933763096665,43.283114359892174,43.24285736063495,43.2391422664879,43.24039371864356,43.28545779926233,43.336083881583214,43.39194835719928,43.45154827521152,43.51946918019991,43.59091039737209,43.666004538962696,43.741729411803114,43.815357749390046,43.88143343894684,43.943977021606585,44.00699484662037,44.06206919288371,44.11378085294299,44.15077579236274,44.18805116326321,44.215880632974496,44.24859015972235,44.287015083680274,44.296414737988535,44.29103446447882,44.310436287458394,44.337657206815244,44.3754654054884,44.42810020143313,44.499571147314725,44.58819172493835,44.69144774188548,44.81335563627439,44.94967471053888,45.096246267541,45.24881014941643,45.402896496471115,45.55447283790734,45.699668420817204,45.83445889820646,45.95470227777578,46.05722896637666,46.14326424984359,46.21528781667359,46.27606485038782,46.32861887715454,46.375856203518474,46.42046022986572,46.46591120796767,46.51683901210362,46.57765853440846,46.6501034800023,46.73313857576336,46.82424621920137,46.9208942948451,47.020777715430995,47.1237079813469,47.2329890267239,47.34361284070938,47.4567157572564,47.53399284583501,47.56892477370583,47.590762736644876,47.625361050401224,47.667739309947144,47.69199355269777,47.70867754638516,47.73188257216802,47.748796077324016,47.7765285822946,47.81714677775143,47.87205268449043,47.94291196070282,48.03174519890473,48.138413368640855,48.260980249825636,48.39561283803745,48.53804404894921,48.688105301884235,48.85128991779704,48.96603360560665,49.112680419411156,49.188567618032955,49.27606478305095,49.35066140954096,49.40439378691353,49.43868015412764,49.459082702980595,49.470815834279435,49.483284861319184,49.510162833698374,49.51691866416122,49.52404462881219,49.5148474924291,49.54441803151435,49.5878752736663,49.64513433700286,49.707876599326916,49.773152353547665,49.83189779536222,49.87819848153032,49.90869537612941,49.922179725458626,49.91933455269861,49.92422819339812,49.87079791008546,49.82920201420329,49.776140011038684,49.73857499422732,49.721915584500636,49.711973487730226,49.706122340712405,49.696457780357896,49.692281439793724,49.678833300254034,49.66178713765097,49.65442886607999,49.68035577269661,49.74895215437121,49.83507598867808,49.92324658519372,49.995846122515,50.03266103021576,50.01967938388537,49.9767806042893,49.93756765389692,49.92096468033665,49.91116455000177,49.89564119497517,49.880581455959074,49.86960774971139,49.86481639651402,49.87114884206973,49.88696716003098,49.914497452924394,49.95364388437555,50.0060383008344,50.06303872130024,50.11918388816148,50.178290930438976,50.243679432302784,50.312277517490045,50.3809508658332,50.44704113198648,50.51020364671565,50.571080646335616,50.62625210942685,50.67443447866193,50.716414985952575,50.75428882855189,50.78757466168564,50.81766607855993,50.84995226993423,50.888733446908695,50.93746327586541,51.00213727358013,51.07917187967647,51.16763281002114,51.26225668011329,51.353470094484486,51.4441965751419,51.531794115445436,51.61444952953028,51.69105345155816,51.76009816587934,51.81948883817836,51.86689507297376,51.90021494170521,51.91557612573962,51.916597413819716,51.91102086825002,51.91392365872957,51.927293421538195,51.955010637557976,51.994152048217444,52.041336727114434,52.095266114269116,52.15398798605867,52.21674079741773,52.28271711945019,52.35018979619942,52.41715305286469,52.48084970533023,52.54427458149261,52.60621965087201,52.66690051616056,52.72617266159817,52.783603668573356,52.83890655408478,52.892020797666866,52.94243531880079,52.989837021849624,53.03492389280638,53.07856089205745,53.121435840215014,53.16404842235024,53.20701224015782,53.25168998747828,53.299635201782294,53.352351379267084,53.411214449102694,53.47760117082553,53.5523805523686,53.63418745471107,53.72097273187486,53.810607012912286,53.90109578316856,53.99177963727726,54.08505095283932,54.18014667693083,54.27628894918872,54.37302302663374,54.46791467992858,54.56226343948324,54.65839709398048,54.750054670626405,54.8314914994962,54.90670414332584,54.9777754282476,55.04415263145203,55.10246150403926,55.15909772043404,55.21232267549778,55.262913677931394,55.311498692941385,55.358545621377765,55.40759415640965,55.45526765933646,55.515958339672906
36.666185945629046,36.953020494282846,37.227797230330516,37.49216630203486,37.749604088010976,38.00348925013275,38.25628913071823,38.5094832369,38.76325191234832,39.017516336988606,39.27043654835057,39.51654265133763,39.75031338921192,39.96994937217308,40.169900462731555,40.36280045547439,40.53982707070691,40.699880694063836,40.83959532427393,40.955418517401064,41.07221686023002,41.186861452756375,41.28866459616291,41.38395066429908,41.486688928559815,41.59939475262534,41.72176778008359,41.855774654555525,42.002284727486206,42.15704418201934,42.3146310411926,42.46925859794088,42.613910344224095,42.74227467886582,42.85312121148381,42.94949608088184,43.036068262639574,43.11557479091843,43.211206977092736,43.27654524003469,43.31126390956431,43.30074983217602,43.26304440858081,43.253215488459006,43.259379369431,43.30085362092262,43.34916214483272,43.40220264108902,43.46029036466414,43.525694620604774,43.59653867671983,43.67195242259024,43.748451408357354,43.82500285692841,43.89057813768557,43.95511738012339,44.02033570763575,44.07663225990784,44.129357147523784,44.16700686298098,44.20494770662103,44.23389687275706,44.266120552280576,44.305054185950816,44.31260167889919,44.30394049071124,44.31996177151465,44.344499678929736,44.37950056828375,44.42946761027147,44.49880842712037,44.58648465240609,44.685439934918996,44.805099775453094,44.93975714800955,45.08528271731161,45.23744328737896,45.39167211170043,45.543880361320134,45.69015482662384,45.82637489101001,45.94822735395327,46.05228415682737,46.1395495407317,46.21239667855593,46.27362857969581,46.32641503184454,46.37387520973336,46.41894573273019,46.465245590055154,46.5171602033701,46.578322711940615,46.650179405575706,46.73208095609049,46.822352392957136,46.919287027927666,47.01896807076368,47.121779769832216,47.23211692590478,47.345334863470924,47.45878734963314,47.536015831192984,47.57614244501561,47.60369706813532,47.63984872819192,47.68783342567768,47.71347711419092,47.724244483037985,47.74590874463595,47.762238685052615,47.787477878893476,47.82476587936103,47.87613577029244,47.94370727501099,48.029927516265985,48.134702780551414,48.25585484345016,48.38956474556555,48.53175221108741,48.683165212712105,48.84213735489607,48.957568768893886,49.10578122262059,49.18808519450681,49.27619507749611,49.35284993358077,49.40835076657314,49.4442353883702,49.46643902402651,49.47996655223433,49.49389848129552,49.52213667269365,49.528845888784566,49.53760758785748,49.5294247403963,49.55859045913446,49.601292468142816,49.6576343189517,49.71948738130024,49.78479693931186,49.8447073738139,49.89337632888663,49.92703754200576,49.9433935826193,49.94369490008259,49.946864314380825,49.90161468812116,49.86394738183201,49.813721770526875,49.77657724356575,49.75816985579672,49.746928142238254,49.73886282954587,49.7268257510941,49.71767607841637,49.701644344435415,49.68123612363143,49.66827260455195,49.692035980494374,49.759583712515735,49.84545532070476,49.93361654038143,50.00846868883078,50.04893993129591,50.03995961396756,50.001656723243144,49.96535914527959,49.94982518129975,49.941246704297136,49.926917033243186,49.910305386997635,49.895208445870736,49.88707691000477,49.88998961522634,49.902232195507054,49.9262366489163,49.96260859067713,50.01347619744799,50.068871627342794,50.124329719488266,50.18233854880031,50.247716628288856,50.31732485439919,50.387252333070904,50.45458982763966,50.51867976051475,50.58006577554208,50.63547986549216,50.68374013775733,50.72518361600695,50.761964451273826,50.793865565412055,50.82233572489273,50.85293207154997,50.88995480942064,50.937713234259625,51.001475351218595,51.079144767060754,51.16745641042842,51.262532647433844,51.35157391662856,51.44259718370009,51.53079096206883,51.61447196840055,51.69259313569821,51.76347198138202,51.82469106821514,51.87370129112649,51.908430009264706,51.92616187057108,51.92816412674947,51.92321017368417,51.925074411368,51.93821270813961,51.96513740123713,52.00278970561399,52.04790678952338,52.09993691953229,52.15749495115429,52.21975812325724,52.285789841990876,52.35558852053004,52.42321771140704,52.48512292065189,52.54896882041953,52.61138766806272,52.672650688025584,52.73259406261656,52.790645861606286,52.846347443293844,52.89952987406375,52.94964453282009,52.996427003616105,53.040707678298716,53.083453867116916,53.12541497641206,53.167123045050836,53.20919725308219,53.252996962239365,53.30012162342249,53.352132395368905,53.410411726643204,53.476299663876496,53.5506069274603,53.63192400187428,53.718177479344085,53.80722379212186,53.89707223869684,53.98713137386894,54.079899573184754,54.174802521275225,54.27096857946604,54.367775673762964,54.46286427496391,54.55737810681511,54.65330229518588,54.74486893034522,54.826733860986316,54.90254353505257,54.97411197638656,55.0409432349184,55.1012497377129,55.15834807172576,55.21208711687254,55.26322726191715,55.31235187891081,55.359857703400316,55.407723920689044,55.455173038251985,55.51540535296887
36.6034426790887,36.890357777848976,37.16541980425232,37.43007828427031,37.68796520486601,37.94259055777174,38.19635337106558,38.45061112115303,38.70568258196239,38.96162884171999,39.216672240664124,39.465366543322794,39.70213248385676,39.925130920917894,40.13104535317585,40.32527719976681,40.504371455915674,40.67103906610427,40.81450415545305,40.93494500162453,41.0552286244659,41.174339522449536,41.27840726625942,41.371592229243674,41.47674892206371,41.59073756550014,41.71405835934714,41.84902156654381,41.99667602018035,42.15284341728059,42.31208374384476,42.46849372703109,42.61488663499891,42.74489945688346,42.85752772884294,42.95590865894737,43.044754011829156,43.12748319273688,43.22593610076243,43.29266024133048,43.32867208797064,43.319848965007814,43.285027420128166,43.26939973281601,43.2803226224493,43.317972239585494,43.36363769728344,43.41350923006768,43.469668156912334,43.532207084632546,43.60202494582237,43.677359992929,43.75438038236547,43.83358506660715,43.8989601414923,43.96575572408847,44.033372394259565,44.09115927153391,44.14515979071732,44.18376317349799,44.22251284212419,44.25268669514386,44.28434688488364,44.323297319126766,44.32911490848537,44.317634031554896,44.330323827553194,44.3521317369657,44.38424281994637,44.4313874956279,44.498048537900495,44.58409688520611,44.67867405265634,44.79590485552262,44.92876654599058,45.07315170050868,45.22488686954148,45.37932330277687,45.53230972088754,45.67987321304744,45.8177882290781,45.94158014238981,46.04757536135045,46.13650805511308,46.210593269474,46.272631612233596,46.32590733740283,46.37373291014187,46.4192811656372,46.466273099079146,46.51883927324641,46.57999645658401,46.65106480648211,46.731789195845835,46.82111239140632,46.91791510773702,47.01684282333609,47.1190932830114,47.23030479121524,47.34610543576404,47.460633946399255,47.538280250257934,47.58392040860535,47.61745241323629,47.65548544765835,47.70888460726484,47.73609161880691,47.741436885629746,47.7615541328695,47.77724556379323,47.79986120875579,47.83359551372454,47.88113703936538,47.94505765115878,48.02821865395577,48.13063880125506,48.249990297940585,48.382465874962875,48.52417587844402,48.67671353878961,48.83220675451206,48.94969490968866,49.09866541931613,49.18734945941441,49.276565096630605,49.355664198285496,49.41333921856519,49.4511298407941,49.47527924928944,49.49068487396307,49.50612174791213,49.53544107659876,49.54209208843495,49.55228007481189,49.54505178664102,49.57348053669943,49.61507804609499,49.67011229050373,49.73081315060333,49.795867633423114,49.856673572977826,49.907641516929246,49.94460754606505,49.96419644903637,49.968147270806824,49.97023540152368,49.93342262795449,49.899966655540275,49.852839608648765,49.81620563227306,49.795889205471106,49.782974394002025,49.77220416354416,49.75740267029886,49.74303531857229,49.72403544500286,49.70019456262205,49.68198151965889,49.70354283197347,49.76949970182777,49.8548534596871,49.9429747083944,50.02007486997432,50.0644029218711,50.06008537406104,50.02704846136512,49.994147076761664,49.97995310104937,49.97270134365332,49.959590363549346,49.94145424924782,49.92225794536432,49.910636214752344,49.909820069679796,49.91812737109666,49.93821139509488,49.97146676836526,50.02056867586948,50.0742200789159,50.128857406828956,50.185815412727784,50.25123986465221,50.32193355243518,50.39330601894895,50.462164855717226,50.52741018739673,50.589453254705326,50.64529406080148,50.693814417431426,50.7348963756422,50.77071432102152,50.80128829156053,50.82812411412386,50.856947918474596,50.89206517237362,50.938557544030594,51.00106344509119,51.07886542103041,51.16659094366584,51.2616916908011,51.34859645169144,51.43990013294961,51.528830475893734,51.61377622278977,51.693704925347504,51.76673940803971,51.830129296904175,51.88108202065865,51.91752288415557,51.93783207619913,51.941046150428,51.93687351595582,51.93776191580002,51.95053590919053,51.976405834490755,52.012259370990435,52.05504622785299,52.10492901487179,52.16100424782624,52.222407915858085,52.288149270867684,52.35982763421908,52.4279851929625,52.488363575236434,52.552747824387495,52.61582153689132,52.67788033819528,52.738735409654446,52.797675909098444,52.85405389212809,52.907550346742795,52.95756825683072,53.00388643641769,53.047464705345845,53.08937339495522,53.1304241592897,53.1711802210779,53.21226460315108,53.25504010058302,53.30115582532267,53.352232934592145,53.40966801785707,53.47477948929603,53.54834912940857,53.628948645566126,53.714500487057386,53.80286338369718,53.89205905031858,53.98155578726876,54.0739358097409,54.16878817583452,54.26515781107867,54.36224421060036,54.45766873055749,54.55250311107966,54.64848374558747,54.740195100656926,54.82261906247449,54.89914357835171,54.97135260128423,55.03878495733793,55.101150193915345,55.15880896140409,55.21311157195295,55.26480024025438,55.314415316274804,55.36228432015517,55.40887823423274,55.45594380209476,55.51547660900343
36.54044759292975,36.82722046913568,37.102380609322466,37.3672219543862,37.62554130219982,37.880962761299,38.13579542686388,38.391270916439744,38.64784639974941,38.90572980724265,39.16317853678124,39.41472417728074,39.65472975784399,39.88132587586792,40.09331130367458,40.28921957114847,40.47063131604149,40.64380705128273,40.791166785989006,40.916415255476934,41.040208715298874,41.1636177509518,41.26985488855162,41.36097976851706,41.46830795790473,41.58324281841243,41.70711985236103,41.84263022723525,41.99104923090032,42.14830453875833,42.30896371217656,42.46703270569988,42.61518477987357,42.74702437221725,42.86171187467542,42.9624387357359,43.053893735742264,43.14002620861247,43.241002791483666,43.30923549996781,43.34676904290209,43.339993185725504,43.30830600456565,43.28736094644795,43.302719747198786,43.336370221150396,43.379077280614425,43.425445023421446,43.47925958540705,43.538712604796586,43.6072038281361,43.68215891769305,43.7594722847832,43.840988233874896,43.906362612962,43.97546552015926,44.045595200741,44.105137866002096,44.16069480576713,44.200572941407366,44.24030294115884,44.27179847792768,44.302867924349606,44.34135951074147,44.34558597531807,44.3317459493124,44.34117119682347,44.360184170566896,44.389306817351965,44.43346393546717,44.49710289637314,44.581075938121856,44.6712146292168,44.78579867195333,44.91669008500476,45.05983266809821,45.211117306854476,45.365816665048605,45.51970500593752,45.66872778221116,45.808536720659866,45.93449174728354,46.04270275373501,46.133681948055575,46.20942818974199,46.27263960437703,46.32667675531462,46.37502413066115,46.42106959148203,46.46859795738733,46.5214749198804,46.582262137719354,46.652314867029524,46.73178817039897,46.820021506787874,46.91624862531143,47.01392093349735,47.115429458965046,47.227449554772974,47.34576126730799,47.46191868517273,47.540582583964536,47.59196748213468,47.6316020619399,47.67188950420621,47.73038878180311,47.75931763013898,47.75994198806339,47.77851734167883,47.79344797888583,47.81327030255114,47.84321707864805,47.886638346299414,47.946596321240214,48.026397894321185,48.12615958019342,48.243410790759256,48.374378175266365,48.51538492562048,48.66879557669974,48.821332048248,48.94183468386751,49.091057380392925,49.18594880304992,49.27675893030241,49.35867859275001,49.418954957676675,49.458978579494854,49.48521998186028,49.502579766001006,49.51955388627037,49.54967801441202,49.55628911822712,49.567644994843484,49.5612476322134,49.588603908518714,49.62874803192437,49.68213977082049,49.741510762336816,49.80614057217659,49.86772331633086,49.92091959398427,49.96122947430431,49.984306188700764,49.99227543625563,49.994092566052416,49.965821412168076,49.936818406009046,49.8930017166656,49.85696130451432,49.83460344526906,49.819630761959495,49.80566809678211,49.78778722249983,49.768222623072546,49.74601417767757,49.71870494724265,49.695446915497286,49.714653708761645,49.77875280754055,49.86334115193204,49.95138090942057,50.03070724095614,50.079015273737106,50.07970459205831,50.052435546402776,50.023428379893865,50.01088311873221,50.00505772655096,49.99315072677224,49.973518437276326,49.95029010222266,49.93503982673004,49.930189097323634,49.93420880534193,49.9500981909407,49.98003460192555,50.02712679617986,50.078944293533425,50.1327256848668,50.18874327054167,50.254257131426684,50.32602011066424,50.39885423013521,50.4693532954948,50.53595273543899,50.598813304113584,50.65526635078687,50.70422666477771,50.745122387569936,50.78011434297907,50.809426350926906,50.834608297028915,50.861574760969575,50.894641866715304,50.939566277914956,51.00047988971023,51.07793028615018,51.164725979762515,51.25953484445725,51.34443427225865,51.43602615960383,51.525816732014576,51.61221955603319,51.69417172338944,51.76959108013617,51.835412759564086,51.88861062447435,51.9270682043763,51.950138092377,51.954803475415915,51.95157235184667,51.951573923812894,51.96383040332856,51.988357459554976,52.02208435369082,52.062284489150215,52.109786015576724,52.164089333450114,52.22434035023945,52.28954187497551,52.362705861021965,52.43129150330139,52.49043033111935,52.555462361265135,52.619356896024435,52.682404985721305,52.74437182523441,52.8044047078073,52.86167109203332,52.915692148649974,52.965804903322756,53.011812140962306,53.054792581004115,53.09591609322425,53.13605530366671,53.17580325016493,53.21578622865139,53.25737955368432,53.30229002544306,53.35220949945538,53.408569541023155,53.47269310179308,53.54534809532641,53.625091972434994,53.7098471903383,53.7974811072613,53.88603466630585,53.97503224347081,54.06712136011044,54.16202528248403,54.258708972440346,54.35620828989328,54.45210691273754,54.54741152339029,54.64363559181814,54.73567007923551,54.81876579475955,54.89610321108851,54.96908145488748,55.03725695341524,55.101694419495274,55.16000797038003,55.214917931426804,55.26714738267013,55.31719564185559,55.36532345371362,55.41058778409486,55.457106073787244,55.51569022881125
36.476988666682736,36.763384717812116,37.038501096532336,37.30349944225292,37.562301277341724,37.81860039625709,38.07460562911406,38.33142432118487,38.58963923640231,38.84960332796999,39.109637347056776,39.36425818252771,39.607739209038385,39.83816178771421,40.05625216611119,40.25424953209426,40.438290889295985,40.617766305359964,40.76917620126713,40.899383793401796,41.02671565848844,41.15423171983596,41.26253162343747,41.351750197572144,41.46094281780101,41.57644931361208,41.70045875637539,41.836077623568876,41.98486788074038,42.142903065672954,42.3047652814272,42.46438386122835,42.61432797625523,42.74819392914739,42.8652446304277,42.96866827112136,43.063068078001066,43.15277750634064,43.25597091400767,43.32586183250674,43.36516553716779,43.36076392166689,43.332379771181856,43.30676507624386,43.3260670131798,43.35560413816221,43.39506172952771,43.43771716972722,43.48894710434262,43.54521843060312,43.61212454022957,43.68641392664875,43.763797537678315,43.84729011139899,43.912838146712,43.98422324751488,44.05687067409172,44.118356622390095,44.17568202888277,44.21711478166169,44.25802038454862,44.290909643188044,44.32151252920313,44.35917959776851,44.361961844148915,44.346179383945525,44.35241669111177,44.368568319519035,44.39460318833806,44.4356204270329,44.49601649470612,44.57749861876777,44.66314266960917,44.77486934217735,44.90361869103899,45.04541370218663,45.19621364213857,45.351216242236816,45.50611076802987,45.656741364396154,45.79862048638758,45.92693255610491,46.037565022639626,46.130805181483076,46.208492094710124,46.27321941464279,46.32830424706509,46.37734369720849,46.42391407315992,46.47182438732733,46.52467743553951,46.58479681419956,46.65360828024307,46.731660636843955,46.81861406677703,46.91389467983665,47.010132956755626,47.11085032101593,47.22361548596505,47.344354340957125,47.46240394266449,47.54271999581512,47.599994576186546,47.64575868144553,47.68869719500663,47.751844500295846,47.78263573608779,47.77944702424179,47.7964969758741,47.81047728126807,47.827310141385624,47.85328366296902,47.89242585652737,47.94826941353073,48.02450112465186,48.12132901202299,48.23619294919444,48.36538756325442,48.505469402418655,48.659502387685656,48.809556847765364,48.93374480963571,49.08286810574207,49.183817416803464,49.27666152585876,49.361655433205286,49.42482803673715,49.46739765011004,49.495877953017704,49.51526020375674,49.53379412147157,49.56444945619997,49.571069117457846,49.58328618592893,49.5775394754845,49.603543760944895,49.64203677160365,49.693654838557464,49.75158997174157,49.81566198759058,49.877910324766226,49.93325716774142,49.976933847555806,50.00371705398163,50.015964145844514,50.01823016941602,49.99841574464962,49.97406120395542,49.933716285838635,49.898345404454574,49.87384238693581,49.85643329873251,49.839038866050316,49.81791952293251,49.79327128420858,49.76763816852695,49.736825358776805,49.70871582889919,49.725410806656676,49.78740824993128,49.87098917169386,49.958894963647836,50.04040860167626,50.092795014045294,50.09877322589453,50.07750901122598,50.052744938982194,50.04215669476191,50.037845577968646,50.027087664181366,50.00598834564993,49.9788387704763,49.95983539657305,49.95071296659515,49.950299886140186,49.961896957998015,49.98835766737205,50.033206125774456,50.0831060474671,50.13599589503557,50.19117129660313,50.25680642972424,50.32961263600346,50.403899912541576,50.476063698449565,50.54410997467939,50.60793709117854,50.665160758375976,50.71470025197205,50.7555523129225,50.78982967668347,50.81792746910082,50.84144262440493,50.86648540426415,50.89739757766721,50.94054210872314,50.99962635442299,51.076332328070315,51.161915004183115,51.256147427989326,51.339167593894906,51.43104853443148,51.52180783591574,51.6098396497116,51.69400604107356,51.77200346915728,51.840457803431555,51.89610885022265,51.93678268268108,51.96268694491837,51.96900636897175,51.96686891265672,51.96609837446011,51.977667600687234,52.00057526822529,52.031938164542986,52.06939322069956,52.11435247586783,52.16669136980001,52.22557937471913,52.290033445078045,52.36431342030948,52.43322972812672,52.491397502873355,52.55717322081078,52.62203714134713,52.68624877095735,52.7495060752268,52.81080741766707,52.86913408076163,52.923842745214515,52.974191991577506,53.0199927618086,53.06243583602421,53.10279098433804,53.141993509090376,53.18066796085087,53.21944941807616,53.2597385306896,53.3033093226496,53.35192882459743,53.40706682820769,53.47005368162881,53.54165304557364,53.62042008264677,53.70428880815549,53.79114665531073,53.879062985201315,53.96761530306752,54.05949901840988,54.15454421026799,54.251638545667966,54.349666092884405,54.44616504769598,54.542077716791006,54.63870198532066,54.73118638769389,54.815033782914995,54.893236422194036,54.967033753904346,55.036012391234266,55.10244592595935,55.161483837774114,55.2170322290237,55.269785608963076,55.320201616671085,55.3684772657854,55.41239444800614,55.45821719759954,55.51563765683496
36.41309116377334,36.69888329187742,36.97382562349045,37.238957754430615,37.49828419112987,37.75553119085604,38.012798581688905,38.2710714561098,38.53104616903773,38.79321248489616,39.05595772144482,39.31379293160682,39.560922280132495,39.7953593425856,40.01950765353384,40.220028600164966,40.40704405501324,40.59249890982344,40.74812538667272,40.883405129842586,41.014307979794125,41.145717010674815,41.2559616313149,41.343540431861825,41.454230283470764,41.56989585334901,41.69359736428606,41.82896344495611,41.97787740575928,42.136495970249236,42.29940234671405,42.46048107086905,42.61225202307694,42.74833635625847,42.8680445387066,42.97449138431993,43.07213018499492,43.16556235544438,43.27068577638549,43.34233563614831,43.38354643039379,43.381761154560806,43.356753223904825,43.32728200688792,43.3498818488247,43.37531378589362,43.41140343729166,43.450308680432705,43.49876343596262,43.551766202840945,43.61684089414255,43.69018985852528,43.76742656599514,43.852569261772175,43.918447436656976,43.99207957848753,44.067237404854716,44.13083035803128,44.1901070588514,44.23334220954213,44.27561199255761,44.30995685444009,44.34024461740381,44.37676059172125,44.37824735887028,44.36092150025745,44.3640561496836,44.37729395380618,44.400154789264505,44.43789297844867,44.494841551616794,44.57344173475838,44.6545391788422,44.76320498362675,44.88964329008019,45.029982884930675,45.1802549182144,45.33558607806268,45.49157155889134,45.64393686024934,45.788041006819704,45.91888498445702,46.03212948967047,46.12782365287663,46.207633439607456,46.27406261067441,46.33040403837932,46.38029672899848,46.427427700330334,46.47560005857151,46.52825741768854,46.587552986376686,46.65492189396026,46.73132434490097,46.816765409207726,46.91085104145599,47.00555126677986,47.10542708962878,47.2188674415702,47.341939671675355,47.46208495342491,47.54455397726439,47.60781439888066,47.659779727385896,47.705728195393945,47.7729230567229,47.80562739401103,47.79966019620629,47.815210781472736,47.82804201794485,47.841794931639654,47.863730152388285,47.89850915692298,47.95011275886782,48.02257823650103,48.11621112418795,48.228413400534436,48.35557995570544,48.494519358640375,48.648925032990526,48.79693550232963,48.92537583827652,49.07410732634418,49.18095929087731,49.27624827869166,49.36454646762762,49.430815880044456,49.47610974288998,49.50694925184958,49.52840207478295,49.548477091937,49.57942700601052,49.58615764017829,49.598919282139,49.59368434777143,49.61822725444864,49.65496911550787,49.70470861913179,49.76110502490271,49.82448793843622,49.88728834851814,49.94470085227681,49.99175330430702,50.0224379090635,50.03919787983708,50.04257021672741,50.030965044628935,50.011320176257826,49.97450984146629,49.939865313608685,49.91317263809411,49.893174924491134,49.87231833771908,49.8478281497447,49.81821713835694,49.78896504361842,49.75461387850804,49.72183593427345,49.73586727818828,49.795531249277175,49.87786829322671,49.965576691264154,50.0492217520347,50.10576016994699,50.11727897758703,50.10221959577878,50.08193094992105,50.07350209877153,50.07071098058521,50.06097504054769,50.03842580197246,50.00750897460836,49.984730965583054,49.97131813067125,49.966424377937415,49.97364799081379,49.99648774918148,50.0388700827502,50.0867703691944,50.13872938066618,50.193148665273384,50.25892576065687,50.33273928639985,50.40846023645744,50.48230131491152,50.551869428016104,50.61679791871272,50.67493709958991,50.72518171069902,50.766120828488845,50.79978270768354,50.82670201224616,50.84855479166439,50.87163102331024,50.90031368638819,50.94150548906992,50.99854674471711,51.07413685302414,51.15823721846386,51.2516204061952,51.332877262342954,51.42504065348279,51.51686210069597,51.60667527690024,51.69322602420508,51.7739749825063,51.84524478025825,51.9035399938872,51.94660189205735,51.975353305530874,51.98342400871607,51.982445370994995,51.9810169856791,51.99178759492213,52.01293385011627,52.04180127295757,52.07639437524198,52.118672431979014,52.16887109149713,52.22619768677982,52.28970620837824,52.36474701787815,52.4338961051847,52.49134147305706,52.557943324961535,52.623908247733006,52.68943930661205,52.75414785001102,52.81687739546327,52.87642232136265,52.93197107134353,52.9826914332268,53.02838511429987,53.07034582628011,53.109943208035375,53.14818034695639,53.185721662386705,53.22322109590626,53.26211123096654,53.30423397322829,53.3514301223426,53.40521063654273,53.466920504965294,53.53732993335994,53.61500323181625,53.69789701786529,53.783929721543764,53.87120790554762,53.95935952665141,54.05111157875586,54.14637534462254,54.24396426978631,54.34262245358321,54.43983564726661,54.53648279760326,54.63365372734603,54.726707833253045,54.811382953631785,54.890499956858854,54.96515421364461,55.034959109015375,55.10323991893997,55.16299956799,55.21916552452337,55.272398220795026,55.32311273031653,55.37144885295282,55.41407673900615,55.459132185044254,55.51525357446739
36.34879074111861,36.633763111618755,36.90840518314037,37.17364447724826,37.43352910440235,37.691782873305925,37.95038888846116,38.21021244193586,38.47205230762155,38.736527557092955,39.00209556849741,39.263268660365455,39.51419768442218,39.75281491684205,39.98295349603965,40.18640077686837,40.37669902205166,40.567682290953755,40.727621085558056,40.868033795521974,41.00254420497543,41.13760920504112,41.24966907258184,41.33598738683898,41.447750625827354,41.563192184863105,41.686330966428336,41.82126196349379,41.9701184111559,42.1291415131228,42.29293636174333,42.455381939271085,42.60900264241898,42.747476454261175,42.870110220437425,42.97988018617148,43.08102998000005,43.178319086431884,43.285114983220744,43.35862362732252,43.40183935325275,43.40281041120505,43.381131682555726,43.34870577274166,43.373957008016724,43.39542990199401,43.42810426102928,43.4632377104425,43.508742362228475,43.55839756229887,43.62140670191482,43.6935515520519,43.77042979467804,43.85690424758709,43.92325117671158,43.99908518540932,44.07673487082068,44.142579404899664,44.20397209929046,44.24923805032563,44.293047883526796,44.328907799495006,44.35902982627143,44.39410550411306,44.394447363374645,44.37595948712159,44.3760854420372,44.386370950008406,44.40598469033973,44.440317723636355,44.49363028582251,44.568982093708144,44.645485161924626,44.75089371373371,44.87485480811525,45.01362829848708,45.1633201779026,45.31899021624736,45.47613193024864,45.63033717041756,45.77679976251462,45.910331447942845,46.02636347643368,46.12469421669951,46.206802796217644,46.27509253569006,46.332824568610384,46.383672391848236,46.431406122225866,46.47981312748551,46.532194643377004,46.590532960498024,46.656276648994464,46.73081727850134,46.81452699023921,46.907184656189244,47.00024836923577,47.09923098526826,47.21327027836712,47.338572274426625,47.46099031241715,47.54606216890986,47.61538510771862,47.67361657453943,47.72290925256994,47.793572690928954,47.828205021514144,47.82044254224943,47.83452889171376,47.84607012290264,47.856705737661585,47.87456066144322,47.90490918552653,47.95216219559952,48.02067912142192,48.11086994413244,48.22014877206752,48.345041269397825,48.48262484408751,48.637154573857536,48.78352236120625,48.91668070338622,49.064785671204,49.17737841547362,49.275494601974145,49.36731179887112,49.4368685767368,49.4850386858902,49.51834444384847,49.54190918534848,49.56347237226108,49.594540321320814,49.60150794081955,49.614526754593,49.609694704560354,49.63269077393726,49.6675900385533,49.71535227006267,49.770110167905294,49.83267448348457,49.89591113782078,49.95529726166658,50.00572048304535,50.04047761813085,50.061961183220156,50.06705814601858,50.06340899876915,50.048480182993075,50.01515653505055,49.98123161353423,49.952441527493164,49.92984352662591,49.905514954820426,49.87754168122856,49.84309602189424,49.81005242901941,49.77212858771998,49.734854906028914,49.746076275886175,49.80318702585541,49.88404929078481,49.97148591245742,50.05718949193146,50.11792876859356,50.135209549153124,50.12653398542865,50.110937486233794,50.104853341789315,50.103568775030794,50.09470729214228,50.07072037071597,50.036209852503625,50.00970378863914,49.992020248194,49.98261089881821,49.985391583934984,50.00447663183055,50.04418208520402,50.090002287192895,50.140987485089454,50.19472455091364,50.26065312533654,50.33542821980037,50.41255237217222,50.488071414382894,50.55922318004958,50.62537452703854,50.68456397615401,50.73563505709304,50.776791792196086,50.809941881385186,50.835727484403925,50.85593288484013,50.87701196122099,50.903403273234964,50.94248525647816,50.99728558146345,51.07140916724493,51.15377182414108,51.246044743872666,51.32564412334555,51.41807591280795,51.51103783945403,51.60276521067433,51.69184981858918,51.77550402758659,51.849754041795805,51.910868996759675,51.95648007462299,51.988092171733726,51.99800566304717,51.998232479852476,51.99625700495533,52.00615678660176,52.02543288321238,52.051691641033514,52.08332144430705,52.12279349262094,52.17068929715644,52.22626798390421,52.288642392079105,52.36410335952453,52.433386872221476,52.49033862422909,52.557835595654524,52.62501619005567,52.692004205393935,52.75830683996647,52.82260799798144,52.88351527688601,52.940046072728265,52.99126620668835,53.03695171093397,53.07848946165175,53.1173476953893,53.15460113068197,53.190961197812015,53.22710973502293,53.264517436637334,53.30509463764123,53.35075445802289,53.40305172613133,53.46335284796459,53.53244471189497,53.60891167555827,53.69074349682398,53.77589999965864,53.862533325887426,53.950319474814954,54.042001835264934,54.13754907098389,54.23570388382018,54.3350822059992,54.43311122328321,54.53060787214856,54.62846161914525,54.72219822624288,54.8077735607596,54.88785312654454,54.96340296875958,55.03405967850728,55.10404878256443,55.1645257960874,55.2212840967374,55.27495056560629,55.32590153808657,55.37422705214465,55.41563882124123,55.45987104509883,55.514573013811024
36.28412305563556,36.5680710973233,36.84229076842563,37.107607197034774,37.3680750779973,37.62738317181679,37.88739115330364,38.148847399384415,38.41264276211972,38.67951882363218,38.9480067967666,39.212627474189304,39.46749385207477,39.71044436622781,39.94650562302167,40.15326265292627,40.34713884360951,40.543209157933674,40.70745662907825,40.85290270315733,40.99099986923202,41.12945039828428,41.243191024023766,41.32876556208437,41.44125013762279,41.55626680737092,41.67868548467706,41.81301867892962,41.96164542245309,42.1208997697695,42.28542894319097,42.449144084809404,42.60462555734643,42.74563902386725,42.87144029654545,42.98480678751585,43.08971750178482,43.19098656941298,43.29922663817846,43.37469766108095,43.42002157943348,43.42388754944942,43.405487598755386,43.37097669529569,43.398277884551696,43.41594676527555,43.445171625564925,43.476522414661154,43.51891766510161,43.565154149765725,43.62587577558614,43.69656384595785,43.77287764867139,43.86037363143645,43.92731006079046,44.0052907406124,44.08540254978031,44.15362409496912,44.217279353817304,44.26478512928914,44.310298175797264,44.347730166163956,44.37783379312574,44.41121734645724,44.41056670155437,44.391280533411376,44.388500437670764,44.395809184705804,44.41211596177212,44.44293079651777,44.492434916040615,44.56419650323155,44.63606162386523,44.73802364993029,44.85934417113105,44.99643802501264,45.14548846402383,45.30149270051199,45.45983643382854,45.61596519554773,45.7648982340308,45.90125436216542,46.02023430453542,46.121373727415005,46.20595099122039,46.27625776256791,46.33551486818484,46.38741865420862,46.43580427277556,46.484434492271355,46.536474202941776,46.59373904281087,46.6576934861591,46.73017757725097,46.81195173757662,46.90296247005613,46.994296769789095,47.092333228399,47.20688885313453,47.33430716417485,47.459148614604345,47.547234406642964,47.62267603348664,47.68722079070711,47.74016845515687,47.81376657403561,47.85034881104726,47.84172277710061,47.85439426103831,47.86452824038684,47.87202826455005,47.88577930467119,47.91164688037827,47.954453562073894,48.01885367096775,48.10536949930067,48.211475691081944,48.333857421109975,48.4698759085619,48.62428207152987,48.769371773660744,48.90761233856115,49.05491376932626,49.17307878079464,49.274375908879264,49.36991152978982,49.44293648785266,49.49413060308947,49.530009969949354,49.55573382656816,49.578745196375266,49.60977882376045,49.61710731130028,49.630123305779634,49.625596334792206,49.646970749108625,49.67994451565617,49.72563694886934,49.77865964683443,49.84027768150672,49.90383244290836,49.965093009986866,50.01886802225824,50.05784504536816,50.08423860098058,50.09163939532153,50.09569746291583,50.08548943405617,50.05560834421561,50.02239813979437,49.991625722214344,49.9664318503457,49.93863716038637,49.907088695676244,49.86794377119703,49.83095795079732,49.78942756769615,49.74782041857442,49.756090952280104,49.81044079994317,49.88960293862235,49.97668244741556,50.06435462126656,50.12931883713634,50.15255264261013,50.15041886554302,50.139715929497754,50.13615501360967,50.136371628111505,50.12825502278906,50.102855551042744,50.064931755355296,50.03475686698081,50.01283498577957,49.998888066867146,49.9971680319086,50.01237609979597,50.04920555123285,50.09286682994005,50.142831551636306,50.19594812788506,50.26202652487517,50.337707594152036,50.41619348997538,50.49337926636596,50.56616331538032,50.633645656478386,50.694009989793585,50.74602430728855,50.78752906197134,50.82027564319432,50.84498138964194,50.8635649899649,50.8826285611095,50.906679418564295,50.94351024847067,50.99588738553298,51.06821457696594,51.14859802275101,51.23951140581957,51.31754902264542,51.410227708457164,51.50439336528867,51.59814822410912,51.689895570031055,51.77658901180145,51.85396593979591,51.91806080013178,51.96637147249584,52.00085855642323,52.012707101484295,52.0141918630268,52.01178536977885,52.020757445361085,52.03807252487797,52.061627230869796,52.0902079194243,52.126763266504256,52.172206785393,52.22586296357496,52.286924223383636,52.36247915104519,52.431798266983236,52.488465338948075,52.55691295482684,52.62540694318873,52.693971080011615,52.761992735472525,52.82799258200705,52.89039241038135,52.94803669505997,52.99987929037983,53.04565506420878,53.086833652019045,53.12497937747287,53.16124117368421,53.196383410166355,53.231123808307416,53.26697692982415,53.30592197635049,53.34994289697037,53.40064085707653,53.459409986788785,53.52706333438835,53.60221566948767,53.68289992238782,53.76712718335369,53.8531031447634,53.94054970815066,54.032212582053674,54.12809577478817,54.22687512679433,54.32705018414179,54.42598428757958,54.52443404674831,54.62309646196934,54.71762137699328,54.80416585814824,54.88525524271276,54.96174015390057,55.03327667145865,55.10484595609367,55.16604098221426,55.22337286293047,55.27743531341558,55.32856944914926,55.3768225029575,55.41709385113768,55.46045554224877,55.513631019316236
36.219123764241225,36.5018541692782,36.775533372289786,37.04089350011907,37.30196117275278,37.56235981459867,37.8238199800891,38.08697644917678,38.35280264249811,38.622156563585655,38.893647314804426,39.16181147846408,39.420739213257605,39.66816354648723,39.91007996387295,40.120510823964615,40.31824786987902,40.51900174944082,40.68755972436724,40.83790455243301,40.97947572936568,41.12098491506096,41.23630986569621,41.32176926743686,41.434710212678894,41.54913770237063,41.67069408776088,41.80427909101128,41.952512965173725,42.111830815665144,42.276941707732895,42.44182512585903,42.59916649092435,42.74284886578844,42.872033387955916,42.98924329919292,43.09814278911751,43.20350367449746,43.31298884492367,43.39052959247526,43.43807038262473,43.44497115829953,43.42981192141738,43.39404349872723,43.42283383001427,43.43685865455041,43.46261295572297,43.490180947993224,43.52932312654343,43.57207760603034,43.63030192719625,43.699291578972364,43.77484055291953,43.863055975912935,43.93068478280826,44.010746916428914,44.09327991952433,44.16398476021366,44.23003102604937,44.27996627170966,44.32733298771003,44.366391642258115,44.396622155286515,44.42809913026722,44.42661021730193,44.40687182800023,44.40129700608252,44.40561853447847,44.41857167377006,44.44576833101482,44.491307660988475,44.55916177094308,44.626349569672776,44.72468290964862,44.84320230511451,44.97850014666411,45.12683881939867,45.28315757457778,45.44272962135778,45.600843836286685,45.75233790192666,45.891636142727776,46.01370929558187,46.11781903948636,46.20502885129542,46.277506864186286,46.33842435528846,46.39148869456341,46.44058243053821,46.48943512718712,46.54108118671976,46.5971735395625,46.6591933462675,46.72944338075574,46.80909257892516,46.89825142907642,46.987768974105535,47.08480503948573,47.19978802265117,47.329199355884,47.456588454949625,47.54806052635521,47.629656506970875,47.70054394368992,47.757433891777005,47.83347787716458,47.87203895506051,47.863429917426465,47.87475029619051,47.8833830146427,47.88774821740371,47.897390196609585,47.918743179518465,47.95702269663897,48.01715177669174,48.09977381713678,48.202470784865994,48.322114327620305,48.45636260186543,48.61039858725071,48.75453808895856,48.89812367739759,49.04450224971571,49.16806437704254,49.272867612580086,49.37230576323777,49.448969974430526,49.50333161846653,49.54189227108724,49.56982828955685,49.594261077472574,49.62513193495904,49.6329430435392,49.645723638187704,49.64141502740796,49.661103609660564,49.69207752173269,49.735613813070984,49.7868077077752,49.84735359127378,49.91110601401506,49.97413471131381,50.03122856043314,50.074549054959945,50.10601467810509,50.11625940266825,50.12778029291448,50.122296139342126,50.095821139047935,50.063333057468725,50.030702578732765,50.00293264085934,49.97169339744893,49.93649777137992,49.892796222641906,49.85173923501958,49.80656889972012,49.76078014631881,49.7659644598998,49.81735779181765,49.894600010993585,49.98122611632654,50.070759939940025,50.13994840272668,50.169295959975365,50.17384092148928,50.16821766129024,50.16735170402695,50.169072206633366,50.161588836311886,50.13481484994046,50.09366503516706,50.05989320184755,50.03377801004414,50.01528450016878,50.0090176292816,50.02023793755443,50.05400389893364,50.09542902591341,50.144322923637624,50.19686857054884,50.26308396038479,50.339605567401776,50.4194007601563,50.49823014036298,50.572681918608815,50.641590047354704,50.703243742233965,50.75631347742003,50.79829649574168,50.83075243851685,50.854441232027995,50.8714391930715,50.888481166088965,50.91015520273292,50.944609302570356,50.99439667779661,51.06461838842049,51.14279501582996,51.23211135683373,51.30867280598537,51.40156943648064,51.496986991298634,51.59286309027979,51.68738142433591,51.7772283425542,51.857860826010246,51.92508034529518,51.97623032779376,52.01360747249563,52.02748409354672,52.03028514431561,52.02756901763969,52.035571840835054,52.05085293247731,52.07162600456535,52.09708729212324,52.13062936233964,52.17348435482177,52.22505532327475,52.284633929494795,52.35997109823665,52.42922652721613,52.485797999772615,52.555238324415626,52.62512648200582,52.695367543173674,52.765215226908566,52.83302450432564,52.897033184898305,52.955911884029916,53.00849366271889,53.05445768662212,53.09534530726191,53.132813185359154,53.168085789380335,53.20198514248929,53.23527178864092,53.26950949264919,53.30674664981817,53.34903650451706,53.398028789481415,53.45515119759994,53.52125175404976,53.59498546921927,53.674437971913136,53.75768096632714,53.84298126071815,53.930104787250976,54.02178661323869,54.118045841471535,54.21749573773359,54.31853122202047,54.41844735198953,54.517942427724,54.61752905706927,54.712941095834054,54.800520099647386,54.88266561682514,54.96012590371891,55.03257265961819,55.10560487878863,55.16752358651857,55.225416740367265,55.279845134241505,55.331117872672706,55.379245844988,55.4184549851219,55.4609074409796,55.51246263543344
36.15382852385263,36.4351592477706,36.7081839876764,36.9735509728301,37.23522644950696,37.496740529861654,37.759689972690325,38.02459971203434,38.29251705872265,38.56441105602514,38.83897303116297,39.1107627785755,39.37386219813799,39.625888313364634,39.873592447986546,40.088041885609364,40.28991045105243,40.49498230415278,40.66786104015136,40.82298579317588,40.967932061724305,41.112193586871584,41.229027559442635,41.3149724877555,41.428130076185376,41.54182285599098,41.6623899444084,41.79508869948647,41.942775564840616,42.10199472628555,42.26753627204503,42.43348268079493,42.592671166217734,42.73913078073649,42.87188811559419,42.99316183204251,43.10625588076647,43.215809271795166,43.326369707121415,43.40609127655702,43.45596303651533,43.46603982676094,43.454095599455265,43.41785490721343,43.447614195989175,43.458159848630785,43.480435676327744,43.50423146534328,43.539992528515384,43.57920957188149,43.634738968784944,43.70179958982466,43.77638893236682,43.86502984360922,43.93343603667962,44.015504385191036,44.100406457843434,44.17368173260723,44.242229319604014,44.29476430286412,44.34412243760613,44.38485991558866,44.41536055007347,44.4447538670563,44.44258275450969,44.42272055976157,44.41447101677069,44.4158088759065,44.42537489654199,44.44886646104933,44.49030073938343,44.55395470445721,44.61643000435599,44.71095961032082,44.82652013605253,44.95990274559823,45.1074502868478,45.26404888216587,45.424856044563086,45.58499599328132,45.73912024676062,45.88145920523291,46.00675577117917,46.11398700737685,46.20398720312239,46.27878841342344,46.341502448107065,46.395835691396314,46.445700874072564,46.494786006490905,46.54600068504787,46.60083875700019,46.66079717013304,46.72865282862158,46.80600244199002,46.893118479269845,46.98073748785078,47.076717638993074,47.1920326436957,47.32330386451799,47.45333842841615,47.54853036393801,47.63629585895751,47.713537601288806,47.774633651052675,47.85267977143755,47.89325564600405,47.88549297989368,47.89554040391446,47.90260108991562,47.903851301321296,47.90939745179576,47.92621902098738,47.95990543764281,48.015623330147136,48.09414692508497,48.19321068070797,48.30989790570722,48.44217497379988,48.5955951822632,48.73907565636519,48.888167653491834,49.03356174137706,49.16233919441959,49.27094512624966,49.37445460206905,49.45491939750886,49.51258785600019,49.553937788197146,49.58414486542937,49.60998552874606,49.640589076546206,49.649002429454974,49.66134245430597,49.65717657134863,49.675125785290916,49.704034031699166,49.74533402018685,49.7946085968127,49.853958271556806,49.917785601375066,49.98246897972356,50.04283473605747,50.090598511090676,50.12727395958056,50.140863606090726,50.15960734461068,50.15884850874594,50.13575078963404,50.104004531636804,50.06964945352356,50.039338643375736,50.00469210904014,49.965797486631764,49.91768921260547,49.87245390775364,49.82361066507542,49.773781763670954,49.77574995127497,49.82400322175606,49.899111282152674,49.98517673937823,50.07644824785189,50.14983549251596,50.18542720326617,50.19676683863489,50.19639406318858,50.19838800283557,50.20162317740247,50.19467933653466,50.16658177439674,50.122400043942584,50.08511579447889,50.054864987603864,50.031828816807725,50.020980670601006,50.02811392958263,50.058640546403296,50.097753903590494,50.14552294442424,50.19753505326617,50.26386343297734,50.34115029749662,50.42219135300442,50.50262930587622,50.57877107433554,50.64918643998988,50.712233835200486,50.76646658362184,50.809057951434234,50.84134071275869,50.864084515629926,50.87954358019272,50.89457011927249,50.9138437060976,50.94581125630003,50.99285797912525,51.060685907841844,51.13644200491422,51.223935561712985,51.29909631910812,51.392174492928596,51.48887703058268,51.58694858226164,51.68432552730894,51.777420427248174,51.861419052190435,51.93189257354159,51.9860108826346,52.026293932847196,52.042292408753696,52.04647394751657,52.043574886027905,52.05058224265862,52.06377426337476,52.08170592421911,52.10399305393344,52.134439388837755,52.17458280405774,52.22391776048631,52.28185373761557,52.3566759068955,52.42576789066634,52.482412989261384,52.55287462635799,52.624220781380515,52.696221207588664,52.76798400465397,52.837697121722734,52.90341706348652,52.963640585329344,53.017072302123225,53.06332209067188,53.10399133726028,53.140824050121225,53.17512029118749,53.20776323782032,53.239562148904696,53.27213490723466,53.307599318506355,53.34807634599498,53.395266283448976,53.45063575656011,53.51507592408882,53.58729133036788,53.66542932275622,53.747631042277284,53.83223157229434,53.9190392727084,54.010766722936545,54.10742965647019,54.20758345566274,54.30953015364467,54.41049292834684,54.511114121397085,54.6117302056961,54.70812119309512,54.79679653910675,54.88004356034333,54.95852035286587,55.03191021473461,55.10629898991027,55.16895206914824,55.22740064631243,55.282172698102734,55.33354821782496,55.38150771783274,55.41973537962016,55.46124850577681,55.51110290661304
36.0882729913868,36.368033253087695,36.64029360752902,36.90562720149677,37.167909969097906,37.43055304581578,37.69501573498008,37.961717308678416,38.231771120759255,38.5062525800225,38.78393985439426,39.05942347990928,39.326791236883274,39.58353452260431,39.836959004755485,40.055752433486475,40.262010937321925,40.47107306074716,40.648291245156976,40.808092875212836,40.956332519657565,41.10307066722897,41.22135381940234,41.30834931895621,41.42150895333187,41.53434025436074,41.653806223348255,41.78549300410288,41.932487746976655,42.09145157710651,42.25727425280331,42.424174367992094,42.58518530629166,42.73450956942313,42.87100310038548,42.99653449690449,43.114006815499984,43.22784223141591,43.3393373284367,43.42135456837786,43.47367681479405,43.487072143839264,43.47832958178259,43.44235964493148,43.47260833406106,43.47984462632887,43.49864721220361,43.51869212161585,43.55095965297889,43.58659168810804,43.639240712391974,43.70415271724399,43.77759321195761,43.86637379711802,43.935624516319216,44.019613819230905,44.1068216425283,44.18273534412376,44.25387643809867,44.309162048029485,44.36063664382658,44.40310267396675,44.4340146148064,44.46118456833786,44.4584891570701,44.43881391756881,44.42801833923348,44.42639008556998,44.432548700296294,44.45226132054318,44.48946636994283,44.54865211138842,44.606383932923656,44.696941869378996,44.80938858993201,44.94073390397179,45.08740190919184,45.244230666997424,45.4062602551712,45.56844456717849,45.725246749091106,45.870705965283854,45.999341052933474,46.10983448554972,46.20277687338103,46.28005098315762,46.344698564826395,46.400412823191076,46.45111988193741,46.50045810444075,46.55121778826298,46.60473700137124,46.66252589856911,46.727844060454345,46.80273425447636,46.887630566656185,46.97327481669056,47.06814224738573,47.1836875730469,47.31667570504075,47.44942712996704,47.548633755282864,47.642563420232726,47.72615333130478,47.79169582160615,47.87134542797619,47.913979076328,47.90784098116893,47.91670799095429,47.92214911045087,47.920323221401425,47.92180518476711,47.93409534282527,47.963137623433475,48.01431822288714,48.08855285058937,48.18377200589614,48.2972940721491,48.42740307416717,48.579962917810576,48.72303882514612,48.87769720044019,49.022102873315056,49.15590722312796,49.26858386306103,49.37631814913774,49.460735118126124,49.521845439669164,49.56609296221408,49.59863584530061,49.62588406338874,49.65613967015156,49.66527276096628,49.67699445662315,49.672906755555154,49.6890737056975,49.71585902047179,49.75484872773614,49.80211656003201,49.86014778112692,49.92392495522261,49.99014242929223,50.05371918761867,50.10600227794489,50.14800099039377,50.16539744362095,50.19112847384999,50.1950947521626,50.17535316606035,50.14438072737823,50.108443703061816,50.07564260310373,50.037641738192015,49.99501641972392,49.94265857746427,49.89315959506689,49.84061094504567,49.78687294503967,49.78550057893534,49.83044231003557,49.90320752635383,49.98859413675856,50.08146234490213,50.15899813365548,50.20093407449984,50.219163302347276,50.22419651677004,50.2292084998299,50.2339772072249,50.227497127281275,50.19813983139927,50.1511271336856,50.11042764611434,50.076111585074926,50.04854963486852,50.03309745041374,50.03605586035729,50.06317891173878,50.0999064914488,50.146492957327084,50.19799675039825,50.26440294376479,50.34236994238351,50.424582438809175,50.50658203240792,50.58442286716095,50.65641357470635,50.72094887041844,50.77644764202847,50.81977728697606,50.85200891132575,50.87388874451556,50.887866237361344,50.900895763773235,50.9177580090151,50.94714494718257,50.991315810389835,51.05648244146331,51.12961819154002,51.215074985255164,51.28890040775647,51.38211627385123,51.480121796239594,51.580443473129876,51.68074602475532,51.777163673286694,51.86462097008817,51.938462426162694,51.995667379136215,52.0388729503742,52.057087816624495,52.062719896427254,52.05976991243351,52.06577092046674,52.07683667493461,52.09188495193003,52.110958696384415,52.138240954709275,52.17556293171595,52.22252297269229,52.27866587494899,52.35269028281822,52.42151859508002,52.47838668997296,52.54988478259103,52.62273581618647,52.696559685965184,52.77030875908817,52.842003790983824,52.90952350919563,52.97119174464952,53.02557818701048,53.07221078885589,53.11273865189408,53.14898690283216,53.18232999252286,53.21371453919903,53.24400336197994,53.27487295570274,53.308510642877145,53.34710348673618,53.3924040990823,53.44592293983141,53.508601797715194,53.579203508548346,53.65594565227333,53.73704710490242,53.82091797803466,53.907407725115426,53.99919570526381,54.09627760522027,54.197156019606545,54.3000518130239,54.4021135284853,54.50393023408902,54.60567070910076,54.703125479106276,54.79295543037611,54.87734838472896,54.95688363599277,55.03125190855656,55.10690172871952,55.170304890251266,55.229309498030645,55.28441067501794,55.33586189377414,55.383618761088314,55.42094819105884,55.46150050112592,55.50958687730541
36.02249282376078,36.30052310551662,36.57191322479117,36.83716977244802,37.100050792363746,37.3638250906711,37.629811870831155,37.8983293598304,38.17054993857382,38.447651414649485,38.728503693050335,39.00773568785112,39.279454759660766,39.541018029950585,39.800095563572846,40.02353906322191,40.23443367887975,40.44719625790155,40.628781008110415,40.79317224837072,40.944640756515135,41.093610409645976,41.21329835971464,41.301873856955,41.4148460693081,41.526707883608644,41.644976093309054,41.77553750460819,41.92170403710468,42.080261443603874,42.24621726668368,42.41395780582552,42.5767546342112,42.72901003256012,42.86937696325512,42.9993334046187,43.121345632086424,43.23954142346952,43.35185981253457,43.43629132298938,43.491188991149706,43.5080466985401,43.502504817312904,43.46750643605858,43.497805595814604,43.50190726645681,43.51725498817492,43.5335810717155,43.56225828189535,43.59426559549878,43.64386097005712,43.706415799959615,43.778523816636266,43.86716639903199,43.93731091564166,44.02312589088065,44.112564951369684,44.19116592673723,44.264974585150746,44.323142332482725,44.37684572471243,44.421087605203574,44.45254998680503,44.477394245625234,44.47433426887559,44.45513909029536,44.441934842969104,44.43737204004898,44.440116155241356,44.45598904341822,44.48885677138404,44.543330799351196,44.59629236038454,44.68271780425526,44.79189859273985,44.92108170394152,45.06677272925143,45.22376697279363,45.386986804908865,45.551212458625116,45.71071888947655,45.85935883848363,45.99143246245095,46.105318328468286,46.201348688751025,46.28124314626712,46.347962123632286,46.40517326843144,46.45679973269152,46.50642239529472,46.556717586702014,46.608870578922904,46.66440047238908,46.72705521585997,46.79934094408939,46.88185463725516,46.96545346629058,47.05915008512837,47.17481766748343,47.30936989241622,47.44488315456545,47.548360536281194,47.6484285215827,47.73834270153878,47.8085484920597,47.88944801790214,47.934189438482484,47.930402937918906,47.938196464054144,47.941993720493784,47.93714968274281,47.93461751006093,47.94239308307238,47.96675509235899,48.013286346465,48.083055621094154,48.17423138771878,48.28438874372435,48.4121369527691,48.56359285513597,48.70648194456678,48.86666525183897,49.01013627453444,49.148772453369865,49.26575923618729,49.37785650729788,49.46636749732078,49.53105049345225,49.57830423407304,49.61325352028538,49.64192219459362,49.67177313740469,49.68174132999185,49.69269434762801,49.68863136896851,49.70298380057821,49.72759746296685,49.764209093238094,49.80938584351824,49.8659781787552,49.92957782579185,49.99720167409596,50.063914553604185,50.120769219707014,50.168180315531544,50.18980635329091,50.22229353647796,50.230983079487146,50.21458413841336,50.184429809772574,50.147062683822625,50.1118372652522,50.07055072793656,50.02418314894854,49.967740153594946,49.91391392302675,49.8576278209144,49.800101364833814,49.79526949541065,49.83674027693338,49.906959517851284,49.99153812865547,50.085845030990804,50.16745435329662,50.21580427569372,50.240996997993854,50.25157640361197,50.25975778480437,50.26608696290671,50.26001281237559,50.2294725279357,50.17983665639974,50.135831757993415,50.09753346907351,50.06547557243577,50.0454082632668,50.04411551435511,50.067682413037005,50.10195181796587,50.147294305676986,50.19830283630626,50.26474049385912,50.34329266000944,50.42659118785997,50.510093589460325,50.58962938168557,50.66325019182649,50.72935744961319,50.78622066877437,50.83041836029428,50.86272547962394,50.88383142275269,50.89639525061014,50.907458442704346,50.92191119184212,50.9486392127408,50.98981469246124,51.05207329551813,51.122402777243664,51.20562059225808,51.27816591767313,51.371468175298745,51.47077960136809,51.57338653595974,51.67666106248029,51.776456488073066,51.86744693145509,51.94475484445019,52.005154059416455,52.05129953797287,52.071826086678385,52.078984614845325,52.07612103434654,52.08112014389438,52.09004032452115,52.10218104979705,52.11801771100573,52.14208166866482,52.17648553641138,52.220943657375365,52.275152568698,52.348110931801436,52.416574878203356,52.47379548446596,52.546331715051885,52.620717561297276,52.6964105910118,52.77219918059051,52.84593786889443,52.91533198507526,52.978534307681706,53.03397429579838,53.08108629367202,53.12155416104323,53.157276674565,53.18970020680359,53.21983588966499,53.24860390074789,53.277743420175604,53.30951128339257,53.34615899207271,53.389492996484414,53.441072023575856,53.501895328138545,53.57079225937546,53.64605863782079,53.7259988479008,53.809104376481706,53.89526470506454,53.987116354337076,54.08462007315794,54.186231168589806,54.2901010341676,54.393301664238706,54.49637187212127,54.59932136853429,54.697917764197435,54.788957027305166,54.87453940144362,54.95517588775093,55.03056031283278,55.10738653447735,55.171560509975585,55.23112821278658,55.28655173500579,55.3380603096883,55.38558961435134,55.422106575864284,55.461685191512444,55.50794959196101
35.956523677891596,36.232675725344535,36.50309383240643,36.76822627201279,37.03168798014259,37.29658439263769,37.56409298411635,37.83443598621161,38.10883862213227,38.38857783897792,38.67262045568328,38.95564150778673,39.2317811966378,39.49825469114774,39.76291805383163,39.99129837044163,40.20706302591814,40.423274134293585,40.60926099773805,40.778170362476466,40.9328204256467,41.08380706763543,41.204870894518855,41.29552019766777,41.40814064930368,41.51894372986343,41.63593272301943,41.76526770075012,41.91047896074754,42.068484401253436,42.23442693036203,42.4028906126702,42.56742487304135,42.72265697085919,42.867008325128374,43.001530666025,43.128222369294065,43.25084571806583,43.36390526308004,43.45087339544321,43.50847683927106,43.52894207986901,43.52661225495975,43.493244004771896,43.52319533283452,43.5243420478268,43.53626642906601,43.54891647054681,43.573922197226175,43.602272934842546,43.64865355382015,43.70865367670072,43.77925117134714,43.86748621194385,43.93855592856161,44.026091272472435,44.11767586215826,44.198993812421584,44.275525964377614,44.336687981500795,44.392719798604695,44.4387823971103,44.47093230338915,44.4933859104318,44.49012293381855,44.47168326681465,44.456216397475764,44.44876461592362,44.4481003315856,44.46008576359631,44.4885241624244,44.538067575960035,44.58623629174736,44.668375532381745,44.77414107046294,44.90103422766419,45.0456417898472,45.20272184327562,45.367080245502805,45.533322568268034,45.695538148475386,45.84740024043526,45.982997321337756,46.100395390595764,46.19965347591209,46.28231347563019,46.35124254271051,46.41007020560113,46.46270070489365,46.512649853310926,46.562485170701876,46.613241795902496,46.66644183240633,46.726324434444344,46.79587543853428,46.87585763708654,46.95734594231655,47.04981237268564,47.16548778378406,47.30144144160835,47.4397350971745,47.547700542824515,47.65386049379361,47.75005727979178,47.82511975103563,47.90696071233711,47.95386692491765,47.953107866810264,47.95994922995812,47.96210156428972,47.9543163904441,47.94783854221466,47.951133179769,47.970793682767415,48.01257759243392,48.077719264043544,48.16466545346415,48.271267837211425,48.396466659407565,48.54657605548259,48.6894593638927,48.85502474128445,48.99767257403993,49.140938875347516,49.26244665880145,49.379029779403545,49.471766896131335,49.54014914132817,49.59051804470906,49.62795018149855,49.658065435553794,49.68747889993522,49.69839542845034,49.70845682980932,49.70437620052967,49.71689249963084,49.73929433410053,49.773466274211906,49.81647069335645,49.871505523212726,49.93479796331702,50.0036933282109,50.07345347250143,50.1349082005616,50.18779647998067,50.21403577313262,50.25305238834014,50.26646170061458,50.25339957677952,50.22411994389939,50.18548375228114,50.14791537502999,50.103427521305804,50.053326252597806,49.99296977737403,49.93477451770065,49.874719373965156,49.81351469746221,49.80510985323062,49.842962342726686,49.9104380308992,49.994068535256886,50.08963910601793,50.17522217859073,50.230025508865126,50.26223461094203,50.278485105291665,50.28998044755333,50.29790511125402,50.292196995641525,50.260563370993694,50.208518964088746,50.16133113135561,50.11914630621577,50.08263524759405,50.05795340370719,50.0523446760528,50.07221446839494,50.103954911619205,50.147988332804864,50.198502485351405,50.26491408437229,50.34394660832139,50.428234770446224,50.51316924653572,50.59438270250986,50.669675031672746,50.73742817451004,50.79574967999392,50.84094502931598,50.87345886305917,50.893890054409134,50.90511870597194,50.91425849917897,50.92631633493544,50.95032289049758,50.98839914621045,51.04752377623965,51.114874963561434,51.19566334751959,51.26697369460087,51.36030359332136,51.46090875906694,51.56581654382647,51.672088786289,51.77529727901063,51.86987728804289,51.950734769695764,52.014425165593174,52.06352870853952,52.086462988434604,52.09522972656841,52.092595189257054,52.0966121825765,52.10338536949874,52.112612179919125,52.12520358932686,52.14600913941511,52.177411416759014,52.21925251201824,52.27139604606558,52.34303455964165,52.41103297778251,52.46871575529906,52.54227834567765,52.618211991586534,52.695801535437106,52.773664959540405,52.84949271224008,52.92082195417503,52.98563722011714,53.04222360690452,53.08991111761811,53.130404774587646,53.16566829639282,53.19721624744687,53.22612413225773,53.25337223808976,53.28076608277546,53.31063190051478,53.345283927336574,53.386583735758386,53.43614228395555,53.4950224685685,53.56212783846408,53.63583995675486,53.71455596497069,53.796854666178156,53.88266477314821,53.97457146427291,54.072487445719375,54.17482664163731,54.279682651085245,54.384049847440856,54.4884201418153,54.592652985247675,54.692461858698444,54.784761583743624,54.87157592194902,54.95335724279162,55.02979799931193,55.107726846444685,55.172697388469196,55.232841707844905,55.28858854808494,55.34014487473552,55.38743091721842,55.4232236904628,55.4618243414219,55.50622609503019
35.89040121069627,36.16453803285861,36.433886423318334,36.69884428652,36.96286059327255,37.22885867992558,37.497873678708395,37.770037308543415,38.04662228140051,38.3290021320796,38.61624605084512,38.90308304510184,39.1836989779817,39.45516036194011,39.72534240492495,39.9589269507716,40.179783328629306,40.39922892860083,40.58966188276621,40.76303366735692,40.92083518040195,41.07365489471019,41.19608113795427,41.28926243701051,41.40139191850831,41.51106577925386,41.626709281207994,41.75472909227632,41.89886704342808,42.056180525531026,42.2219648605143,42.3910304069011,42.557241745847186,42.7154751850321,42.86389580693053,43.00309839196323,43.13458706589126,43.26169398531466,43.375441783738175,43.46507264079097,43.525517632846935,43.54973687683163,43.5506428436367,43.51952107524863,43.54876689670548,43.54714324925104,43.555688959701264,43.56471647301431,43.58598518093283,43.61065534692814,43.653672275720794,43.71093118619658,43.77984570103459,43.86741179844626,43.93942024899373,44.028560636338426,44.122193852684724,44.20623933315077,44.28553277939669,44.34978182036063,44.408228983844445,44.45615473749808,44.489127201878475,44.50916257427088,44.505859995791404,44.4884336360001,44.470858872251696,44.46057768977398,44.456524299537435,44.4645876149993,44.48852076178125,44.53293924882939,44.576296732020914,44.65400317119054,44.75620694908819,44.88067955729655,45.02408813379979,45.18115932216459,45.34658512867977,45.51479779675415,45.67970600664605,45.834812586741776,45.97400295120004,46.09502252639545,46.197642061543924,46.28321054412511,46.35448924024685,46.415056813183874,46.468783077102565,46.51911145274738,46.568505630599425,46.61785295855728,46.66867091943422,46.725689855813364,46.79239066551622,46.869706512170076,46.9490247504342,47.040200330522254,47.155762778727485,47.29294536758107,47.43401155275737,47.54664361080424,47.65882866765162,47.761248633864774,47.84133768715624,47.92385668240277,47.972991728083656,47.97588478450968,47.981909695410366,47.98243928608397,47.97180904960398,47.96147239576565,47.96033657095536,47.97528923300681,48.01224185234714,48.07260780688165,48.15515083042055,48.25801726938866,48.38048224388439,48.52900358009358,48.67202543238935,48.842728602372944,48.98472240083629,49.132410479263136,49.25862154407661,49.3797980683088,49.47688367559621,49.54908750727571,49.60268083505712,49.64267812005496,49.67427929946221,49.703246379372786,49.71522234826045,49.724296605655816,49.72016703917963,49.73083623255325,49.750994608789114,49.7826714281768,49.82342535563176,49.87678587327061,49.93963911803227,50.009664005713184,50.08236858279785,50.148428084693094,50.20683402872797,50.238031141178034,50.28335488528209,50.30147882543986,50.291755351245335,50.263419294838265,50.22368426491244,50.18386967764598,50.13628056133176,50.082474308963874,50.018383285178125,49.95579900515601,49.89194368548152,49.82716061733373,49.815074804925004,49.84917372769266,49.91371383975183,49.996245176750726,50.092887369883485,50.18231963668914,50.24358547603137,50.28284282655925,50.30487400338643,50.31982107787117,50.329384319072844,50.32402028090294,50.2913958675609,50.23716440875625,50.186928767440484,50.1409657631179,50.10005727842792,50.07077316628187,50.06079512992707,50.076838495909485,50.105980800886336,50.14863638204156,50.198644871894864,50.26496171641625,50.344359945266355,50.42953035685735,50.51581427313636,50.598674914234294,50.675666834567544,50.745129646834286,50.80499869182157,50.85132115196827,50.88417750703734,50.904042143552736,50.914024689479476,50.92129627631025,50.93098651865183,50.952224817975754,50.98711369250836,51.042899189861096,51.107113952029586,51.18529421583749,51.25540458428248,51.34869592396927,51.45056758243492,51.55777226980529,51.667047341986674,51.7736844535027,51.871892391603225,51.956367143191095,52.02343493978424,52.075515474970395,52.10095429141242,52.11141685539418,52.10915931465507,52.11222930614804,52.11687196723164,52.12319630439518,52.132549822877415,52.15007097567077,52.17840137137387,52.217522234103605,52.26747853425477,52.337557872135406,52.40498913156366,52.46322388503085,52.53778759640549,52.61526508192788,52.69476013194967,52.774715786317245,52.85266167780627,52.92597287954461,52.992469427647094,53.05028909874664,53.09864777319203,53.139257402407274,53.174136699388704,53.20486342786984,53.232576110016794,53.258316846886764,53.283960725624475,53.31190315470582,53.34451935785983,53.38372707700726,53.431192997132534,53.488049172214716,53.55328050142901,53.625361286431854,53.702788149810395,53.784232745666664,53.86966248995896,53.961603829187936,54.05991010834073,54.16296017777386,54.268801497786285,54.37435058992553,54.48005614949256,54.58563636049193,54.68672157293914,54.78032935354123,54.86841725770675,54.951387835766184,55.02892753974275,55.10789610388249,55.17369398587998,55.2344349004703,55.290513784274054,55.34211699808391,55.38915330928614,55.424312691280754,55.46193971533976,55.50445143096337
35.82416107909182,36.096156948346,36.364341990470436,36.62907140229858,36.89360769259174,37.16067568074483,37.431168558480124,37.705133447547155,37.98388602634444,38.26889457302635,38.55933638708788,38.850002405182146,39.13513653385979,39.411650898072,39.68728454624583,39.926321399837775,40.15247893720544,40.37498287950091,40.56991433192125,40.74770861283896,40.90864867413052,41.06314814438309,41.18693880416022,41.28307467089915,41.39459910211167,41.50309201790868,41.61733893660337,41.74396717893451,41.8869228106692,42.04340989191246,42.20889267381641,42.378434806893246,42.54625097569376,42.70748947579057,42.86003802958689,43.004008693273256,43.1403897606463,43.27202509532579,43.38643747817396,43.47886091408425,43.54228864556611,43.57040967843352,43.5745875322573,43.54628637166593,43.57450963901216,43.57030514954169,43.57553000490499,43.58099923402258,43.5984810149767,43.619454472544376,43.658970947798856,43.71331316717642,43.78037783064296,43.867021721131934,43.93996457085266,44.030584654810745,44.126158400739804,44.21292282089875,44.29499723382537,44.36240667433923,44.42334339877268,44.47317231417812,44.507100319592794,44.52472724865586,44.5215502986866,44.505377386725144,44.4858581367951,44.47282113818014,44.465411129305224,44.46953073154907,44.488898788171966,44.528022625573776,44.56655468621395,44.63968883811376,44.73818715460252,44.860105774995404,45.00219080392983,45.1591434531817,45.32554600616651,45.49566104473033,45.66322394454695,45.82157829300617,45.964416673643974,46.08915659033059,46.195265272326225,46.283882924630106,46.35765163442713,46.42008626966342,46.47500712787703,46.52577816786221,46.574764056731574,46.62270637313454,46.671108674286124,46.72518961957292,46.788939552740395,46.863468208525504,46.940562396309204,47.03038517910284,47.14570750909238,47.28393668529831,47.427741116277154,47.54517957611184,47.66330237394291,47.77186833155873,47.85713038904377,47.940109099220784,47.991544040430604,47.99866270768383,48.00402126715498,48.00297353012187,47.98961336532112,47.975523185251284,47.97002419467176,47.98027758142521,48.012329017757885,48.067785277052664,48.145764145876235,48.24472295703449,48.36427375600144,48.51096649021216,48.65423449932219,48.82972976870074,48.97129638392822,49.12319125531893,49.254259305185776,49.38012147686773,49.48166819675391,49.55781171527362,49.61473904605223,49.65738962706948,49.69052929951197,49.71906499734695,49.73220938134085,49.74022837765628,49.73602967385934,49.74485142904328,49.76274326194882,49.79187571265198,49.83030407642924,49.88187528769993,49.94415504017184,50.01516032067893,50.090692522980866,50.161337736286036,50.22527750676026,50.2617378954592,50.31315088314933,50.335982663858026,50.32960733189722,50.30229602766877,50.26164157819165,50.21969291830905,50.16911829104646,50.11165589633889,50.044016513383816,49.97704501146026,49.909358836747074,49.84108679885721,49.82521750302345,49.85543965210852,49.916857718663344,49.99812787332491,50.09563262248752,50.18876475474321,50.25647187920977,50.30278833021296,50.33069447947358,50.34922426555227,50.360477253169286,50.35545327198375,50.321953524625,50.26576334240598,50.21262766748749,50.16300750639606,50.11777028302196,50.083907845537816,50.06951866045462,50.0816179136776,50.10809451424476,50.14929979671798,50.19877917029782,50.264921391103016,50.344560828791295,50.43049511738279,50.51803393876448,50.60249810145936,50.68120434083324,50.75243046831131,50.81393172039177,50.861510586178255,50.8948498569644,50.91426519425128,50.92310128716556,50.928572117211324,50.935934823347985,50.954373832698174,50.98600285222587,51.03826484261579,51.09919894418443,51.17460416200962,51.24353943246071,51.33671856329268,51.439814384570724,51.54929248697145,51.66155487537848,51.77161641895259,51.87347259388773,51.961616906227874,52.03213762410749,52.08721485016176,52.115255765131124,52.127507625120224,52.125780348030624,52.12795378424397,52.130500275084195,52.13395138532418,52.14008990318688,52.15431478614248,52.179516198870964,52.21582552111412,52.263482260468514,52.33177757507931,52.398539577292944,52.45739625621994,52.53292238917245,52.61192280719491,52.693313993258094,52.775361351300404,52.85543812237852,52.930764224233606,52.9989998759628,53.05813374974238,53.10725877289163,53.14807895438201,53.182656814625695,53.21262706148972,53.23918866598176,53.26344620002016,53.287347130844886,53.31335570642779,53.343906348974514,53.38097378033408,53.42628343926891,53.481041392286876,53.54432050388509,53.61469430420805,53.690765096118156,53.77130251348987,53.85631241608923,53.94825624319868,54.04691844645817,54.15064951602421,54.257462408280205,54.36419640352653,54.471261001474524,54.57824229551807,54.68066071724944,54.775620590547696,54.86502272017846,54.9492278013259,55.02791150587387,55.10786774605168,55.17452876235598,55.23589270792743,55.29232011359178,55.34397808890153,55.390767430151136,55.425386734744485,55.462053077751555,55.502660644210955
35.7578389399953,36.02757939209386,36.29451152680628,36.55895520567746,36.823968338938265,37.09206312330549,37.36399222730427,37.63972452394418,37.92061496693001,38.20822544088995,38.50184737296366,38.79634169341334,39.08602229443942,39.36764215528771,39.648660407187286,39.89337831326611,40.125034201838794,40.35045822567141,40.549949013929506,40.732141648749476,40.89622456018211,41.05228107016697,41.177453607275986,41.276930995249636,41.38776142530342,41.49504043195663,41.60785485793419,41.73302746047237,41.87470078799368,42.03023257587354,42.195271986944306,42.36516143102159,42.534498285646094,42.69872464384637,42.855433614022715,43.00423368079492,43.145580492327525,43.281777918209094,43.39686045005244,43.492210070374675,43.55876715111736,43.59093907368028,43.59843726973509,43.573488618201,43.60041291133926,43.59382202751095,43.595796989501586,43.59778290847616,43.6114434813192,43.628711952480096,43.664603382094086,43.71586445836948,43.78091798511663,43.86639454259354,43.94024958805303,44.03221400022155,44.129608984114185,44.21906460763947,44.303921531281055,44.37454536871354,44.438033161730445,44.48980281496157,44.52481729385184,44.54008294510008,44.537198686396515,44.52250170786318,44.50121006060419,44.48550483772221,44.47478389109742,44.47495124716746,44.48971046031388,44.52339451380763,44.55709115933523,44.625520650583546,44.720172612992805,44.83940096291746,44.98002884305796,45.13673828004808,45.30400742968975,45.475935212843424,45.646093442736515,45.807679774831485,45.9542058102757,46.08275443686447,46.192473934938704,46.28427919002351,46.3606791434371,46.4251117535235,46.48133313577585,46.53262097291345,46.58124553943524,46.62780434588155,46.673776037775426,46.72486186532892,46.785575027911996,46.8572096721726,46.93203138560729,47.02043813889209,47.13538683165753,47.274470409723996,47.42095238269702,47.5432982746388,47.66725094345368,47.78186794067461,47.87242594532054,47.95569113391286,48.00950405440864,48.021370652999366,48.02622735193611,48.02367094064875,48.007715042694194,47.98999502520889,47.98021698895841,47.98579456637068,48.012888980219365,48.06331570200075,48.136582027119516,48.23147081692732,48.34793124556053,48.49255584708147,48.636140913956716,48.81598117386417,48.95740515232048,49.11328519371712,49.24933535530206,49.37996010793437,49.48607082064289,49.56626788930069,49.626639118629434,49.67203699365692,49.70678094889606,49.734924175487365,49.74934381961025,49.75626684829945,49.75198989350978,49.75897451879879,49.774585268495926,49.8011302851567,49.83716110183396,49.886829825271754,49.94839947996991,50.0202288871843,50.098457931537936,50.173646019524874,50.24311145906433,50.285101474008044,50.34239023778747,50.369921425764105,50.3669113888217,50.34071830747049,50.29933304859389,50.255377842228036,50.2019491534819,50.14089959301503,50.069905298367686,49.99857016268081,49.92702290904534,49.855340916441484,49.83559110005576,49.86182533625146,49.91994044188796,49.99977644516738,50.09791766373004,50.19457555990429,50.268672420417666,50.322037807270554,50.35589791513041,50.37813460039107,50.391136580349425,50.38646657270781,50.35221984917364,50.2943061170416,50.238430832736164,50.185287202666416,50.13580287946076,50.09739773602202,50.07856705211216,50.086616139796185,50.110361080172034,50.15003992016499,50.19895455492148,50.26483110954452,50.34457741684317,50.431146222311966,50.519833512922375,50.60584434878553,50.6862662907923,50.759299240666394,50.82251278183898,50.871477189873,50.905444358246214,50.924536710572596,50.93233658506297,50.93608636499535,50.94117432938069,50.956798772187696,50.985111146233955,51.03368604073701,51.09120914156221,51.163684150833824,51.23145908487828,51.32444490734181,51.42870747857318,51.54041596840016,51.65562953226964,51.769091582763636,51.8745982466481,51.9664490000978,52.04048746068077,52.098581847009896,52.129323179109946,52.14346365954419,52.14242522687378,52.14376788649924,52.14427045042071,52.14489538480507,52.14785732178481,52.1587881795409,52.18081669786528,52.21423507053248,52.25948945190981,52.32579037426985,52.39178055271658,52.45130925142498,52.5277456459157,52.60823114226123,52.69149073207093,52.77561134486925,52.85781540274234,52.935175451291684,53.00519751075554,53.06572053830942,53.11570662921476,53.15683634039179,53.19120357317688,53.22049246172362,53.24595864319216,53.26876877037114,53.290945080558835,53.31502021614276,53.34348596601264,53.37837460584191,53.42147288652671,53.47406508199459,53.535318101447146,53.60391068743975,53.67855649759228,53.75812786819045,53.84266911213151,53.93457150042173,54.03354284550788,54.137912395413196,54.245670216576464,54.35357980007767,54.462015804082625,54.57044159157705,54.674243101959156,54.770595548612775,54.86135162082577,54.94683727412208,55.02671246945402,55.10761521221324,55.17518017804511,55.23720004748096,55.29400020605677,55.34572955635643,55.39228391940998,55.426458977280305,55.462186193142834,55.500888779223324
35.69147045032373,35.95885228438936,36.224446025269415,36.48854328298555,36.75398159315023,37.02304873581767,37.29635928905364,37.57381065845586,37.85679421312309,38.1469650147422,38.44373491702447,38.74204301518117,39.036284689887886,39.32304998933155,39.60938591714241,39.85999428668261,40.09733347272158,40.32557720578993,40.52969659751734,40.71627922491534,40.88352649190642,41.04104792557466,41.167635261440886,41.27080550597795,41.38087811327323,41.48692900752647,41.59829021392908,41.721955436637586,41.86225550092444,42.016708652890095,42.1811644165739,42.35126789766117,42.52202939876928,42.68920548991123,42.8500811811633,43.00374546536807,43.150109299703225,43.29089132407439,43.40667880303866,43.50509196471389,43.57493042318949,43.6113036515775,43.62218300498364,43.601076539031034,43.62646606527147,43.61768816197099,43.61649733831537,43.615085651279614,43.62490636192179,43.63846942752408,43.670623390646256,43.71864989850499,43.78153658939993,43.865608825423784,43.94033599450951,44.033499344902985,44.13258508059857,44.224685025346886,44.31230787538116,44.38618072876051,44.452268391058766,44.50601392765961,44.542243761975385,44.55523267511689,44.55281000281361,44.539793788287625,44.51691051317718,44.49863866498026,44.48466565512239,44.48088529577634,44.49100799692436,44.519131721145484,44.547987156393496,44.61158672603197,44.70225425024593,44.81865320321951,44.957681294004814,45.114007846484945,45.28201395097621,45.45564320174035,45.628315981773184,45.79309944782073,45.94333768270139,46.075772920460366,46.189218876061055,46.28434791318353,46.363521185462574,46.43008644324784,46.48772137935775,46.539610842159185,46.587935169047284,46.63314918304562,46.6766939507155,46.72474473268727,46.782350018736174,46.85099784913109,46.92350422399419,47.01043043035467,47.124865603201606,47.2646015558221,47.413673946980104,47.54098954227656,47.67064370697006,47.791199029013384,47.88715244460884,47.97057595760064,48.026851962467894,48.04393763712297,48.04847135649786,48.044498161909935,48.026099786821895,48.004892030175874,47.99093589185559,47.99187602619125,48.013971631284825,48.059263109170104,48.12768110143865,48.21834676584556,48.33154476236353,48.47386271194472,48.617799025558405,48.801435751459515,48.94305933501781,49.10269628465989,49.24382510759847,49.37927406436279,49.490041908301635,49.57440215333565,49.63832749372371,49.686572510932145,49.72299976080753,49.750813335423636,49.7666129549873,49.772426720074066,49.768073487071916,49.773241931517575,49.786565603346624,49.810486303210126,49.84405067793107,49.8917055447572,49.95242618766066,50.0249163193054,50.105697446956476,50.18536179859413,50.260320430627026,50.3080673148566,50.37102280504202,50.403243321053054,50.403623392105196,50.37865429932299,50.33673603259425,50.290917194611815,50.234781591670135,50.17023397728447,50.09608547650634,50.02043208488508,49.944993983659906,49.8699706444954,49.84624874855163,49.86839600039864,49.92303278367988,50.00125071246602,50.09978529351106,50.1997700793237,50.280174801672366,50.34055794309947,50.38043569193426,50.406496672181895,50.42131496741933,50.41703078689905,50.382178348194465,50.32278308466682,50.26434126442601,50.20782051854516,50.15418368582891,50.11128313228146,50.08799208937639,50.09189659236222,50.11284552714564,50.15091809571347,50.19922020012704,50.264728872852714,50.344437867369024,50.43150084193429,50.521218265112275,50.60870574081332,50.69083142476711,50.765704565624894,50.8307058922976,50.88118482097961,50.91592945628874,50.93483419658452,50.94171866920452,50.94383936277545,50.946718117106684,50.959528473967175,50.984483095403476,51.029228090458034,51.083223745699215,51.15262514710791,51.21924438727798,51.31194835216687,51.417305177541,51.53118148716666,51.64928945846535,51.76610835233913,51.87524970163599,51.97082836609258,52.04843869162197,52.10957147841104,52.14311230286815,52.15924658246373,52.15906088867455,52.15965388254882,52.158182650605504,52.156046264936776,52.155885570200745,52.16353876457669,52.18236366697182,52.21282357984138,52.25558233578165,52.31969297550361,52.3848082955807,52.44503925320457,52.52232028857234,52.6042360620005,52.689317961096776,52.77547545740322,52.85978687568325,52.93918602376846,53.01103127771656,53.073012442865455,53.123953854659284,53.16549647031656,53.19975190611531,53.228444941988734,53.25288288468754,53.27429303082095,53.29477435688853,53.316927344312845,53.34329927430629,53.375980313633775,53.41682061506802,53.46718619454752,53.52634354972998,53.593082113483206,53.666232047931025,53.744772708311004,53.828787138678315,53.920592394973696,54.019813690925986,54.12476655496554,54.23342975668452,54.34249329141271,54.45230166363835,54.5622050499199,54.667432537398184,54.765214481586156,54.85736327111032,54.944176388806056,55.025293002231905,55.10711194162809,55.1756266930953,55.23834183639557,55.29554673168771,55.34737280961673,55.39371341665927,55.42754257531456,55.462360825999035,55.49917088045091
35.62509126699415,35.89002254551964,36.15419647880341,36.417883220551815,36.68368651606577,36.95366024649136,37.22828434760099,37.507391971803514,37.7924088748896,38.085083573654906,38.384954927822385,38.687048475871315,38.985852150372516,39.277790255947856,39.56937700550422,39.82606591571317,40.06926110004603,40.3002620585341,40.5090877514111,40.70006779116343,40.87051812265309,41.029442964119035,41.15749348079424,41.264672299000004,41.37394839121076,41.478775730746946,41.58867817331665,41.71079660717787,41.84964147498428,42.00289819843796,42.166631579381125,42.33681182518693,42.508890038128335,42.67895681469689,42.84397935193391,43.002516157832574,43.15392622154177,43.299304183031474,43.41586064079763,43.517478452153455,43.590755735471305,43.63148200113078,43.64581568691647,43.62899885833317,43.65265845239345,43.64189783173399,43.63763847617072,43.6329256173375,43.638903438745835,43.64876853846519,43.67708478549512,43.721734326312216,43.78230406843723,43.86474313221534,43.94028448413673,44.034491361187214,44.13512616798369,44.22980440599496,44.32015846974306,44.3972955797571,44.46601920509869,44.52177334008342,44.559345361283164,44.57017945021965,44.56838909183028,44.55724081687193,44.532955364012295,44.512232496534416,44.49507949158855,44.48736901129757,44.49284361672075,44.515311055201785,44.5393236823975,44.597975181891194,44.68452299234884,44.797950578058284,44.93522719959101,45.09101619621344,45.25961012175268,45.43480791206797,45.609893042215376,45.777819727576954,45.9317796125272,46.068168895581515,46.18545092237298,46.28403766698847,46.36612717868934,46.43496351732018,46.494132137181516,46.54671874985749,46.59481803590465,46.63874319087401,46.679883353919706,46.724876361253834,46.779317452918164,46.84489968542074,46.9150534171356,47.00043327395527,47.11420868050334,47.25438513855651,47.40593440408955,47.538243214916605,47.67344999527831,47.79981316437603,47.90123797553094,47.984736741405804,48.04356795705853,48.06629267672135,48.070696687584366,48.06542183815076,48.04475330280285,48.02021831468961,48.00220184140359,47.99855779923498,48.01562686250749,48.05569152600486,48.1191379961219,48.205436720567576,48.31520435621233,48.454978146045065,48.59926318339272,48.78604643508308,48.92826956102491,49.091428518349474,49.23770397524808,49.37802344900708,49.493531820768595,49.58216063135725,49.649750612270076,49.700948470010026,49.739151248439384,49.76672189878534,49.784004079390755,49.788722695468934,49.784306243486746,49.7876900968975,49.798729241417206,49.81999492433153,49.851027050805605,49.896558504927356,49.9562889134783,50.02926923111839,50.112443707723926,50.19649393767828,50.27688896643512,50.33058085603686,50.39899844075856,50.435896559619884,50.43969921183424,50.41607216830584,50.37382788666786,50.326303720669266,50.267624048643135,50.19968762743932,50.12259288417632,50.042688404140506,49.96333014187431,49.885023657427816,49.85724360104079,49.87521686482728,49.926205518293294,50.00261049540878,50.1012783117306,50.20436634015284,50.290966724991186,50.358315423067104,50.404259191462444,50.43425507071917,50.450965081185075,50.447116518381314,50.41181252867517,50.3511845972853,50.290361963796556,50.230623120648445,50.172941320210946,50.12560432886308,50.097845556724,50.09752268947259,50.11561288364309,50.15199566669429,50.19962528027567,50.26465268213962,50.344170338315784,50.43157614653918,50.52219346483644,50.61107436214316,50.69487848308007,50.771615044912096,50.838475067902074,50.89059733742519,50.926273596497836,50.945135156354816,50.95123562562295,50.9518314536648,50.952579266882715,50.962591775559446,50.984163220605396,51.02495629801216,51.075321958131774,51.141518115629715,51.20697618540256,51.29930229381806,51.40566579457294,51.521627816346204,51.6425527997708,51.762665135082436,51.875407310603066,51.97471994550387,52.05594555904891,52.12013875726147,52.156578905924995,52.174818017676465,52.17565427092299,52.17559404202766,52.17223703300287,52.16742198781827,52.16420813996422,52.16861414996052,52.184217904805564,52.21166374652349,52.251843139287004,52.313582084577114,52.37771904363148,52.43866264411736,52.516709239079475,52.59998354128627,52.68682329304421,52.77496337928167,52.86134589798677,52.942775404713544,53.01647012253711,53.07997244182812,53.13196296172305,53.174026254036214,53.208276744514066,53.23646981570225,53.259958233507476,53.28002745425081,53.29885474195616,53.319107751400104,53.343387339187444,53.37384166381273,53.41238590105491,53.4604706831553,53.51746710434843,53.58228025969475,53.65386144083268,53.73130093239425,53.8147210563221,53.90636172097111,54.00576136814867,54.11122973370607,54.220745862613825,54.330929389365444,54.44209968646316,54.55350347179763,54.66019283389635,54.75943764331759,54.85301698249378,54.94120528002911,55.02361567595621,55.10633137355719,55.17584676765456,55.23930299193592,55.29695236050321,55.34890925785052,55.395066561495646,55.428650685273595,55.462598740805696,55.4975419923441
35.558737046923554,35.82113709577188,36.083813880351784,36.34702260470516,36.61312216852297,36.883925383536614,37.15978200681913,37.44046858470852,37.72744406219547,38.022551396699896,38.32546331390944,38.63130018086951,38.93465310606065,39.23177881088091,39.5285496016658,39.79148979598378,40.04070143400435,40.274435022581486,40.48805314433714,40.68345379732062,40.85716310577182,41.01746043931291,41.14703797947533,41.258505470231796,41.366971484305715,41.470598587746814,41.57905190482554,41.699596471840884,41.83691323569611,41.988861287992904,42.15173509204189,42.321850831973876,42.495125926788276,42.66800341891508,42.837126747259866,43.000517869028265,43.15698129661143,43.306955365190184,43.42437406699438,43.52934138774501,43.60622036165157,43.651452711345705,43.66932626444718,43.65720430028465,43.678979424289906,43.66644531561213,43.65922782789196,43.65132096155437,43.65346849375282,43.659650926092205,43.68404137868045,43.72518258052035,43.783290847172886,43.86387602556089,43.94015575084935,44.03524072140637,44.13727172406022,44.23444308155766,44.327475517984155,44.40787274698029,44.47925572219125,44.53704874004414,44.57608772909496,44.58492628192171,44.58394079733893,44.57482998248949,44.54934048260775,44.52629620896472,44.506048470704314,44.494438527652996,44.495269538420395,44.512009323591016,44.53118174235604,44.584774135593285,44.667069765288396,44.777381169590576,44.912745602637216,45.067827372954724,45.236840493745845,45.41345224447314,45.590826104621534,45.761823029703145,45.919498921359285,46.05989921669121,46.18112090055417,46.28329702431659,46.368446541303186,46.43969615422427,46.500525687805926,46.55391567026639,46.60187923034421,46.64458867561402,46.68336518820144,46.725294890634544,46.77653025816312,46.83898212706131,46.90675147069723,46.990517890158515,47.10348092034145,47.24387617289119,47.39776234898848,47.53504912845036,47.67563913916453,47.807661914563546,47.91461062670913,47.998146656450054,48.05963223063065,48.08836478846115,48.09284675193976,48.08640861361653,48.06366129573579,48.035977993287425,48.01403577564263,48.005875723849904,48.01790456544057,48.0526649799492,48.11102933845758,48.19282659787181,48.29900007690874,48.435993210625696,48.580587736725164,48.76977643198897,48.913046459346546,49.079485884988095,49.230947371423966,49.37616836472127,49.49649091908225,49.58948944734429,49.66085491520354,49.71511716200537,49.75520092498468,49.78263928720214,49.80150448473924,49.805169476972736,49.800713951695215,49.80235544463643,49.811121157623866,49.829707306040106,49.85814446654267,49.9014447645533,49.96004140765704,50.0333342366994,50.11872935232773,50.207051300961815,50.29280161147543,50.3525875355808,50.42626700078263,50.46782935135962,50.47509471809523,50.45294007949862,50.41058596728982,50.361530165609224,50.30048496743297,50.22928912177178,50.149463357754236,50.06539674651448,49.982089464972134,49.90054762964757,49.868628810052975,49.882353149814556,49.92952941998246,50.0039156141836,50.102439518288705,50.20838236954304,50.30103589239145,50.375276932540935,50.42731979529223,50.46135438579726,50.480039588452726,50.476694370978514,50.44110589760339,50.37950100690074,50.3164959320873,50.25371067559247,50.19210440069148,50.1404016203139,50.10817923863174,50.10355784922427,50.11872817814192,50.15333397643834,50.20021896972857,50.26464053851716,50.343802987630426,50.43138930641608,50.52276438159713,50.61294229737556,50.698386206053634,50.77699928025334,50.84578432478683,50.89967859713686,50.936445224279446,50.95541709395136,50.96087554035109,50.96006298077649,50.95877085906554,50.96601751448737,50.9841960427106,51.02093596963264,51.067582980396054,51.13045402119708,51.194735324994774,51.28658012834558,51.39384764276775,51.511793729014016,51.63543770199116,51.75876033839684,51.87505142530099,51.9780886796234,52.06296230507945,52.130238696457475,52.16967875779979,52.19013958898002,52.19217231110911,52.191570634570716,52.18643375497713,52.17904051554847,52.17285852260476,52.17406194440303,52.18644020998155,52.210828268061505,52.24835408962886,52.30755440728694,52.37060903461509,52.43225580672195,52.51097541937424,52.59551955499218,52.68403434062179,52.774084800884005,52.862485826438416,52.94592305717662,53.02148299090845,53.086563513615104,53.13969646290392,53.18239260143068,53.2167530194462,53.244552396281314,53.26718153269151,53.28598051354193,53.303206017883944,53.32159209786664,53.343791225988184,53.37200941648182,53.40822802064947,53.453984501027605,53.50875902091732,53.57157680343068,53.6415143699955,53.71777643898279,53.80052542565538,53.891922272530614,53.99141626261212,54.097319670659594,54.20762336837387,54.3188806057697,54.4313909788785,54.54430765846122,54.652487801783536,54.75322528765679,54.84827206643772,54.93788408244253,55.0216430623756,55.10524694726148,55.175818861870845,55.24006843136667,55.298209762521985,55.350340310225825,55.39635399351567,55.429796463583756,55.462921702048334,55.49603715935329
35.49244344702901,35.752242855433245,36.01334922285812,36.27600902177452,36.54232761135995,36.813871875163535,37.090866870580804,37.37304061789221,37.66188488500657,37.95933876294895,38.265215983837685,38.574740235561435,38.88261598711962,39.18493150987505,39.48681963502017,39.756162523120416,40.01153882478877,40.2480183366097,40.466523445021785,40.666383693213795,40.84342509461228,41.005094604669125,41.13627847162349,41.25227911558925,41.35994661774775,41.46241556465481,41.56944457718434,41.688400530374345,41.82412530858274,41.97465799703078,42.13653657123214,42.30644253639699,42.48078278781421,42.656370103277595,42.82952198806642,42.997722709795006,43.159224563680546,43.31378374066032,43.43218718529395,43.54065262654019,43.621301575419096,43.671194371227884,43.6927056864893,43.68564158906262,43.70541833254552,43.69132489241761,43.68127281830346,43.67028983883479,43.668635308904115,43.671158231193964,43.69154698224202,43.72905949985865,43.78456735055126,43.863086068053136,43.94001048856202,44.03579809789261,44.13906122661888,44.23862138400891,44.33426122372188,44.41789505570702,44.49194806067746,44.55180781535299,44.59243650273052,44.599476181736435,44.599469963232,44.592548474013704,44.56606173846174,44.540839678851306,44.51759566267805,44.50212997876449,44.49833798074066,44.509303333927676,44.523642341277835,44.57207170457039,44.64998549505152,44.75703305997313,44.89031554596404,45.04450542042997,45.21374961868249,45.39159909960278,45.57111664955008,45.74509176980234,45.90646293080379,46.05092073825269,46.17617963728434,46.282074558046126,46.370428691489884,46.44423753244382,46.50686230978973,46.56117257764401,46.60910384270286,46.650687943512914,46.68716039437406,46.726038460435284,46.774041362176234,46.83331212007252,46.898670890344775,46.980755499429115,47.09274717949462,47.23312967379008,47.38918637664006,47.53139711876933,47.67718046941493,47.81469684737685,47.9271984867657,48.01077887385505,48.0750249756344,48.11008298900902,48.11486495630812,48.10742513255257,48.08280947071933,48.05217518050673,48.026458632612986,48.01386563838411,48.020854631637306,48.05024749844731,48.103431755733936,48.18060231453665,48.283021974254595,48.41699896692979,48.561827034821185,48.75267106432169,48.89740065898743,49.06687237477792,49.22353070929915,49.373668914359435,49.49886956428107,49.59633472527552,49.6715868434591,49.729030878033065,49.77111430363645,49.79855492230361,49.81910146295148,49.821781767074285,49.81732240063831,49.817274404432176,49.823786326882875,49.83967460585504,49.86545717122737,49.906420382406125,49.96373742043105,50.03715795012457,50.12458701925531,50.21704275262925,50.30804291073478,50.37403279152041,50.4527783409598,50.49898990616727,50.5097657809747,50.48922619798092,50.44698763093524,50.3965892746406,50.33337279107162,50.259067038573995,50.17673273361667,50.08861473807445,50.00133003423693,49.91659023556349,49.88045752811791,49.88987007563769,49.93307526300154,50.00522588897836,50.10331171308535,50.21183619464561,50.3103700058905,50.39140915688836,50.44956888500094,50.48773920721056,50.50849115602837,50.50573494851452,50.47004196196678,50.40772266551682,50.342746170537744,50.27709884999337,50.211701545355076,50.1557153011809,50.11904491957627,50.110065489714174,50.12225643911966,50.15499436827649,50.20105044284693,50.264730443097335,50.34336397325997,50.430957491854386,50.522936284896616,50.614301631111005,50.701333334010194,50.78182587337396,50.85259767908632,50.908392458041675,50.94641278503949,50.96565751344193,50.97062649942169,50.96853428722375,50.9653059740119,50.96983452827378,50.984626082590054,51.0172324115528,51.06008601402842,51.11952382860782,51.18260265179739,51.273855251799645,51.38190903522422,51.50171799824531,51.62796231093165,51.75439236968567,51.87416239748142,51.98089950974281,52.06944317183146,52.13982630889528,52.18236762801173,52.20517292017204,52.20858194672298,52.20756592981295,52.20077297389259,52.19091981022634,52.18187020965192,52.17992975661491,52.18909138111474,52.2103898419381,52.245197414010256,52.30170664942962,52.36357450627773,52.42589512357698,52.50518175139374,52.590890077991844,52.680978716538135,52.772849412589586,52.86320001782369,52.9486084442073,53.026038828521855,53.09274863664408,53.14711687069975,53.19056242237989,53.22515566198477,53.25267799714309,53.2745496252792,53.29216068157555,53.30784796679402,53.32441104417454,53.344552000040515,53.370534331744125,53.404406250013714,53.44779360137408,53.500289555051474,53.56104342204725,53.629260529117765,53.70426312661928,53.78625480727061,53.877316843768725,53.97680875975245,54.08305410485088,54.19406710797412,54.30633945245925,54.42015664720583,54.53458841116168,54.644281251389636,54.74653766845349,54.84308783440384,54.934172930697656,55.019337733238814,55.10383210200192,55.17552143589208,55.24062307195253,55.29931160776268,55.351667375910814,55.397586352316004,55.43099306667138,55.463351474212466,55.494691425928906
35.426246124227525,35.683386744790866,35.94285349926592,36.20489005808882,36.47134190541482,36.74352744958215,37.0215535427588,37.305108192075934,37.59571645328885,37.89541595147387,38.20416884615917,38.51731074533284,38.829669223716735,39.13716420867455,39.444103034960385,39.719980692749026,39.981657622591506,40.22093423929635,40.444429322191375,40.648803928669835,40.82926774252413,40.99233971370055,41.12522467137802,41.245967330988314,41.35287301672654,41.45424464759967,41.559889359121705,41.67725428252592,41.81133221916703,41.96034840102739,42.121097633627805,42.290644556831296,42.465906344271154,42.64408166849611,42.82116369527887,42.99410279097265,43.16060606151744,43.319728179551745,43.439268099361364,43.55138402359058,43.63597665046267,43.69068556978289,43.71594490195635,43.714259448844274,43.73196452874497,43.7165308409626,43.70378087222957,43.68985040408331,43.684437666161166,43.68333209455927,43.69965540821958,43.733429923056356,43.786204003516694,43.86245182228476,43.93990939118937,44.03621416297808,44.14053415345036,44.24235964532266,44.340517790573585,44.427345331214255,44.504066338898376,44.56601825382111,44.60835731950959,44.61383216117716,44.61498143340192,44.61038348031805,44.5831150010725,44.55587278277424,44.52974413771818,44.5104794985539,44.50210116239888,44.50726989382624,44.516786484171675,44.5599560062546,44.6333611076251,44.73699433136268,44.86801607239213,45.02111438236036,45.19038204828932,45.369271378103726,45.550766157559416,45.727608363477536,45.8926389624669,46.04119031472925,46.170577959243175,46.280318841055376,46.372023047435256,46.44854083046257,46.513102281691715,46.5684604462484,46.61647696331751,46.65704330081799,46.691289913250934,46.72714521026195,46.77190369266268,46.82795661047416,46.89088418174398,46.971217322231766,47.08207231474162,47.2222006562171,47.380235082007424,47.52727702176494,47.67804331681568,47.82086953061698,47.93892964432292,48.02260656474245,48.08972638451991,48.13137629503169,48.13669470743362,48.12843803920423,48.10218353285221,48.06881399088488,48.039491350354915,48.02256338118561,48.024526952650895,48.04850310894333,48.09642187523926,48.1688497873405,48.267360098051796,48.39808647620052,48.54303542694629,48.73481502654538,48.88134278895231,49.05359197792121,49.2154294020467,49.37048520077567,49.500618117403526,49.60264258912968,49.68189283797179,49.74264190920792,49.78685689758771,49.81445822571939,49.836782305946144,49.83857426826232,49.834157379257,49.83248340598259,49.836769724110475,49.849947981295614,49.87301941094478,49.91154141725692,49.967430702034534,50.04078698547002,50.13004934699411,50.22647715686505,50.322597409199965,50.39486206188771,50.4784823171356,50.52932643393782,50.54366827055909,50.52489868883229,50.48301023407924,50.43147379297222,50.366295962591124,50.28904995613815,50.2044368481402,50.11240000488783,50.02110993095227,49.93319914958444,49.89278290776528,49.897832862573836,49.93691382160473,50.006601139981015,50.103937696020566,50.21474584261194,50.318956767505625,50.406678781476806,50.47095784216593,50.51335412475347,50.53627245071809,50.534208854813244,50.49860422875302,50.43583992513723,50.36911568038743,50.30080331046736,50.23176137228631,50.17158566601105,50.13049438403432,50.11710902903924,50.1262626950538,50.15703818553962,50.20216887399196,50.26496039699207,50.34288145315136,50.43029787314354,50.52271444423715,50.615144447949966,50.703698607272145,50.786063425999274,50.85887914693497,50.916702778066764,50.95614472418385,50.97583391889436,50.98047658886756,50.97724571611965,50.972197692078524,50.974071654441545,50.985497861114645,51.0139109300059,51.05291026056513,51.10881850265976,51.17065901155316,51.26120106023045,51.369908285041056,51.49143939711537,51.62014477239749,51.74955963635225,51.87272057889601,51.983117377153825,52.075342401422766,52.148856607471174,52.1946012860801,52.21987963505016,52.2248501152546,52.2235621973893,52.21525484711358,52.203077833950815,52.19127669263521,52.18626519530684,52.19223221682016,52.21042116563597,52.24245533963414,52.2961355168017,52.35671169636551,52.419656977241054,52.49939115707509,52.58614108515888,52.677684033501805,52.771266904777825,52.86348182892811,52.95081102885521,53.03010658106855,53.09849078933273,53.1541866976084,53.198502626763776,53.23345960320287,53.26083193170476,53.28205935431006,53.29857643123289,53.3128003708086,53.32759525078588,53.34571072667649,53.36946716970265,53.40097986530978,53.44196393740437,53.492128962365726,53.55075179290076,53.61716961189777,53.6908248938464,53.77196376176029,53.862588228802075,53.96196924500586,54.06845077530466,54.18008191542401,54.29329844126788,54.40837779776662,54.52431653115003,54.63553699304443,54.739335039557425,54.83742359785374,54.930031959445806,55.01666226029451,55.10206027703944,55.17493294986623,55.24095183095813,55.300250566243946,55.352891864073484,55.3987742774932,55.432253650962785,55.463909821783574,55.49353983652131
35.36018073543615,35.61461568413193,35.87237770251878,36.133713299976996,36.40020411152569,36.672919835002524,36.95185662722591,37.23667142798106,37.52892387700822,37.83075324134647,38.14227780942594,38.45895381556941,38.77574124601933,39.088392763023734,39.4003157308795,39.68284090049555,39.950942177604794,40.19310496931903,40.421701444572285,40.63066095351563,40.81465470285707,40.97919001991999,41.113886292878206,41.23954421234496,41.34574990643174,41.44610382271018,41.55041941936623,41.66620322804331,41.798588492971845,41.94599257545857,42.1054798959048,42.27451451165174,42.45054231922414,42.631162915282424,42.81205048982252,42.98963022340104,43.161075828890425,43.32472755197425,43.44558491286164,43.56150743394779,43.6502228604711,43.70990489601631,43.739034859761944,43.74300660380678,43.75860736447293,43.74205744005927,43.72675941449463,43.71002081220448,43.700909347485386,43.69621415697696,43.70842046865291,43.738358688842695,43.78827123101355,43.86205185084846,43.939913152646064,44.03653958899492,44.14172998234538,44.2456781974729,44.34624742215671,44.43620639877896,44.515580675195025,44.57964774325967,44.62381581675192,44.62799723175726,44.63048005174108,44.62832219027591,44.60049613993824,44.57140539731361,44.54251696603312,44.5195232209431,44.50661130211242,44.50598581090118,44.510695176046305,44.54851515807806,44.61728752899606,44.71735306591602,44.84592622474212,44.99771830246702,45.166782334293096,45.346491980622865,45.529776109207994,45.70935522633179,45.87799433795475,46.03066480058415,46.164266693110406,46.27797844622259,46.37317902732509,46.45255922676427,46.51920588207063,46.57575025033762,46.62398368252505,46.66365705377651,46.695774685645446,46.728653279720454,46.770170177327664,46.82298254428596,46.88346385056054,46.96197457903108,47.07152118286114,47.21114413513619,47.37093706005369,47.52267867332868,47.67819701215295,47.82613153208484,47.9497321880031,48.033602900233966,48.10371664973733,48.152173723195794,48.158279412060374,48.14941397781682,48.12176918723305,48.08589853895924,48.05315486690868,48.03200479060247,48.02897142003462,48.04749583888144,48.09007632426183,48.15765493306176,48.25210449810215,48.37934679968106,48.52426726236593,48.716293261023,48.864883478245915,49.03964868462015,49.20661886283968,49.36657732682399,49.50168693948808,49.60835916288556,49.691719339676574,49.755902546644826,49.802394220031495,49.83033861907905,49.854534305641906,49.855561683025584,49.85124467649228,49.84801887898551,49.850116324222896,49.86057858988099,49.88088543177998,49.91686392787678,49.97117500270169,50.0442679568119,50.13514897403155,50.23536337785373,50.33644965185779,50.41502078471465,50.503328785155595,50.55878714456629,50.576758056934864,50.559925717132316,50.51863113319692,50.46617646581295,50.3992629250235,50.319266452756374,50.23261153770141,50.13681017302205,50.04148723640171,49.95042204611926,49.905658101524864,49.906306730900205,49.941115870046275,50.0081011873795,50.1043602669944,50.21712934059339,50.32678387925416,50.421052491673684,50.491438048364444,50.53814372822038,50.56333613932794,50.56208669369854,50.526776204949755,50.46384313776567,50.39560746287583,50.324839723630575,50.25231249956974,50.18805300935132,50.14257941648258,50.12475188529642,50.13081197442188,50.15952677155861,50.20362343752481,50.26536840131338,50.34238358525158,50.429427620572945,50.52210412912097,50.61546283249293,50.70546076616192,50.78968053985461,50.86459274446722,50.9245734151392,50.96560948711845,50.98592381437645,50.99041389472149,50.98619761057737,50.979459093622204,50.978757730513514,50.98685589915531,51.01103683122523,51.04613492154244,51.09842900815074,51.158985250004854,51.24869094968821,51.35790370531704,51.48099669869938,51.61200323219382,51.744260545799925,51.87070632129647,51.98470722314813,52.080614235971254,52.157284605081436,52.2063355015242,52.234221357412025,52.240943754194035,52.23954170693475,52.2298795320044,52.21553254882087,52.201111463084196,52.19311586918944,52.195923515712806,52.210994936637796,52.24021009370349,52.290937715199746,52.35011684262464,52.41361775027283,52.493666558355415,52.58131855136688,52.67417790422137,52.769346967828106,52.86332461653718,52.95251027417002,53.0336551942398,53.103752950098716,53.1608684561277,53.206180124462264,53.241639774173564,53.26899951338347,53.28970756282369,53.30523623539519,53.318083012049904,53.331175378162726,53.34730847122813,53.36885869046048,53.398008142699695,53.436561462328136,53.48434749847488,53.54077359334752,53.60531131203377,53.67752563920676,53.75770684971691,53.8477792217472,53.9469281038085,54.05352742104582,54.16567262473304,54.2797500840294,54.396035536882344,54.513462819677216,54.62621883707786,54.73157765481828,54.83123866824907,54.925421303338226,55.01357921529141,55.09990491163499,55.174031863941245,55.24103962564818,55.30101930798444,55.354015183881955,55.39992840864385,55.433591372884344,55.4646185092472,55.492617435580904
35.2942829375719,35.545976593743575,35.801972825560235,36.06252633376798,36.328953290530684,36.60207675963469,36.88179072785491,37.167730446328925,37.46149226613056,37.76532091163854,38.079498782190065,38.399611551656854,38.72076048419473,39.03853302866693,39.35537365217057,39.64463974198598,39.91927684002083,40.16445276535534,40.39827048089086,40.61190121757803,40.799549628960754,40.96563977684031,41.1022730502634,41.23298385557513,41.338576512053066,41.43801107611506,41.54106792664656,41.65529286667422,41.785948655520016,41.931650595800114,42.089744974739055,42.258110019233335,42.43473643573824,42.61763864434826,42.80218099262263,42.98427711792003,43.16058390456784,43.328720728037666,43.451105729459826,43.57099471266345,43.66401747913314,43.72883093893376,43.761966508819576,43.77183177812734,43.78533619131413,43.76789896851981,43.75021586992303,43.73081921810288,43.7180841348382,43.70984605923586,43.71789597558177,43.74391063594691,43.790839457986195,43.8619647163369,43.94008246684675,44.0368250482753,44.14268819109464,44.24859737243356,44.35145232208864,44.444461083678085,44.52646118790844,44.59266397147986,44.638777631777295,44.641974404990066,44.64597066214192,44.646351792760676,44.61820102455715,44.587447399049516,44.55593721783124,44.52929727985394,44.51192061859863,44.50552789276699,44.50544942191045,44.537837277472846,44.601855685151286,44.698197345789914,44.82412504583461,44.97438122447114,45.14299502842052,45.32328380780709,45.50814798505424,45.69031477396811,45.862496378873516,46.019301050280646,46.15719666556571,46.27500194642605,46.37384604934515,46.456245899832645,46.52513338948524,46.58301296416976,46.63160909066237,46.670531508635776,46.700635652370984,46.730600808416696,46.768893743876355,46.81845686752766,46.87648240246017,46.953098490291744,47.06115864063188,47.200015125511285,47.36132090574204,47.51759190935198,47.677610886212946,47.83043441958145,47.95953420642852,48.043741051451235,48.11697596373679,48.172404290168,48.17956247693248,48.17031959263566,48.141552138960556,48.103432939267186,48.067470120314546,48.04222570498271,48.03423792534165,48.04728971570583,48.0844717300899,48.14710366847883,48.237345224207544,48.360870998614615,48.50557689034562,48.69719071011751,48.84803335587299,49.02504648507695,49.19707450485116,49.36190539535849,49.502026391573224,49.613430570521906,49.70101278950851,49.7687650814586,49.817691784160836,49.846185524012256,49.87234475395749,49.87275871385288,49.86861008128508,49.86391725313878,49.86387110213638,49.87161758913041,49.889109479818075,49.922443973036806,49.975024072666734,50.047647478226345,50.13991853885507,50.24371027977976,50.349584183695086,50.43445439803325,50.527267600865336,50.58732024794766,50.6089910101885,50.594275447960584,50.5538276847634,50.500690038371694,50.43228212140076,50.34974510672086,50.261292638676906,50.1619028685445,50.062520031868814,49.96830659957677,49.91913626192639,49.915356900893975,49.94575218258033,50.00978585136169,50.10462222590682,50.21900471574127,50.33383904315343,50.43449697284646,50.510960885173844,50.56205260740566,50.58963488866399,50.58933906899431,50.55454139754463,50.49172265540582,50.42222451924249,50.34922375609923,50.273383545289995,50.205157625748704,50.155351801397764,50.133057476582614,50.135969305701416,50.162521469664334,50.20546330780671,50.26599245717323,50.34189852750765,50.42836390443202,50.521110609050346,50.61524886934036,50.70659855100193,50.79264581666527,50.8697024878175,50.93196822718609,50.9747755192492,50.995904703956036,51.00042650301624,50.99539031371003,50.98710325899965,50.983921594012514,50.988744717582954,51.00867542144408,51.039839198496686,51.088446309878556,51.14766221289522,51.23639831622314,51.34595360915094,51.470428676072615,51.603555836125885,51.73849350543198,51.868099976434394,51.985633989017416,52.08521291759476,52.165065314622304,52.21752604386323,52.24815971105525,52.25682980103132,52.25548672808424,52.244647185929345,52.228301916935386,52.21140801252839,52.20052938697339,52.20022607640769,52.21218385242624,52.2385439034213,52.28620995042029,52.34388618280127,52.407853825230895,52.488070877171836,52.57646845148947,52.67048794140541,52.76709929211982,52.86272173743644,52.953685643201325,53.03665361372686,53.10849809735971,53.167124658755526,53.213561825355235,53.24967110596989,53.27716605559642,53.29749109385961,53.312148566943634,53.32371567264007,53.33518208676719,53.34938629902749,53.36875965412064,53.39555035834551,53.431652129355015,53.47701541899379,53.5311805007438,53.59375532322406,53.66442926124304,53.74353863173294,53.83293261672072,53.931715721596554,54.03830178109909,54.15084406991065,54.26568689257757,54.38311097087442,54.50199807799431,54.616290593819755,54.72322576808583,54.82449235705143,54.920301097026275,55.01005116997819,55.097339445049535,55.172796638265126,55.24087137328731,55.30161050300281,55.3550387445043,55.4010593853646,55.43501938886236,55.46549930108883,55.49195926755814
35.22858838755179,35.47751639391297,35.731689861333834,35.99137674579069,36.2576285032679,36.53102595168873,36.811370448518566,37.09828536784089,37.39340673062181,37.6990892414219,38.01578767300356,38.33922605898089,38.66465536841026,38.987500861348444,39.30919272822663,39.60527381284627,39.886545960031874,40.1348998660829,40.37406709987344,40.59247117068394,40.783916174184874,40.95168323797434,41.090394657672874,41.226260356594764,41.33135205878014,41.42998439394306,41.53186804969132,41.64456869816631,41.773467232334426,41.91738253752784,42.0739544868065,42.241488697951056,42.418534416878494,42.603533656405354,42.7915538246045,42.97801558536947,43.15908032731797,43.33164657785182,43.45579865282093,43.57981771478918,43.67733778013762,43.747442287540814,43.78473079804283,43.80068369598313,43.8121403608532,43.794049705156404,43.77415766333907,43.75226377668304,43.73599581018101,43.724269442124736,43.72813574104591,43.75015060309825,43.79397910937897,43.86226898134278,43.940478027706064,44.037121213151345,44.143448257488835,44.2511375021786,44.35613469398676,44.452092211188614,44.536677995379634,44.605034626292834,44.653208401905445,44.65576669238897,44.66145810849684,44.66445947664583,44.636225524427466,44.60400866456205,44.570027963320975,44.53983780920829,44.51808133057486,44.505972947038146,44.501130226772915,44.52801048187109,44.58715650207766,44.67961525314111,44.8026915784903,44.95116719209389,45.119064682398395,45.29966976030326,45.485883265656575,45.6704694219895,45.84611240682935,46.007055918282006,46.14931870328882,46.271337914544006,46.37397353168123,46.45955402815143,46.53084508249436,46.59021956200287,46.639338278066376,46.677668971643065,46.705893754240904,46.73302593595653,46.768127320013924,46.81444652621904,46.87001234310858,46.944660276478466,47.05104954483259,47.188868642306325,47.35141521403556,47.51200656572634,47.67625426978181,47.833729760907765,47.968263788221456,48.05299418951596,48.12948451896841,48.191997012615,48.200487308794095,48.19112152790608,48.16151809313338,48.12142130634607,48.08245804861276,48.05326196267443,48.04037636012523,48.047948766860664,48.07968472001179,48.13728191037012,48.22317232616979,48.34275013424434,48.48701866015081,48.6775923161919,48.83080305083827,49.00978936949383,49.186771741254155,49.35642950923324,49.50158683469739,49.61780293601749,49.7097196284026,49.78118180476409,49.83271510316874,49.86198836214856,49.89020094281156,49.89018006323287,49.886279382576404,49.88021495814025,49.87807903276718,49.88311613656309,49.897745801144154,49.92833761150805,49.979031662163834,50.0509721637895,50.1443906799521,50.25152672682766,50.36198554969864,50.453108339875506,50.55024862011039,50.61487395397694,50.640323000406475,50.62791604639665,50.58857724525378,50.535007255857266,50.46536199475494,50.380514496323734,50.29051598744325,50.18773571752261,50.08426639863712,49.986900484365854,49.93327054149953,49.92504859283237,49.950893533461155,50.01171495211555,50.10476637265788,50.22038999520696,50.340109961220755,50.44697891036251,50.52947773417141,50.58502535210371,50.615121365532325,50.615936584524476,50.58188331352534,50.519468830061356,50.448969850726925,50.37397107448945,50.295003127531594,50.22293980975016,50.168863323256616,50.14208922099479,50.14179971736989,50.16608362318767,50.20773765919883,50.26687056568355,50.341454437866496,50.42712389501022,50.519739153527574,50.61449464309277,50.70709070211457,50.7949278581566,50.87417239312024,50.93885107213455,50.98361126598202,51.005754091700915,51.01050249978461,51.00482416863078,50.995143268567624,50.989592082461435,50.99120883726852,51.006892006895725,51.03410229296405,51.07896137264109,51.13677074596699,51.22439655588544,51.334116309641495,51.45977410231028,51.594820729998844,51.73225692265176,51.86488189606151,51.98586261605336,52.08909268841115,52.172153748990056,52.22812868261649,52.26165631977748,52.272475193256476,52.27137953047273,52.25955796625276,52.24140390039337,52.22219983249735,52.20855335736936,52.20520069751978,52.21406061048403,52.23753899599056,52.2820489282599,52.3381159546416,52.40244158467388,52.48266703546144,52.57163676040027,52.666641757762534,52.76453356803234,52.861666548411385,52.95431659899879,53.039070785221014,53.1126892095334,53.17291781798973,53.22061463932267,53.25752852966494,53.28531687176078,53.30540679045741,53.31932189875949,53.329718134701345,53.33964603706135,53.35198527540661,53.36922082078618,53.393665788409336,53.427301891694654,53.470202979537255,53.52204419244589,53.58257133916688,53.65159965849789,53.72951366840087,53.818091207839174,53.91636248380616,54.02279159448927,54.13560108496632,54.251101378746235,54.36958520606433,54.489893107352266,54.60571607359997,54.71423963320978,54.817143975722516,54.91463147516124,55.00604069610354,55.094337316543985,55.17120573298581,55.24043199114023,55.30201682131778,55.355963955108585,55.402177847252034,55.4365508553232,55.46657396179398,55.49160037690337
35.16313274229287,35.409282004927285,35.66157980278312,35.92031212237406,36.18626881057544,36.45979513937469,36.74061039308967,37.0283363132383,37.324652380447866,37.63202850976833,37.9511003904185,38.277739442927235,38.60735432883325,38.935212116812565,39.26168888844072,39.564639708702366,39.8526338878301,40.10436851017929,40.34902197024637,40.57231726266022,40.76771799187912,40.937314656834936,41.07826082924594,41.21934781131984,41.32407577180264,41.422041762322934,41.52285295722911,41.6340762222673,41.761198748937915,41.90324847611758,42.05817004878305,42.2247081661799,42.401981985709945,42.588872752165464,42.780167606693404,42.97081773658921,43.15651513590915,43.33344397152653,43.459631786610004,43.58794829537657,43.6901610371733,43.76571753084307,43.80731867634526,43.829511081551324,43.83900922467487,43.82050392878123,43.798592219567134,43.77437264284954,43.754678155475276,43.739525946432444,43.73919357708512,43.75714342902592,43.797760610136244,43.86304320845879,43.941160529138656,44.03747875595522,44.14404965931869,44.25331891868196,44.36029674146851,44.45908260658745,44.546201215949665,44.6167273955098,44.667073764456134,44.66937710546729,44.676947234698275,44.682632430804745,44.654565509047416,44.62109907043131,44.58481227271071,44.551180942927985,44.52514565675845,44.50739778132914,44.49781859564244,44.519122888704906,44.57328090576211,44.661694870126354,44.78170486552978,44.92814024905642,45.0950358479534,45.27567273875827,45.46298343157345,45.64980158599901,45.8288097434284,45.993886259051514,46.14058363295939,46.26693492345475,46.37351089251916,46.46243679020436,46.536301239656716,46.59734101809504,46.64715633507399,46.68507174904567,46.71156993206858,46.73596680194592,46.76792383344559,46.811018466379835,46.86412617817145,46.93673115805589,47.04125875224196,47.177759700485254,47.341248579897446,47.50591247834317,47.674096493645756,47.83596912386477,47.975849022004184,48.061335485549805,48.14122250788237,48.21088090720345,48.22099731438932,48.21178642787343,48.18165275485021,48.1398677547333,48.09813958984359,48.065149402025654,48.04743661593861,48.04953701979009,48.07579192131576,48.12827557551404,48.209675853790756,48.32507526781342,48.46864692104698,48.657583021609135,48.81320319214648,48.99388132807299,49.17568598522174,49.350109771302286,49.50031862989909,49.621422383351046,49.71778629729383,49.793105007676154,49.84742969024826,49.87773655511762,49.908090164122804,49.9078404336544,49.90427836930723,49.896948423687746,49.892785091031534,49.89512538969824,49.90684864184329,49.934600902061646,49.983251521427185,50.054288627577485,50.14859803581012,50.25882158318191,50.37363829485529,50.47092804827341,50.572221698736264,50.64139647254916,50.67070989767525,50.6608156775201,50.6228571711432,50.56912086347856,50.498510988118035,50.41160319985721,50.32031742037702,50.214366346023844,50.10678441799023,50.00625137489535,49.94811409277407,49.935447026992556,49.95661069694293,50.01394830982899,50.10483550714759,50.221303206141776,50.34558433547344,50.4584649895893,50.54693997693447,50.60700655210892,50.63974823673902,50.64184984411287,50.60878545987954,50.54707201373597,50.4758464585686,50.39909734541745,50.31719986437915,50.24143985590269,50.18316576653576,50.15191053662986,50.14836823790487,50.170274575459494,50.21049566606237,50.268040727956354,50.341079474275105,50.42572476259694,50.51799503205485,50.61319223835063,50.70691595982229,50.79649526605393,50.8779664765099,50.94518580791164,50.9920851727228,51.015449481678914,51.02062997105941,51.01449951845279,51.00359220268288,50.99579803338309,50.99429277908291,51.005751893813475,51.02900340648091,51.07006516123613,51.12639169496296,51.21275906472533,51.32245011988744,51.44907175048763,51.58581605961792,51.725549204862574,51.86103243192946,51.985358045547684,52.09220779053824,52.17850492108095,52.23809918730324,52.27467280737635,52.287846868359566,52.28720238373519,52.274612030338915,52.254856461293734,52.23352041452059,52.217235389088,52.21090817766411,52.21669790829381,52.23727759861426,52.27855135451511,52.332902395891786,52.397457411160424,52.47751795516138,52.56686945297287,52.66266696600128,52.761659485945074,52.86015240624753,52.954382604612015,53.04087565441346,53.116289265037445,53.17821044632817,53.22730547624445,53.26518697633177,53.29343727529369,53.3134514956566,53.32676470372396,53.33611018035586,53.34459788950732,53.35514646569748,53.37029295056016,53.39241370905321,53.423576702556716,53.4639804357201,53.51343634581008,53.571829053560556,53.63910072951395,53.715686520313184,53.80329778921919,53.90089877587351,54.00701460024115,54.119948503909505,54.235986054369135,54.355439348773544,54.4771187090021,54.5944590867484,54.70457950403984,54.80915283572393,54.90837257239441,55.00151036541615,55.09087196537933,55.169237608251244,55.23970639647155,55.30223093294792,55.35679222486292,55.403294433902765,55.4381989286932,55.46786425584814,55.491575808067026
35.09795165871218,35.34132034707366,35.59169364285165,35.84938004984702,36.11491327329145,36.38841205090262,36.669525165440994,36.957883403242505,37.25521432557464,37.56410899574966,37.885392842986924,38.21509380888158,38.54878579563104,38.88158265080361,39.212778062205935,39.522634025180245,39.81742497360777,40.07278093632211,40.32306576073599,40.551385943333756,40.750918735393135,40.92252828693494,41.065881279121925,41.21222031566628,41.316746876310276,41.41420116738343,41.51405581798858,41.62386093872487,41.749197730853325,41.88930848704515,42.042453277344634,42.20782604229487,42.38512486529765,42.57368073234033,42.768020959814606,42.96265568241912,43.15283836910972,43.3340517791716,43.46257323449207,43.59535830947726,43.702464523929,43.78363525784611,43.8297210926404,43.85826265900911,43.86593213436378,43.84725591820649,43.82352696343157,43.79716397150692,43.77416495268239,43.75565721294782,43.75112329573914,43.76495395245919,43.802254385202346,43.86436596027763,43.94219066505918,44.037948349019075,44.14453187437487,44.25516195391763,44.363940668151244,44.46541509515163,44.555000967959565,44.627709966941886,44.680339356749116,44.682808655738384,44.69244288463866,44.70085784411088,44.67321684791521,44.638728493237366,44.60031321620886,44.56336281493491,44.53316581586675,44.50987920325445,44.4955955335278,44.511262615406416,44.56031982219152,44.64452427890242,44.7612439497737,44.905364439079904,45.07095307681232,45.25131564381897,45.439449963363266,45.62829368159964,45.810555710276844,45.97974892705242,46.13094228125715,46.261741546036504,46.372407550044684,46.46484736447516,46.54146213953107,46.604348306704324,46.655048352022064,46.69274214709085,46.71768512666739,46.73946154599072,46.76833621187652,46.80823963402978,46.85889641331454,46.929382355488684,47.0318511196387,47.16674331501198,47.33084959829082,47.49929948309398,47.67110688859093,47.837104076253425,47.98221799639903,48.06873811067447,48.15217012292875,48.22898499060005,48.24103590046227,48.232280936782985,48.201941829209716,48.158776398966225,48.114535682047304,48.07792386138443,48.05546858433497,48.05211850193829,48.07286996129007,48.12017058068897,48.196945856872304,48.30793746056503,48.450516022299624,48.63724776873217,48.79524440880236,48.97732635101666,49.16379264992698,49.342906284419705,49.49817213821676,49.62423503650136,49.72515923711722,49.80448698130965,49.861801058592434,49.89341952454903,49.925999709809915,49.92575452760617,49.922632830418515,49.91415407947912,49.90803425184568,49.907696506055075,49.91647224800059,49.941289903468636,49.98773740069102,50.05764348366644,50.15257324491649,50.265603713027,50.384526964151824,50.48785896125894,50.59313669258859,50.66683601355931,50.7001075720813,50.69294250641049,50.65664481890672,50.60302360644444,50.53173754452209,50.44303979561339,50.35073277385483,50.241852380115574,50.13013217121167,50.02640694557407,49.963720068279706,49.94661742365172,49.96297444727986,50.016545744689935,50.104872429275964,50.221762375697075,50.350249867928845,50.46892189589424,50.56329899504031,50.627940797215665,50.66346816909016,50.667049451583416,50.63523134359486,50.57452255843335,50.50285734400706,50.42461823549938,50.34000237391725,50.26069805875326,50.198310915711986,50.16258484158477,50.15573989578384,50.17515566981067,50.21378650275851,50.26954094510358,50.34080179468051,50.424183677481594,50.51588351413447,50.61133373971438,50.70605306444745,50.79731664208256,50.8810487541209,50.950936292444496,51.00016568487749,51.02496837795785,51.03079700287338,51.02441670628919,51.01246314170216,51.00256828430034,50.99804106389706,51.005320388430576,51.02462174058347,51.061848640461534,51.11660590562588,51.20155923879299,51.31101335298755,51.43836039367987,51.57655997078828,51.718368759467744,51.85653193578988,51.984085218792046,52.09451246609394,52.18407384379126,52.24739332744272,52.28717079764949,52.3029117638306,52.302937557506574,52.28980953555217,52.26867756173544,52.245403250127666,52.22662309084,52.21740931545566,52.22016844333829,52.23784193849541,52.27581393498246,52.32834174429797,52.392977687249136,52.47268655820876,52.56221250408089,52.658591178830264,52.758486736237415,52.85817266773039,52.95386312309068,53.04203716699551,53.11926124228952,53.18296505626869,53.23360124600053,53.27262137704345,53.301512579612336,53.32162205249675,53.33448545471826,53.342911591725844,53.350068304567145,53.35891093523219,53.372026803545616,53.39185339643924,53.42054251515085,53.45841804315717,53.50542863819267,53.56159816010333,53.626996372833865,53.70211174806239,53.7885951549773,53.88535498323474,53.9909885373795,54.10389116074968,54.22033343128011,54.34065450532353,54.46364568419481,54.582483443594874,54.69420563442574,54.800478248517294,54.901484523377135,54.99642274966475,55.08691683081647,55.16687072420939,55.23867950654599,55.30224550791191,55.357524962935365,55.404419784913394,55.43997676539867,55.46939194773685,55.49192060549947
35.033080793726725,35.27367834063926,35.52208237448298,35.7786281145385,36.043600952254,36.31690441448259,36.59812936944533,36.88692675857485,37.18507767596806,37.49530097843769,37.818620939260896,38.15123126222967,38.48887819897092,38.82652831906591,39.16237617891528,39.47915335790585,39.78080356755708,40.040059383188975,40.29612914006866,40.52962366253143,40.733482058076625,40.90731838178717,41.05326572144012,41.20485196555007,41.30936459749268,41.4064805952533,41.50550980069831,41.6139683472867,41.73751870360352,41.87562264578635,42.02686578916718,42.190899944670946,42.36800877870666,42.55798239764169,42.75511250489343,42.953501533699026,43.148000065687995,43.3334088708969,43.46459110013215,43.60201961214285,43.7142255140935,43.80117405755555,43.851928995841824,43.886887152533674,43.892898441504656,43.87429995224433,43.84896931975672,43.820655917559755,43.794489983763775,43.77270488245962,43.76397870904777,43.773647012127284,43.807530859521684,43.86631579939198,43.94362912938229,44.03858066467504,44.14493438044815,44.25668693985953,44.367068677652384,44.471072502158044,44.56304736975036,44.6379500284003,44.69297081610415,44.696064354715624,44.707949902210366,44.7191229054376,44.69217541052901,44.65690680956031,44.6165538640238,44.5764195591509,44.54219402661715,44.51349402042852,44.49454204543772,44.504517779407706,44.54836417735281,44.62819156162606,44.74138787404269,44.882903805885505,45.04686092070185,45.22662137613225,45.41528434158447,45.60592812439441,45.79131762898081,45.96460077674801,46.120345474861786,46.25570635516758,46.37061292244361,46.46673892944759,46.546288060676225,46.61121240208879,46.66299941924752,46.70068247202589,46.7242602788507,46.74354830769684,46.769417383011906,46.80617697518866,46.85439555420354,46.922685089241526,47.02289150380155,47.15587450085047,47.32024686417879,47.4921574158702,47.66725478540353,47.83708618587472,47.987298800028256,48.07517523601158,48.16230755655772,48.24623827947145,48.26054647375711,48.252571698880104,48.22237102131056,48.1781513535822,48.13166726326414,48.0916211790988,48.06452215686757,48.05575724074942,48.07099546722301,48.11305284267334,48.185072385216266,48.291427773742356,48.4326803131742,48.61667149992398,48.776937329810664,48.96012842852705,49.15106714854292,49.33477915143957,49.4950977206889,49.626187019447194,49.73178488880775,49.815280016779404,49.87579472139428,49.909026692072395,49.94391687179159,49.94393704757699,49.94136855485125,49.9318683552122,49.923871490125876,49.92088064315283,49.92667086570114,49.94846067450016,49.99254305018948,50.061083346132506,50.156348945758694,50.27188198054742,50.39463610257504,50.503846516864066,50.61294345751286,50.69114078690239,50.72847189371108,50.72426469814743,50.68991754501949,50.63670822996377,50.5650501069991,50.474852861884465,50.381797884253245,50.27025144586524,50.154367739585034,50.04741487081089,49.980141620546156,49.958625003087064,49.97005555872614,50.019567076886304,50.10491993894301,50.22178553102424,50.35409426060425,50.478316314644744,50.57850617006628,50.64777267721834,50.6862338293918,50.691506010759966,50.661204471659,50.60181081615719,50.53000550828181,50.45054941135141,50.36343927423044,50.28075471284887,50.21435055526194,50.17417555395646,50.16397971948433,50.1807882495721,50.21765934364846,50.2714092182372,50.34064955702964,50.422517809953646,50.513409869268685,50.60891123178456,50.7044807563125,50.79736058796783,50.88338324208766,50.95606638366018,51.00782124785196,51.03428828460554,51.04099168125934,51.03457607525312,51.021769165982214,51.009931672736045,51.00249821258188,51.00566279698036,51.021036496808016,51.0544027751151,51.1074942236985,51.19087047413866,51.29986432204058,51.42767880496227,51.56707060931515,51.7107139938706,51.851360759394474,51.98200907707816,52.09596095719605,52.188815530017266,52.25596687255421,52.29911191439454,52.31763681715964,52.31856732142182,52.3051506392568,52.28288516381742,52.257881830848106,52.236764071336005,52.224764909509446,52.22454491310013,52.23931424283695,52.27393337545853,52.32453023760634,52.38907879549865,52.46823576654068,52.55771188859794,52.654442008958064,52.75502500928871,52.85572068964548,52.95273761748439,53.0425242686584,53.12156811970728,53.18714416030916,53.23946885847082,53.27980666287306,53.30952809813386,53.32991530401742,53.34249262462363,53.350142150933465,53.35608794270289,53.36331974934276,53.374473139845605,53.392044126729445,53.41826528268669,53.45358605746327,53.498092746949936,53.55194835249348,53.6153504870003,53.68884391224095,53.77402609923011,53.86976149132604,53.97473114492912,54.08743388949628,54.204136021312934,54.32521178203573,54.44944483418139,54.56975295446925,54.68307827821723,54.79107952556427,54.89392746276068,54.990740420598016,55.08244535211639,55.16408354100818,55.23733623862822,55.30205321622847,55.35816357849401,55.405564539880515,55.441897521865954,55.47117880194562,55.49266981365114
34.96855580425354,35.20640290591126,35.452796990620634,35.708103902777424,35.972370908301215,36.245299958324644,36.52643760897542,36.815466499956685,37.114227541594005,37.42557473690418,37.750740587792436,38.086093908357185,38.42755996902025,38.76996497734375,39.1103991679618,39.43409430250517,39.74265401987026,40.006126089457474,40.268142776970734,40.506976870080116,40.715371613279245,40.89167919490449,41.04042387033983,41.19721685688714,41.30192816053954,41.398898032061304,41.49724807408697,41.604443947700496,41.72621619271137,41.862251027817,42.01146920092664,42.173987491683114,42.35067944900198,42.54180254878127,42.741440862855164,42.94332740126878,43.14195026441225,43.33145411681221,43.46565348719527,43.60790405842494,43.72542128135559,43.81831251897696,43.87393333486306,43.915333286302186,43.91989749768216,43.90163030970696,43.87492671336694,43.84486663591259,43.81568703068085,43.79071059575672,43.77781362905075,43.78328744675943,43.81366045803856,43.868971288394505,43.94553661602262,44.03942637525529,44.14529665532913,44.25791420848163,44.36968297358935,44.47603765288371,44.57031053966309,44.647415267696196,44.704933779840985,44.70914721391234,44.72347313130585,44.73741480365839,44.71143706638711,44.67564389598028,44.63355728636397,44.59038730949783,44.55228250772696,44.518319040465876,44.49473913638098,44.498976498140905,44.53750489723285,44.612784800454044,44.72221568115738,44.86082239319441,45.02280393134876,45.20161283634501,45.390488046795454,45.582687329986356,45.7710628211465,45.948398662601505,46.10874404045301,46.248777923726216,46.36807642790174,46.46806466360537,46.55073928165094,46.61790427850653,46.67099462708726,46.7088950300981,46.7313163294319,46.74826522667016,46.77122027455692,46.804897435876214,46.850696106504145,46.916710579779085,47.01444476150921,47.145208272964645,47.309468972524535,47.484476112563335,47.66250951486973,47.83586702052959,47.99101952151415,48.080620032682866,48.1716150012194,48.26256979048431,48.279472441017916,48.27262535841012,48.24292603625144,48.1979967331186,48.14955527153438,48.10627719351683,48.07464722508961,48.06051726366768,48.07024506640288,48.107008278245544,48.17414548862451,48.275637268588554,48.4151941429362,48.59593915754751,48.75829258417609,48.94229155080635,49.13748489424264,49.32568847521592,49.491045738353954,49.6272244561673,49.737609693300506,49.82543640520027,49.88937619184681,49.92454747931735,49.9618289419865,49.96240269605554,49.96051133154637,49.95012768058485,49.94034178078833,49.93472895851071,49.93749874103003,49.95616927392727,49.9977222201568,50.064654829051825,50.15995777682415,50.277665249927665,50.403950255111766,50.51883615312082,50.631591849354656,50.71425900247341,50.7557587326511,50.75475041781046,50.72265270595663,50.67016747924541,50.598457118581095,50.507070976962574,50.413548587948824,50.29962116934024,50.17954920439386,50.06932282501464,49.99743190210316,49.9715349855758,49.977924805536,50.02307212660604,50.10502083604877,50.2213906992746,50.35710521551699,50.486614931208265,50.592512883589656,50.666446781911354,50.707997884450016,50.71519012546644,50.68668835105957,50.62892713891115,50.557293952632364,50.47690653958974,50.3875391834033,50.301650112736475,50.23133646966234,50.18674609184185,50.17315273748386,50.18723365807468,50.22216336309339,50.2736835484692,50.34065091926947,50.42074433030248,50.510579366959746,50.605916799161626,50.70217777573985,50.79659570543505,50.88493395654464,50.96053993948581,51.015020307052126,51.0433867056898,51.05120209225007,51.04497796845771,51.031523355879784,51.017917036213035,51.0077087460083,51.00684442569606,51.01832687669087,51.04781852999468,51.099137494923575,51.18076616681252,51.28906134014529,51.41706575741005,51.55736612100372,51.70258331547447,51.84549925449489,51.97909456169769,52.09650750596246,52.192684992655195,52.26377559215698,52.310457781409134,52.3319889658367,52.3340739451159,52.32063549881715,52.297497229638616,52.270989648211454,52.24770593928667,52.233035758440444,52.22990001506206,52.24177673884191,52.273006381739854,52.32156411356306,52.38583711846757,52.464228502094265,52.553413581397656,52.65024706909322,52.7512839954784,52.852789828778334,52.95098555084278,53.042305905093365,53.12317287570844,53.190710270947434,53.24487522353525,53.286717764893645,53.31746914427549,53.33832809325815,53.350794686321294,53.35782164010094,53.36268746437672,53.3684139733612,53.37768271956319,53.393045176085934,53.41681095837391,53.449554734253226,53.49150034943819,53.54294932442928,53.60422697055591,53.67593757344135,53.75963341609418,53.85414868558355,53.95826016191481,54.07058152415884,54.18738633630139,54.30909228523159,54.43448696021286,54.55623142970142,54.67115768926403,54.78091597832648,54.88566152519636,54.98442594996462,55.07743096854003,55.16085451879563,55.23566150998289,55.30164672791619,55.35870948070694,55.40673933840073,55.443974354521416,55.47324658295993,55.49385847697243
34.90441234720966,35.13954096317681,35.383888484208185,35.637855000892735,35.901262202271226,36.17362641063883,36.45446448790406,36.74350274810938,37.04264903241841,37.354900550221,37.68170769713362,38.019623852649836,38.36475953594634,38.711808481381446,39.056762958738595,39.387353454604145,39.70286068073953,39.970903293805215,40.239037340168544,40.48339201580669,40.696551054350685,40.875604979799725,41.02736543996039,41.189289085593416,41.29443679064054,41.39147146393617,41.489303806883136,41.59533323971395,41.715344723699694,41.84925370861292,41.9963251292989,42.157146301706355,42.33318259924871,42.52516598647085,42.727004654625055,42.93210539596826,43.134639004050854,43.32812638702735,43.46572849934647,43.61298350337518,43.736029099404064,43.83502923111594,43.89572505861767,43.94354978449184,43.94691865448098,43.92924126940654,43.901406569086575,43.86981428146999,43.837789875395046,43.80971599362791,43.79268186778786,43.79394009508487,43.82071360569736,43.87241098987792,43.94797381889481,44.04053615309195,44.14565817680861,44.25886409175787,44.37178575957951,44.48029337260555,44.576760596038774,44.65607337264073,44.71619388527938,44.7220602448419,44.73901741581753,44.75572072764662,44.73099768498766,44.69494962907729,44.65134655343774,44.605302199897565,44.56348347791356,44.524431070980995,44.49626781136633,44.49472688903815,44.52783290781856,44.598392077543124,44.70380641393841,44.839184244727754,44.99882666047978,45.17631292510407,45.36506255955469,45.55855371397849,45.74975860838001,45.93109943907622,46.09608880471055,46.240904824590686,46.364747484604855,46.46877774543222,46.554776081013955,46.62439491021557,46.67901906587819,46.717382127554735,46.73887421922434,46.753650442516616,46.77379781421675,46.80446796211218,46.84787057588212,46.91153004756604,47.00657574954042,47.13479964631844,47.29854451829118,47.476245409064795,47.65684040777569,47.83339814801904,47.993308249478986,48.085045671809965,48.18007264936393,48.27790854030534,48.29775720898884,48.29240855961835,48.26359257913102,48.21831665211281,48.168220644898284,48.12192774298656,48.08589368055434,48.066462598137214,48.070695386117904,48.10212280418396,48.164255216898894,48.260657006346825,48.39811186085112,48.575135683965776,48.73932080090338,48.92381970805679,49.12302130019916,49.31559435860283,49.485966552250396,49.62729347064045,49.742580091530414,49.83490843768712,49.902510983143095,49.93997130791346,49.979723212313345,49.98116617553064,49.98008694944488,49.96896848529488,49.95749009874932,49.94929260964793,49.94901012007236,49.964471760521086,50.00332866082716,50.068404546500524,50.16343237660031,50.28296238535223,50.41245396674881,50.53277330806118,50.649031723959524,50.73613887016736,50.78192395898778,50.784367830479184,50.75482765819322,50.70339409949823,50.63196702230009,50.53972271913992,50.4460207213182,50.330019176608054,50.20573464692171,50.092178482594164,50.01564406548045,49.98541259139508,49.98665296196364,50.02712071403703,50.10521792049324,50.220595907599474,50.3592704346844,50.4937844309522,50.60527051718775,50.68390770108906,50.72871300107092,50.738072399526715,50.71166648878428,50.655861878698964,50.584725678298234,50.5037052868305,50.412330719520426,50.32342455296304,50.2493204433899,50.20035987333786,50.18332397825995,50.19455323864922,50.227347735454494,50.27640193691155,50.34083403934701,50.41888040881751,50.50739727670992,50.602342526446066,50.699122863051905,50.79499059620959,50.88566491362627,50.9643208178485,51.021731307883925,51.05224114527844,51.061416321878355,51.05562272901615,51.041738791751634,51.026553212254164,51.01371718504723,51.008930580811,51.01657208176828,51.04218686989809,51.09161656504389,51.17131971286478,51.27866272040042,51.406560024098425,51.547464651659176,51.693975131682656,51.83892777284279,51.97530661394235,52.096106354511015,52.195637244601336,52.27077525577027,52.32117002249091,52.34593514735183,52.34943969822376,52.3362642715975,52.312531721298015,52.28476019374724,52.25949630340267,52.24228266086368,52.236306446706685,52.24531165371325,52.27312965962298,52.319539609914315,52.38332903871455,52.46072768680665,52.54936355735364,52.64603397194436,52.747273385185835,52.84937344191444,52.9485863862155,53.04135102199169,53.12403848871063,53.193625900681354,53.24978725107373,53.293329614178276,53.32532103145434,53.3468572632585,53.35940011269247,53.36596984135045,53.36989753005064,53.374234672619565,53.381706302801405,53.39491582067073,53.416245495422146,53.446394329141874,53.4857231230137,53.534670769609036,53.59368972204334,53.66344729225608,53.74545989968612,53.83854695144345,53.94159332736136,54.05333889874674,54.17007688807927,54.292277121232615,54.41874286354021,54.541882679621224,54.65840412141583,54.76994691826556,54.876646845335515,54.97744190951327,55.07184711934833,55.15716211771965,55.23364023787469,55.301018712993795,55.35916407874222,55.407954820070636,55.44622041979139,55.47561705526531,55.49552163991374
34.840686079512125,35.07313943272306,35.31540784818917,35.56792899521336,35.83031389500213,36.101911499635214,36.38222461010407,36.67103562375428,36.97032725840718,37.283248697459904,37.61147817583649,37.95176320049335,38.30040532991653,38.65197468692331,39.001383480638665,39.33882740982874,39.66130790035713,39.93431323490981,40.20874349838844,40.458815549538045,40.676984034640626,40.85908998998574,41.01410014444108,41.18104274758492,41.28688971298534,41.38421887700664,41.481710167815486,41.58668172307475,41.70495882209136,41.83669076364993,41.98149519095992,42.14043399311567,42.315563952511866,42.50809751142214,42.71180250112841,42.9198076286373,43.12601632337211,43.32336455165218,43.464784240250765,43.61722980204516,43.74602624192771,43.85130278297809,43.91729511601921,43.97148537127983,43.97395126348581,43.95712711015527,43.92841631174,43.89551700913648,43.86083229986778,43.82976271686203,43.80863723729884,43.80566979583285,43.82876072744243,43.8767134664349,43.95100143191353,44.04196067051719,44.14605842267726,44.25955692166222,44.37337923924028,44.483822486600545,44.58236765721847,44.663892031045116,44.726716769739106,44.734806459017676,44.7545875996378,44.774027866275716,44.75085313582891,44.7148338854315,44.66994473545351,44.62120036427194,44.575849155894275,44.53190691958834,44.49920907540255,44.491857069531534,44.51943913509685,44.58510147505007,44.686239115206426,44.818053404206715,44.97497365982165,45.15074454305637,45.3390093604206,45.533509691973826,45.727372312287564,45.912659960635395,46.082330594314065,46.23203563063926,46.360575510738734,46.4688313534119,46.55835873732408,46.63065527147403,46.68705782595717,46.7261460706431,46.74695488904144,46.759742094842096,46.77720292969658,46.80495549991633,46.84599146800312,46.907214713067056,46.99934932467385,47.124703635875804,47.28750209644189,47.46745514126608,47.65021679490761,47.829631136144044,47.99409307254506,48.08842532451459,48.18766069344145,48.29218354560118,48.315344184414,48.31188794675011,48.28435635504795,48.23911522510219,48.18768432139609,48.13860866585605,48.09831141481498,48.07365727160221,48.0724230536564,48.09848233726703,48.15549161984122,48.24657804826036,48.38148781618439,48.554346021541676,48.72003260899728,48.904716890480586,49.10765177958555,49.304456904454376,49.479810523416695,49.62634018684538,49.74664252443253,49.84364840535477,49.91516460847612,49.95528759949039,49.99758697469081,50.00024218849102,50.00012119748777,49.98842719904015,49.97536141892506,49.96462275408372,49.9612592489132,49.973424193052665,50.009416122434786,50.072379112554735,50.16680538357459,50.287782251005616,50.42013178247298,50.54560341971714,50.66521293717301,50.75672859987925,50.80692344280762,50.81308510123314,50.78641975820437,50.73638083593109,50.665588261188105,50.57283666670862,50.47925012073794,50.36150309373604,50.232982148452166,50.11602951795832,50.03483126320774,50.000323040822124,49.996310802263224,50.03177265936722,50.10555399217644,50.219419183150244,50.36057762012376,50.499791499244004,50.61673045243789,50.70010002454585,50.74833184606052,50.76012343676469,50.73612239182076,50.682605387524276,50.61230368651893,50.530961319689915,50.43784250066638,50.34611832807561,50.268354260921335,50.215080316541474,50.194558470290104,50.20280833462668,50.23326163509297,50.27960238467618,50.34122707520923,50.41694321578819,50.50386886802145,50.598180498238335,50.69529475857107,50.79251386201671,50.88554012946698,50.96737287667529,51.02792269575325,51.06082910743926,51.07162245617697,51.066510700041526,51.0524285539545,51.03586903838232,51.0205680505696,51.01198656855845,51.01585131357653,51.03759875962316,51.08501227980216,51.16260450834565,51.268726775904724,51.396200378102655,51.53738434708671,51.68488784989846,51.831626666189834,51.970610175103836,52.094711744959575,52.19762729875197,52.27692163291336,52.33121026143749,52.359442299195074,52.364646850380375,52.352037114962165,52.3280066008945,52.29922695898499,52.27218277239468,52.25256641539413,52.24383690551677,52.25000121465396,52.27439991490446,52.318552964406265,52.381630938798196,52.45779624261491,52.545607791339485,52.64183033022002,52.74300286879043,52.84546488583931,52.94551958665219,53.03962856504461,53.12412793713156,53.1958535620088,53.25417185096621,53.299617141800006,53.33306907308759,53.35549965705801,53.36831737661839,53.37460653680416,53.377748800186794,53.38082291244992,53.38659464966328,53.39771533664596,53.41663484704103,53.44417509774405,53.48083274503278,53.52718238173099,53.583802640005224,53.65142762927762,53.731548344122494,53.8229866743419,53.924748380293515,54.0357108472695,54.15220018848041,54.27474739636022,54.40218334541444,54.52667051455853,54.644777828522386,54.758131656843155,54.866843557829405,54.96975087099266,55.06566724380224,55.15298479792822,55.231257339568266,55.300161841479905,55.35952878176793,55.409221624486854,55.448648874102204,55.478311983347275,55.497694346925456
34.777412658077935,35.00724523483719,35.247406075507136,35.49837347206821,35.75956504733202,36.03018295352385,36.309732579448166,36.598065247612716,36.89724732952622,37.210589457692706,37.54000793245308,37.882454057273435,38.23442578109812,38.59037944971367,38.944176663055075,39.28841276380491,39.617880028915245,39.89627815144883,40.17719192035679,40.433193921101044,40.656634207498726,40.84212847897536,41.000637697921206,41.17245193877754,41.2792861527636,41.37715825740148,41.474500325612595,41.578534897530574,41.69511301340923,41.824622268403864,41.96704100258561,42.12390818428606,42.29786923185652,42.490621924346925,42.695833023290504,42.90640621011575,43.11603226114434,43.31710748079649,43.462788813573205,43.62061480948649,43.75538998261531,43.86711176356899,43.93863445598124,43.99908877084331,44.00098467628132,43.985282110765326,43.95596336615156,43.92199297381667,43.88484808606048,43.850892406247866,43.825733549623486,43.81854138773259,43.837872248218126,43.881957280658135,43.95468014899342,44.04375059986314,44.14653687072577,44.260013030168636,44.374465616189056,44.48660782014562,44.587101841543195,44.6708389307205,44.736468070539885,44.74738886795299,44.770188526659105,44.79232340841912,44.77099928840907,44.73530654162295,44.68937490261972,44.63811793654285,44.58943176038648,44.540823393902414,44.50364393349837,44.490455157053134,44.5124145050546,44.57300107513163,44.66959282778206,44.79749391535246,44.95128948110111,45.124930590848756,45.31232992995158,45.5075376795754,45.70387125447529,45.893037081742335,46.067420235943274,46.22211891475021,46.35550992448918,46.46817866602812,46.561447529140054,46.63665633653996,46.69509599766113,46.73518916561044,46.755579279696526,46.76657832325245,46.7814885487016,46.80642699530838,46.84513128853289,46.9038357967468,46.992830343688276,47.11497525660064,47.27637030193976,47.45809514505863,47.64260800705165,47.82451755270556,47.99330207933468,48.09073216191838,48.19435932590209,48.305323823038535,48.33217677403751,48.33103016405074,48.30520306910095,48.2603965666241,48.20796723906808,48.15635580047332,48.11195031942474,48.082165311506806,48.07550469630665,48.09617279427314,48.147944747253405,48.233491455572306,48.36537635820152,48.53365511263825,48.70043863746251,48.884987088279914,49.09135174557488,49.29223621562461,49.472528012891345,49.62431072876089,49.74974343294184,49.85160859931809,49.92730258103894,49.97048577567773,50.01540752103757,50.019645437425424,50.020639864615966,50.00854025151852,49.994000716231824,49.980770549337294,49.97430037363765,49.98308263029312,50.01603835521384,50.07662514129059,50.17010943623442,50.29213371107229,50.42696824727108,50.55727192612069,50.68008534484067,50.77597640150409,50.8307130541971,50.840870395151946,50.81740636246521,50.76912043375287,50.699329278277155,50.60644139796086,50.5132726225846,50.39413054679165,50.261349790268774,50.14092360551593,50.05504664781476,50.01633155413412,50.00696910068902,50.03708778278453,50.10607185099004,50.217878553078265,50.36101447385245,50.50460282145108,50.62684407091737,50.714968342076155,50.76680708622496,50.78131384100421,50.760039567156674,50.709148017390795,50.64003097853396,50.558690304784115,50.46410314492574,50.36977173262109,50.28848970673334,50.230970839549606,50.206921242051834,50.21206028933786,50.23995423637001,50.28332289287509,50.34185818480312,50.41494992150391,50.49999941039661,50.59342279913895,50.69067220261978,50.78913410458178,50.884523620201215,50.96965997389333,51.03356291606601,51.06912809624013,51.081808581178706,51.07764222464702,51.06360572284513,51.0458933521203,51.02830586344633,51.016077695171695,51.01624377365188,51.03414516396771,51.07940548494116,51.154693949305354,51.259311819756974,51.38602559249799,51.527143353091525,51.675319877525254,51.82357628628768,51.9649701864738,52.09227791942598,52.19861016800333,52.2821704931055,52.34054012204651,52.372477358856464,52.3796776712207,52.36795418627548,52.34393983052705,52.314423435454245,52.285812954973345,52.26394782064682,52.252564088974964,52.25592764886706,52.27691385338084,52.31870041478506,52.380819201277134,52.4554970914562,52.54219225822881,52.637663756628825,52.738482136671536,52.841057517338484,52.941764615202466,53.037107479943394,53.12340419938888,53.197355767427595,53.25799593309257,53.305555278831946,53.34069858259243,53.36425211769626,53.37755495098026,53.383751508584304,53.386271935247244,53.388219758184256,53.39239852025191,53.40150300017366,53.41804496644026,53.44296729567454,53.476900892851695,53.52055385449343,53.57462962298425,53.639933145098446,53.717941543519856,53.80749823971506,53.907743059736106,54.01770220373657,54.133748749338544,54.25648421693588,54.38477920708657,54.510558744843195,54.63023906443342,54.74542950552088,54.856211797329344,54.96131540615147,55.058864781162676,55.14830101956929,55.228497732328314,55.29906878339316,55.35980499895216,55.410550391246,55.451272873880214,55.48135313169131,55.50041164245801
34.71462773982414,34.94190528980635,35.17993415910566,35.42923601778622,35.689054720099016,35.95846850051479,36.237002999809164,36.524591740406045,36.82339435574146,37.13689310999122,37.467252875535465,37.811638528375795,38.16674931965847,38.52693862549682,38.885058435380884,39.23600611215863,39.57246141660614,39.8567202820999,40.14431327479991,40.406473580322576,40.63546522627467,40.824714700281426,40.9869878145401,41.163490755087274,41.27162533516503,41.370307591249436,41.467707449003115,41.570938262829095,41.685861823176154,41.8131082983505,41.95302418085189,42.10762649359249,42.280144160347675,42.472764025956906,42.67909484203664,42.89187325124347,43.10463685613586,43.30929404457011,43.45971032297879,43.623110380750795,43.7640975951557,43.88243476189424,43.9597340274173,44.026308707359476,44.02800824445222,44.01370055004888,43.98405515714558,43.949260330415086,43.909871015934534,43.87314670257426,43.84402461680155,43.83261970951337,43.848118592968824,43.88822099514032,43.959070664049115,44.04595661346196,44.14713299874485,44.26025274925105,44.37504709404323,44.488632198517784,44.590933267353975,44.67688175947806,44.745413425001495,44.7598104831612,44.78582504077385,44.81059454295025,44.791432012226345,44.756377474231755,44.709660125144744,44.65609105063213,44.6042835101075,44.55125730153769,44.50965339066255,44.49060926903513,44.50684994367872,44.56217895994456,44.65394659448592,44.777569821886146,44.927818676044886,45.0988939691281,45.285025748706076,45.48062009238621,45.679222756549336,45.87218765686026,46.05130855627787,46.211103249801795,46.349500144042,46.46677286176465,46.564002735020644,46.64236907967143,46.70311867132697,46.7445137187041,46.764768332002994,46.77419726735364,46.78670759893699,46.808949394308115,46.84536254313712,46.90146451906994,46.98708366336237,47.10566952345692,47.265177729747954,47.44815525633391,47.633983374993996,47.818008965504575,47.990863358470094,48.09193935514302,48.200148739195996,48.31725838928407,48.348198384603506,48.34980185576555,48.326118426388646,48.28216479121593,48.2290903359545,48.17520498518644,48.12686028593687,48.09205074529522,48.08001694135692,48.09528009198069,48.14170464893724,48.221488289525865,48.349831836168,48.51314789961842,48.68054951530383,48.86463429165703,49.07409661134018,49.27889239496761,49.46406938171278,49.62115122036571,49.75182925799338,49.85874131069191,49.938890414024584,49.98555525810509,50.03317214327234,50.03939062482263,50.041668739770486,50.0293440724278,50.013452965585806,49.99778715292785,49.98818774033078,49.99350313101354,50.02324910939851,50.081189246784255,50.17337717306725,50.29602562973676,50.432947906129925,50.56772426530384,50.69359880280806,50.793830484936905,50.85324866324268,50.86769187731515,50.847764827450874,50.80160563817241,50.73319851659928,50.64056549118879,50.5481240632348,50.42795916184229,50.290895653655085,50.16690841967586,50.07634337183125,50.03350335160825,50.01869863149519,50.04311988722858,50.10681270437997,50.21599349758979,50.360568697887764,50.508185082940855,50.635562754203505,50.72845724347431,50.78409138837025,50.80161421606922,50.78340152177968,50.73548012030219,50.667910555582836,50.58690790872929,50.491141270383096,50.39442506114651,50.30977856530261,50.248094860459155,50.22047732202271,50.222370446113686,50.24747471364681,50.28760146262023,50.342755526075635,50.41291769625412,50.49579417333765,50.58806151374837,50.68523393552042,50.78481992563009,50.8825794019634,50.97114596742968,51.03862041422813,51.07711561574882,51.09196278291634,51.08901764594577,51.07528337878027,51.056654990990985,51.03697514454833,51.02126926688402,51.01782866353063,51.03191704772959,51.07487702620367,51.14766143179407,51.25047616505592,51.376074440359616,51.5167598154788,51.66526962196633,51.814756984888035,51.95835158934396,52.088759120028094,52.19854086525172,52.28647760586595,52.34912122811563,52.38500726382603,52.39451443037968,52.384015642901744,52.36034937229461,52.330383114684565,52.30043445984932,52.27648767523674,52.26256069456395,52.263173183555494,52.280768180848675,52.320078198796914,52.38097020870998,52.453893155267636,52.539162932895245,52.63356186387932,52.73372087920857,52.836144693197454,52.937300934915974,53.033756712379294,53.12183025390026,53.19809502943562,53.26122640733278,53.31111895634713,53.348194873386,53.373111488212764,53.38712130865934,53.39342453881302,53.39549759569406,53.39646627515463,53.3991686746703,53.406338087415904,53.42054180682945,53.442841178548214,53.47399924382674,53.51485488159461,53.566234569523026,53.62901840031108,53.70468229199484,53.7921120329991,53.89059510471392,53.99931780215741,54.11471508248751,54.23746868928107,54.36650124980756,54.49351118080509,54.61474808299868,54.7317997757604,54.84471169848667,54.952098086738445,55.05141317069064,55.14308924279082,55.22534633341949,55.29773220875225,55.359994139463005,55.41195175994464,55.45410557555171,55.48476226478294,55.50370857096178
34.652366981667775,34.87716651791768,35.11304309192827,35.36056421869633,35.618821974141255,35.88679586881808,36.164050475059824,36.45061522285564,36.748753447018785,37.062129933427244,37.39316891363568,37.73925871918613,38.0973043757649,38.46156807001706,38.82394472700912,39.18150405051584,39.52493641362199,39.81556186554061,40.11003823044416,40.37860097702952,40.61344074431814,40.806842907416794,40.973160208437044,41.15413329243004,41.263906485379245,41.36368486467926,41.461364706715635,41.563937318718075,41.67725977691498,41.80220892896569,41.9395063424347,42.09164653940997,42.26243446105044,42.45454861696385,42.66158657829209,42.876180862860295,43.091780147114996,43.29986311308286,43.455516872132584,43.624688370889686,43.77212635323761,43.897250366959426,43.980584779240935,44.05309390500553,44.055011319583166,44.042376706818125,44.01269910954645,43.97733723383629,43.93593487145143,43.89656724663001,43.8635642508728,43.84796959990436,43.859570186638834,43.89558317247414,43.96423367099528,44.04862938364579,44.14788628452522,44.26029641088344,44.37512587642022,44.48987844699396,44.593832052991864,44.68198820512897,44.7535184704437,44.77207431615569,44.80150198587446,44.828828458742485,44.81214717677894,44.778056559838,44.73082347323698,44.67515584046161,44.62045662377471,44.56328545010864,44.51731845190387,44.4924075229096,44.50283637695611,44.552723193740455,44.639378433157596,44.758342633014,44.90460497096894,45.07266135960743,45.257103773512895,45.45274117646502,45.65339414011587,45.850068540452455,46.033946381997566,46.19893720867226,46.34249558758295,46.4645671191052,46.565984633524636,46.64776447512649,46.71111093729157,46.754122036171296,46.77454298677422,46.78263706675154,46.79291300810794,46.812589642935286,46.846757737481525,46.900172100501166,46.982174140474854,47.096841451408544,47.25395297482964,47.43762531098338,47.62431222952083,47.81005694234203,47.986704998573586,48.0920200753102,48.205009125773294,48.32791626100442,48.3633524228561,48.36816966613987,48.34708813200974,48.30442401341504,48.25107455009562,48.19519205834348,48.143091205904575,48.103377600411584,48.08603641609548,48.09589014716806,48.13685957344546,48.2106466679857,48.33490669343075,48.49290929034502,48.660375873859,48.843662499528634,49.05586179005453,49.264385545337426,49.45438499091951,49.61680778563862,49.75284644052212,49.8649988305911,49.94989362062609,50.00048546840206,50.05086813331378,50.05949245317138,50.06323361189229,50.05087509146585,50.0337631419033,50.01572372237463,50.00297559507771,50.00474175398501,50.03110213522302,50.08611765554388,50.176641067761736,50.29946734903045,50.43805530403725,50.57690587529853,50.70570316692077,50.810239060072675,50.8744861400308,50.89351771280233,50.87747250963641,50.83382919439859,50.767204419186484,50.675237524684576,50.583840279065114,50.463046564955405,50.32167781989469,50.19403163484695,50.09877458778691,50.05190365352172,50.03155777715555,50.04988910977,50.10781171901141,50.21380390095276,50.359236278559855,50.51050496908076,50.642837883873625,50.740511318534736,50.80013741930251,50.82099516578355,50.80619176267744,50.76159204826216,50.695945418905076,50.61562979814162,50.51898549512302,50.42011860819881,50.33227262110587,50.2665157973671,50.23529173868018,50.23380014828504,50.25587224128454,50.2924760950236,50.343947256973756,50.41086371032823,50.49125842634684,50.58208872666709,50.67895869759542,50.77953992688699,50.87967149088797,50.97179471521149,51.0430636356455,51.084769170033155,51.102073147422715,51.10063730705093,51.08747460211668,51.06818279251721,51.04662041474654,51.02762658992871,51.02068518474905,51.03100537570662,51.07150774933244,51.14158034887437,51.242278101447624,51.36638569280808,51.50625188005376,51.65473549062503,51.805149113742495,51.950719325006006,52.084109588883756,52.19737440339336,52.28979874071397,52.35691520344245,52.396998951593815,52.40913939749228,52.40022164220526,52.37725318829611,52.34713948820546,52.316094895733286,52.29024677777888,52.273899419766416,52.271820045922276,52.2860596031045,52.32278255418796,52.382160343655364,52.45304735594322,52.53656578413928,52.62955226317101,52.72872878686425,52.830719770201746,52.93210800884235,53.029545208043565,53.119369079083384,53.19803386053071,53.26383018356674,53.31628310541861,53.35554325888548,53.382074611647106,53.397024922536815,53.40364540961253,53.40545644198935,53.405603528693085,53.4069558730215,53.41227987453476,53.42419132141824,53.44386700197984,53.472199475314206,53.510155156732836,53.55868134991822,53.618737821849784,53.6918132843306,53.77685844600198,53.87332226768665,53.98056247656366,54.09509169976107,54.217681919717236,54.34732027482844,54.47549163277408,54.59826513806783,54.717201779023334,54.83230339595264,54.94206148450222,55.04328585164705,55.137327927740785,55.221788060106455,55.29614478757584,55.3600976124685,55.41343637017942,55.457160135543106,55.48856114710766,55.50762017688714
34.590666040525846,34.813075839458364,35.04678386691851,35.29240566112746,35.54890585146618,35.815192676307085,36.09089021870537,36.376139443082394,36.673318406229704,36.986281755783146,37.31771994457014,37.66525865290526,38.0260193796096,38.394183639018706,38.76075146733286,39.124803174502524,39.47518937015504,39.77272514044858,40.0742974560159,40.34952256104875,40.5905244149788,40.78850735389428,40.959164593751375,41.14435364672181,41.25612882859597,41.357308063819694,41.455505267478834,41.557577564945134,41.669361400148546,41.79198423572522,41.92654910400995,42.076025940113475,42.24478585702981,42.43600049865916,42.643306948345625,42.85930118912056,43.07741217285005,43.288753556444576,43.450176564699575,43.6253206349548,43.77945353054987,43.91153716777014,44.001177660365705,44.07939308795861,44.081983253258855,44.07130485988524,44.04190264817849,44.00624183898483,43.9630734345725,43.921195679203954,43.884406263876976,43.86465589763484,43.87229634616851,43.90411849232179,43.97022580588876,44.051817956142365,44.14883533200653,44.2601645664587,44.37470466855421,44.49032942083762,44.59576831679788,44.686125955484385,44.76074884445027,44.78418331129504,44.817224205853336,44.847012344669295,44.833140651565095,44.80035367502178,44.75288801710483,44.695348439953214,44.63800332010544,44.576984636982196,44.52671704029401,44.495933848373355,44.500455322369156,44.54469880002874,44.62593275507882,44.73984769051455,44.88168722805454,45.046278794345085,45.22861023851515,45.42392689989173,45.62636732294119,45.82663674002294,46.01528453978205,46.18556936423992,46.33444567329785,46.4615146165335,46.567353503210796,46.65281349716325,46.71905788589184,46.76401642425936,46.784924184823545,46.791935861052046,46.80015770391962,46.81741468720964,46.8493893772318,46.90002755790575,46.978160912727866,47.08854433151327,47.242724632147905,47.42649514489852,47.61356390141834,47.80061305101894,47.98075508826751,48.0909474935416,48.2089206780841,48.33722645486629,48.37758229553942,48.38610023941903,48.36809789106292,48.3271783477588,48.27394081953171,48.216352858292446,48.16069297088109,48.11620990430008,48.093639747810606,48.0980875319907,48.13344591132018,48.20097940380029,48.32063176592308,48.47301019335118,48.63993622275043,48.822086923580656,49.0366231865026,49.24867576958813,49.44342520154997,49.611226548558385,49.75274142146309,49.870333450130495,49.960277714036465,50.01526582819829,50.06848278308059,50.079965624960444,50.085360269922326,50.07316973833049,50.05497622010052,50.034631415196834,50.018718183963514,50.01685455797861,50.03964402816413,50.09144196914966,50.179930738645844,50.30248250246655,50.442286216681644,50.584763126700324,50.716348293024296,50.825150336806374,50.894381354647955,50.91831606669306,50.906506765496985,50.8657838476403,50.80135542907078,50.71048607674037,50.62045017487216,50.49943286313226,50.353753661127506,50.22234092543804,50.12239344821148,50.071591758873346,50.04554680204314,50.05740388535131,50.109102629398485,50.21136469717701,50.35706560977403,50.51154026179999,50.648620841505,50.7510751570518,50.81489784582778,50.83942729397113,50.82839379683764,50.7874741532744,50.72413856974017,50.644871639637266,50.547664437230075,50.446892668325,50.356023658619826,50.28629706837035,50.25142952050181,50.24641073918275,50.26519599364441,50.297984771732054,50.34546146955475,50.408805191622704,50.48639758747255,50.57549666990456,50.67182556159724,50.77326280584543,50.87576390310938,50.97157007516579,51.04686102572404,51.09206626316097,51.11212776073053,51.11250155107562,51.1001924732111,51.08050559422184,51.05728619491188,51.03521497053906,51.02489253884342,51.03149912690979,51.06936802202292,51.13650680813668,51.23476203075079,51.356993215408124,51.49563890748945,51.64371756690028,51.79473328340261,51.94203833475163,52.078283568110834,52.19506579532454,52.29208966716883,52.36388367182463,52.40841935964985,52.423534842193455,52.41657234155035,52.394669240630506,52.36472604754646,52.33284187133591,52.305285926888274,52.28665296206504,52.281950463170375,52.29288408344441,52.32690402796452,52.384455379485,52.45300989847326,52.534437645041365,52.62566027566437,52.72351886186212,52.82478141517618,52.92616917701121,53.024443067252314,53.1159836690341,53.19713477321074,53.26577417167439,53.32102265711949,53.36272905250806,53.39113833103881,53.40727426549392,53.41443390310503,53.41617913459519,53.41567258413161,53.415810875408596,53.4193876376923,53.42905946341633,53.44611435784328,53.471568594939754,53.50651273933271,53.55201707044045,53.609130830139044,53.67936950117046,53.76176856916939,53.855948604991944,53.96144916231095,54.07488152601803,54.19711573482401,54.32721190195961,54.456464904101736,54.58075062134411,54.70159482677129,54.81894702437862,54.93116817119151,55.03445626329285,55.130995534567084,55.2178078296539,55.29429918988257,55.360116827136785,55.4150148615469,55.46044971028066,55.49277154315101,55.512181504684555
34.52956057331541,34.749679969260654,34.98120502925031,35.22480106141117,35.47933587585176,35.74368189356429,36.01754644342539,36.30119598302353,36.5971295670039,36.9093926770492,37.24094061843897,37.58964169172794,37.95284861145001,38.324704289112695,38.69539458574511,39.06580007974462,39.423104636397525,39.728132345501386,40.03702162024145,40.31918478220714,40.56667989160636,40.76970229322675,40.94501068462238,41.13412591387853,41.24829159000484,41.35119517479947,41.45016230002126,41.55190450125799,41.66222121839975,41.78249429410493,41.91421403929865,42.06081976133024,42.22723841830196,42.41714472412937,42.624268495046046,42.84122707748495,43.06149385575749,43.275906391470535,43.443657517350644,43.624979027997696,43.78605640078128,43.925273753331986,44.02150361970517,44.10515498039593,44.10891339706398,44.1004792880624,44.071673197866076,44.03599230076527,43.99132048725924,43.947073641084884,43.90660355820503,43.88272613313498,43.886322242002635,43.91384494015149,43.97706246554593,44.055546401161216,44.15000558382345,44.259880822814836,44.373800229156515,44.48998189838537,44.596722937924795,44.68926681306339,44.76707915162422,44.79612538266248,44.83299004281395,44.86513337541373,44.854408306083,44.82327869636318,44.77587682695672,44.71670498302876,44.656975817793345,44.59240074548538,44.53785871569957,44.50120160641863,44.49971199537532,44.53810256604218,44.613613616799924,44.722104897845604,44.85910253378151,45.0197984790969,45.199608524814245,45.39424474358868,45.59819147585797,45.80187929297019,45.995274579669776,46.17094828938299,46.32529981937247,46.457568532533294,46.568069622637886,46.65748712003975,46.72694460746468,46.77419918921555,46.79593286696439,46.802131789861036,46.80849461407723,46.8234914731509,46.8533190140401,46.90104775430446,46.97505281844127,47.080804755434265,47.231521324723516,47.41475459397075,47.601707721472664,47.78962885950188,47.97294171617406,48.088694780958875,48.21186358857859,48.34511798753636,48.390831409397585,48.40356021984836,48.38913340864682,48.35043190878457,48.297710082302984,48.23872322338141,48.17971547241964,48.13061168440487,48.10290203059002,48.10190354656273,48.13144163977009,48.19247876051166,48.30702420559537,48.45348609802349,48.61927453737365,48.799955982271165,49.016387402077044,49.23172788710379,49.43114038365806,49.604353633103734,49.75146064175132,49.87469746042493,49.97000820744876,50.02988575912337,50.08600338449145,50.100824842678556,50.108074502801585,50.09626444271958,50.0771371750937,50.0545613889137,50.03546972116663,50.02988583357924,50.04888207179239,50.09717504257804,50.18327338802792,50.305111132117624,50.44568075655997,50.591287108874916,50.725492380583034,50.83851274220865,50.91289017718062,50.94205510406692,50.93484495150767,50.89746234310635,50.83565954871443,50.74632540682609,50.65791461857877,50.53704663659417,50.387136255237536,50.2518822540113,50.14725261148124,50.09256870047805,50.060648946853384,50.065672637179375,50.11071917005529,50.208731171267104,50.354125519195065,50.51133655753636,50.65287805609787,50.76009353213622,50.82832533475217,50.85688120445583,50.84999113124788,50.813116787342594,50.75249300932767,50.67464909983241,50.57720671478886,50.47478753607206,50.38108346232116,50.307502091565844,50.26895569596509,50.26026333718645,50.27548962346354,50.30415529634143,50.34732050914859,50.406762171524065,50.48122770720437,50.568293935825686,50.66383753803918,50.765978342201656,50.870829086268714,50.970436686932565,51.04998102986967,51.09898439920004,51.12211470887266,51.124610721133,51.1134500724203,51.09365223362772,51.06901700591526,51.04409812531366,51.03051088742478,51.033426964939416,51.0684582759777,51.13243895035145,51.22793506171009,51.34791538738667,51.48494669970401,51.632237850528156,51.78351182176762,51.932283397296274,52.07123707061239,52.19157006677253,52.29330615474981,52.36998825705979,52.41923542548418,52.43768303411817,52.43306789830132,52.412615491396764,52.38317628423714,52.35072299536784,52.321665921179886,52.30089338823702,52.293630952517645,52.301284283433276,52.33245681400833,52.38785581417296,52.45378239446437,52.53278784516506,52.62190432211134,52.718116207696866,52.818356105259255,52.91950395784203,53.01845219533257,53.111652854436805,53.195363415405296,53.26702536924809,53.325312542522816,53.36973756767085,53.40029948942745,53.417877810411895,53.4258098014127,53.42769633397368,53.42671450680231,53.4257841921266,53.427716181247554,53.435193895691285,53.449611778126915,53.47211590901179,53.50392754117742,53.546243805984204,53.600208307785415,53.66737283091629,53.746874812534415,53.83851450862547,53.94202184997132,54.05413031427714,54.17581343168243,54.306202696413294,54.43643305038183,54.56218960727026,54.68495025174501,54.8046059111389,54.91938098514034,55.024897844889,55.12407052341775,55.213390559326484,55.2921880856911,55.360053192635895,55.416697873643706,55.46398745619077,55.49741521739847,55.5174275988044
34.469077151624305,34.68699959272525,34.91631404499656,35.15775058019653,35.4101166144943,35.672280238526895,35.94405022724196,36.22582931252973,36.52024276685207,36.83152769279323,37.16290253723157,37.51248047909278,37.877846704234074,38.25312557771383,38.627809615461885,39.00439227354325,39.36856656254165,39.681705719376644,39.998141391847184,40.28753409033158,40.54187082755045,40.75042197892704,40.93070819518937,41.12342418981615,41.240393994795554,41.34536418374737,41.445368973071595,41.546963627404345,41.65589375301152,41.77379457311633,41.90253841559538,42.046043411412796,42.20980517059293,42.398006990817734,42.60451194233045,42.822007359980745,43.044060234795346,43.26132019708962,43.43593381554899,43.62363467570497,43.79191223731497,43.93843871265053,44.04155360617287,44.130328306494675,44.13579110258322,44.1298942701618,44.10201818343354,44.06660677408218,44.02070978445839,43.97423569222165,43.93016338470858,43.902151286989444,43.90161506823707,43.9247375662054,43.984735011556246,44.05981923177796,44.15141230689607,44.259471027596675,44.37244492918842,44.488868676985824,44.59672171495949,44.691419739400004,44.772516598525044,44.80785451150977,44.84875401514893,44.88317141574165,44.87594239961554,44.84684041366442,44.79981286172048,44.73926150316,44.6774040715018,44.60948059536861,44.550686046866886,44.50816548243523,44.50057457257676,44.5329187066494,44.60242268607319,44.705133958890634,44.83688797202261,44.99327262229433,45.170162085063986,45.36376397709777,45.56893512683446,45.775849088619225,45.97390592966363,46.15502440174945,46.3150074439926,46.45268204558831,46.56809327036468,46.66175631801406,46.73475619234698,46.78467245413734,46.80758910205933,46.81326268231145,46.817975768550276,46.8308691485049,46.85852733134518,46.90319656828632,46.97283257405802,47.07362828885251,47.22037262219344,47.40239730149825,47.58871946926041,47.77707859671068,47.96321125220247,48.08523594117889,48.21381782440914,48.35152010158391,48.403043228146046,48.420516153876484,48.41017896063975,48.37418530997849,48.32239791834651,48.26233356330792,48.20020417044095,48.14663667870772,48.11384130959338,48.107299704699585,48.13082161786404,48.18513699410519,48.294100947574265,48.434366977475804,48.59843992903792,48.77732421224853,48.995209320994675,49.21356095778166,49.41750075370597,49.596140201588426,49.74895476004667,49.878046331376886,49.979051216620334,50.044327184498435,50.103413405589414,50.12207411664742,50.131401376571404,50.12019561548973,50.10029091887531,50.07556027145819,50.05326130827686,50.043825760351886,50.05881011877203,50.103328502939746,50.1866961420554,50.30739418385316,50.44828997577835,50.59653243781998,50.73315880214855,50.85030406955616,50.9299706832903,50.96470299510966,50.96246442191477,50.928855584427914,50.87009900186837,50.78270376348424,50.69615588738865,50.57577272957607,50.42176900100257,50.282657836660626,50.173372131718075,50.11480239718125,50.076847450114066,50.074703788461086,50.112695075495914,50.205958608227576,50.350484880898804,50.50996506364533,50.65565128406391,50.76754276908152,50.84037564773003,50.87332753442539,50.8709672728735,50.83851030186897,50.781011514308915,50.70497416599782,50.60763125228705,50.50383017357745,50.40749192002627,50.330186832255976,50.28792376118305,50.27538877066439,50.28675384009873,50.310988645771545,50.349536592888384,50.40475868797008,50.47578238946821,50.560520126510085,50.655037238905884,50.75772374150647,50.864885250950515,50.96838286988466,51.05239593376449,51.10550105875183,51.13202203098865,51.13696515426103,51.12726042440955,51.10764968478679,51.08184301013798,51.05428402305933,51.0375106684777,51.03674777082165,51.06875031019504,51.12936277884571,51.221798107959245,51.33916753950223,51.474203185241386,51.62033372893137,51.771524862550415,51.92148238560208,52.06296778981147,52.186858816433066,52.29340786877415,52.37519104774618,52.429414114723286,52.45156618557425,52.449708112822776,52.43110897220077,52.40252288050256,52.36978468694945,52.339438375504564,52.316642625363805,52.30683428575475,52.311214778255426,52.33940052695823,52.392337338859505,52.45535485053404,52.531620559267445,52.61830152876814,52.71254869112255,52.81147939123695,52.912151582577124,53.01160952453708,53.106401096375414,53.19271938005343,53.26756234314081,53.32912872394141,53.37655371744757,53.40955470265096,53.42884380730329,53.437792164438655,53.44003540149193,53.43875776346494,53.43689077671033,53.43725570386449,53.44256416905431,53.45432343127643,53.473811808349836,53.50238134480511,53.5413561482058,53.5919779417455,53.65584389174448,53.73220973266694,53.821062981973775,53.922331970349795,54.032894826866354,54.153833735854626,54.28434983374101,54.41544575153882,54.54262016152059,54.66728989609558,54.789280232859966,54.90668081821941,55.01458815887854,55.11653189708198,55.208520975181926,55.28980393694647,55.35990797746125,55.418495937520106,55.467786414215226,55.50251376266635,55.52339330914889
34.40919256521359,34.62500420073361,34.85208431292547,35.091239548572666,35.34124859400831,35.60100398883682,35.87043282121972,36.15008397163106,36.44271385390748,36.75275181389809,37.08367762425057,37.43385157967314,37.801092639515694,38.179522717052365,38.55803566233883,38.94053966033737,39.31147164635433,39.63336762296408,39.95758743955945,40.25451693524894,40.51606087616077,40.73066066450799,40.91626683959166,41.11222257045063,41.23243526815777,41.33983307679212,41.44115845535843,41.54279756537326,41.65040764706245,41.765875557066934,41.89149466579491,42.031681005760674,42.19249106158939,42.37861309777733,42.58408144531756,42.80170023868076,43.02517724670869,43.245056067871296,43.42699495706581,43.62124995159149,43.796988168927015,43.95100880290519,44.06131849736977,44.154861790432015,44.16260572140125,44.159544084995616,44.13294476119383,44.098098473227466,44.0512471504125,44.00264559277132,43.95502693953778,43.922881183896486,43.918138080437416,43.93677035641835,43.99323450605218,44.06464043849828,44.153070503828744,44.258961080013464,44.37067195406423,44.48702830139994,44.595802165659805,44.69261341482878,44.77707579879724,44.81932002538357,44.86445254000023,44.901087107645026,44.8977014819745,44.871011148718814,44.82469043257708,44.76302289680578,44.69923169430961,44.628151204009804,44.56513879505757,44.51677837812611,44.50301098559082,44.529131436719,44.59236163065081,44.688954577533075,44.81508062665058,44.96675343236883,45.14033437191821,45.332553869960954,45.53866680559873,45.748607751135616,45.951223755333,46.13778929636686,46.30352309625713,46.44680844346313,46.567384724952724,46.665592052322125,46.742474610718276,46.795414059601356,46.81987200476034,46.825328338663226,46.828603897932815,46.8395070962037,46.86495880192929,46.90643550871052,46.97148267339209,47.0670199285616,47.209309246453266,47.38945674973614,47.574636869222374,47.763021912684216,47.95161019028693,48.08055644474309,48.21475636701439,48.35638862114857,48.41417237027764,48.436929749929135,48.431192129035175,48.398391742533455,48.34795696631783,48.28714444512077,48.22213418394083,48.164254040147576,48.12640296611935,48.114232797065085,48.13156070467087,48.178946360566236,48.28187892698636,48.41568280482197,48.57748150905254,48.75424615016118,48.97314806410864,49.194228757664476,49.40253847745737,49.586587144976185,49.7452140045295,49.8803608800295,49.9873766954896,50.05854040343452,50.120680850408746,50.14365896537581,50.1553264358486,50.144974172249526,50.12445292753822,50.09761327703578,50.07206019973694,50.05864897514958,50.069422010159485,50.10991397734557,50.19022612687567,50.3093726035427,50.45016492644293,50.60055856960358,50.739401572748335,50.86056088693896,50.94561684076385,50.98623451413723,50.9893417386958,50.9599323295531,50.904616427690044,50.81955038546355,50.735095816520754,50.61549588344854,50.457589182117154,50.31462356552528,50.20071974982792,50.13826038620728,50.094125550353056,50.08450576240332,50.11506408023446,50.20310229306302,50.34621256896106,50.50749703500896,50.65700580422176,50.77346629965231,50.85104740877738,50.888745953540464,50.89130491202542,50.86363898381005,50.80967634427536,50.73581174003478,50.6388925569196,50.533974908304884,50.43521273010619,50.3543328721938,50.30831242420862,50.29175731167464,50.29896923712626,50.31848142895839,50.352120906501995,50.4028190867758,50.47009688095161,50.55221830242522,50.64547099242387,50.748542687012346,50.857966060463504,50.96542430357102,51.054096866756055,51.11159312102453,51.141829155628145,51.14955318902079,51.1416161614329,51.12247823094113,51.09571899905801,51.0657115315209,51.04583591507218,51.041416533737255,51.07021583753287,51.12726429694647,51.21635208313193,51.33076500251326,51.46343629397673,51.608042908384775,51.758816329295264,51.90968100448561,52.053515635765145,52.18095274448667,52.29239001322905,52.37946905954047,52.43892570599405,52.465158931966705,52.466470777223066,52.450129223058674,52.42275467613971,52.39002048475711,52.35856951405226,52.33383684233182,52.32149860841845,52.322621888477244,52.347693599930295,52.39787559672568,52.45771727329977,52.53093996210542,52.61486902189099,52.70684417889323,52.80418682892487,52.9041514806906,53.00395378800766,53.10026102484882,53.18922302674167,53.267386662935344,53.332454031679596,53.38315354737704,53.41888425816518,53.44015779158324,53.45036556153005,53.45317018891017,53.45175836624018,53.44907345577636,53.447947824111175,53.45111898601309,53.46020786398772,53.47662595490456,53.501855926813505,53.53734868876155,53.58444741897594,53.64480330183139,53.717805886136894,53.803637028423374,53.9024309542514,54.011231826122234,54.131235375800465,54.26171090719473,54.39355579425032,54.522087208276076,54.64864886564695,54.77299381410676,54.89307779779692,55.00352184303378,55.108364000016735,55.203179468427756,55.287128483329845,55.35966730812022,55.420400539553654,55.47183851423141,55.50806259715799,55.53008135281927
34.34986664070344,34.56365731171557,34.788488201812065,35.02525327559686,35.27273234100835,35.52986942213606,35.79672547642329,36.07400450035762,36.36459867630335,36.67313005124665,37.00333780279862,37.353831558142424,37.722665398848704,38.10397463132013,38.48614591110773,38.87430356622659,39.25182535712041,39.58306087103845,39.91529269214908,40.22007967341441,40.4892136905216,40.710412603482425,40.901696331968544,41.10049515169792,41.22441456092442,41.334616924953515,41.437542971613475,41.53938349411349,41.64570440137069,41.75867964720268,41.88104452974234,42.017715809370934,42.17530103754351,42.35898884406127,42.56302115912618,42.78036391565779,43.004910930619566,43.227178237912945,43.4168328939436,43.617781450066104,43.8012144688764,43.96292363532489,44.080762212712365,44.178703304730284,44.189340462081724,44.189409316504275,44.164428319999594,44.13041825887268,44.08285770990776,44.03222635847219,43.981130253157055,43.9448656478359,43.93585453416927,43.949917296725154,44.00255201116614,44.070014011827894,44.1549951772259,44.25837687927442,44.36851448919824,44.484499316388664,44.594001807815815,44.69287670096846,44.78077136608527,44.830471251830524,44.880021977394314,44.9188379709776,44.91962572648258,44.8957189467114,44.85043725174805,44.78791899026953,44.72238137197146,44.64833958878681,44.58115672153326,44.526993195194216,44.506989166034906,44.52672497111962,44.58343211828502,44.67358645765633,44.79371758153818,44.940293117751814,45.11018883803075,45.30068369172016,45.50745504187888,45.720216904685,45.92727768545368,46.11927506169457,46.290842312995544,46.43991423742239,46.56590667068138,46.66896085426797,46.75005258261599,46.80635349953948,46.83270300274706,46.838254451844094,46.84030783397577,46.84933646400003,46.872557728512405,46.910726084436334,46.97098561025749,47.06098467135509,47.19836198908332,47.37599016846998,47.55953218649164,47.74753858147753,47.93821912667616,48.074650109180304,48.21464403318514,48.35973059579328,48.42419790330816,48.452755756352744,48.45210684066683,48.422970274897146,48.374298945198866,48.313067957344764,48.24542434490636,48.183391390390234,48.14052766786501,48.12265961432301,48.1336337592594,48.17389911588019,48.27037507895826,48.39746355317584,48.55644838872676,48.73077633265747,48.95026275227213,49.17378562904646,49.38629777433812,49.575723683596266,49.74025025670049,49.881634052382914,49.994956103970274,50.07246737931567,50.13776981439197,50.16550500703406,50.17977608518687,50.170535115135586,50.149562434821725,50.12066139978276,50.091822717943884,50.07433011347049,50.080711587011145,50.11694309290622,50.193890468636184,50.31108733705568,50.4513566606599,50.60342496029383,50.7442748854247,50.869326764833545,50.95985180427374,51.006644004647576,51.015451505027286,50.99064669079753,50.93915110336775,50.85679450976553,50.774656241193924,50.656100839582244,50.4945340822758,50.347733104871004,50.229258492406125,50.1629102047805,50.11246648609812,50.09508698221294,50.11785991878505,50.200217510777975,50.341377457457625,50.50400372650931,50.65700690325318,50.77791614653027,50.86037055940343,50.90313734371212,50.91098376296941,50.888466141119196,50.83843306916912,50.767094164305924,50.670918866839635,50.56515145311193,50.46417954835536,50.37987904705251,50.33007056356609,50.309332027264084,50.31211629306681,50.32663025483793,50.35508463571719,50.40096771375626,50.46420642834214,50.54343152403852,50.63518512681966,50.73847886197187,50.85010519012733,50.96157819016124,51.05508072854433,51.11723682743825,51.15149691568468,51.16232607619133,51.1564592310093,51.13806923149613,51.110575118918824,51.078315219492275,51.05543065662331,51.047388242867,51.07282657084899,51.12612950798075,51.211597900861804,51.3227231071783,51.45267395578521,51.595403095163284,51.74543014554643,51.89692497194381,52.04292239654396,52.17388160175549,52.290266805805125,52.382817054849966,52.44774686362153,52.478420835602506,52.483299228186524,52.469606304175876,52.44379513640233,52.41135112808538,52.37897916792998,52.352403803815726,52.33756201078759,52.335451934665116,52.35729446604056,52.40444623095254,52.46085966937904,52.530750228436006,52.61162392773614,52.70103053776301,52.79651397413861,52.89554308165651,52.9955237188862,53.09326526985591,53.184895013634474,53.26650261709299,53.33527410233317,53.38950442053286,53.42824144874497,53.4517633036948,53.46346564727985,53.46703112744364,53.46564647690963,53.46226632378902,53.4597329757549,53.460807048872375,53.4672236229567,53.48052801062653,53.5023330638004,53.53421601930772,53.577624426433346,53.63427167935345,53.70369582951417,53.78627965136076,53.8823702324812,53.989198074381285,54.108077079979765,54.238343510026404,54.37081596519397,54.50063567171761,54.62906226627867,54.75577086796427,54.87858471843304,54.9916979547181,55.09955421336273,55.197342130085914,55.28412778606685,55.359288863385224,55.42236247528348,55.47609014158126,55.514003102936975,55.537426783080285
34.291059190394066,34.502922444100946,34.72549808043137,34.9597770703264,35.20456838210892,35.458892816066516,35.722959443917304,35.99763543873948,36.285953082172945,36.5927274157218,36.921954996178336,37.27249697917402,37.64264396378699,38.026560244708925,38.41221356711096,38.8057546159592,39.18969067768292,39.53077148783254,39.87120983027449,40.18416339875891,40.46128161797219,40.68965896986039,40.88699216643097,41.088209095105285,41.216306746047756,41.32967235667507,41.434447092314485,41.53663356098919,41.64170719358417,41.75214811507412,41.87114974728279,42.00413108724056,42.158240044707526,42.3391600287227,42.54137523887504,42.758056592984694,42.983327325650066,43.20775094131196,43.40543957822492,43.61318566308541,43.80451304329804,43.97408825064657,44.09978129180442,44.20179475858253,44.21593228674935,44.2194151594784,44.1963829363583,44.16347429751215,44.11545209875763,44.06290051678502,44.00840935603076,43.96805450278748,43.95472768499829,43.96415237306064,44.01267858903059,44.075943942272495,44.15720132969192,44.25774432458884,44.36600572000478,44.48132026671298,44.59135815921766,44.69223845943781,44.783617914033606,44.841257518397285,44.895398687357655,44.93638152559316,44.94165512136984,44.9208891858771,44.87697158929647,44.81386852375002,44.74677579024202,44.669972767077496,44.598679587555566,44.53876283534249,44.51247704552639,44.52568352471988,44.57563581672806,44.65904930314386,44.772835920558144,44.91394388687478,45.07978893605544,45.268222711917325,45.47536836540299,45.69073817343296,45.902117348801475,46.09951549416003,46.27698027464004,46.431991621015754,46.563631113091695,46.67181838904336,46.75742683151378,46.81741454392706,46.84599918159088,46.85195816538323,46.853010336683944,46.86028838931219,46.88126841381447,46.916029804322925,46.97132387846822,47.05552751402659,47.187561641664004,47.362055104036976,47.543478060839064,47.73070837714562,47.92311868629498,48.06751094073369,48.213445176828806,48.361558905119956,48.43310213591803,48.4679483816098,48.47285620367703,48.4478392250293,48.40133487780347,48.34001521205299,48.26999190832171,48.20397606381985,48.15615608252745,48.13253694713721,48.13701564069846,48.169987516032386,48.2596063386166,48.379739195651275,48.53538967936985,48.70696929638583,48.9266125063383,49.15228591422187,49.36882286377406,49.56357936671292,49.73407561893005,49.881858870184914,50.00176090552943,50.08605007548252,50.15464439298141,50.187537843223936,50.20467188157706,50.19679938057006,50.17554649288023,50.14464465969693,50.11250518529472,50.09084381081284,50.09267269038341,50.12442747673244,50.19771629348434,50.312579330261634,50.45191623053536,50.60519106595879,50.74783293321995,50.87664527371637,50.972699575015625,51.025929417776034,51.04076802664335,51.02095251977837,50.97364230608972,50.894365373391686,50.81475899662713,50.697472339347804,50.53254098517299,50.381940118963485,50.25895138604798,50.1887193901253,50.13185349587712,50.10645587109684,50.12111632566176,50.19735954637701,50.33604842046441,50.49955639302841,50.655719867839984,50.78094433239713,50.86837575547414,50.916505628753,50.929982862245495,50.91295054846038,50.86722345314156,50.79875313149623,50.70363834286406,50.59728950108343,50.49432595755854,50.40676368248849,50.35314698026668,50.32807598447965,50.326175486441116,50.335431732346144,50.35843896626175,50.399228914726535,50.458146278327305,50.534202851817405,50.624225970319785,50.72757594963752,50.841336315261714,50.95686173182507,51.05534442031603,51.122408388659785,51.16098372067614,51.17522792276484,51.171723839377115,51.15435173547537,51.1263415019856,51.092029655767426,51.06623892254613,51.05461788739167,51.076554223001246,51.12594441527556,51.207536474782565,51.31505718425581,51.44194410054194,51.58245199554178,51.73141023484816,51.88326000597361,52.031229860218374,52.165675139061676,52.28705264397201,52.3852308301189,52.45585497886359,52.49130967600829,52.500133798079915,52.489466889614754,52.46556239415589,52.433692054792694,52.400586706198474,52.37227127449021,52.35496258314104,52.34965123738549,52.36816155840505,52.41202488472112,52.46477204538933,52.53105553301622,52.608583372559806,52.69513563448593,52.78849638269378,52.88636581494895,52.98635805031458,53.085446461395605,53.1797559988963,53.26491449407504,53.33757458085003,53.395573336663986,53.437577036198036,53.46359934241892,53.47702435836984,53.48154739467617,53.48035222528058,53.47640347521263,53.47255159256308,53.47157705993689,53.47532925487929,53.48548763746635,53.50379453236351,53.5319527315006,53.57151665107433,53.62426964248704,53.6899121193687,53.76903385417251,53.86220123584419,53.96685033398008,54.084417576852346,54.214305235487984,54.34727905104737,54.47831047602617,54.60856520387033,54.73763560751742,54.86321437468785,54.979115551301426,55.090089953289365,55.19098486690445,55.280766661989816,55.35872718371025,55.4243273031429,55.48048175344092,55.520269982260956,55.54535609133622
34.23273002658567,34.44276311631956,34.663086317558374,34.8947962418186,35.136757243924514,35.38809044827016,35.64916597476639,35.92102132680672,36.20683291964949,36.51160891820637,36.83960112769237,37.189924407441296,37.56110731588442,37.94735848141061,38.33631183569085,38.734963434283536,39.125131109764695,39.47649098571816,39.82530173920721,40.14670123789522,40.432175606539644,40.66829672426668,40.87204873346944,41.07529696892634,41.208027592307396,41.3249019727668,41.431772460342785,41.534457117898235,41.63833920135075,41.74622223223182,41.86177205826134,41.990910104366606,42.1413130293336,42.319152450814705,42.51918783968297,42.7348364727343,42.96049247092221,43.18683841216564,43.39280696195231,43.607419082606,43.806805798326856,43.984406373706385,44.118261919549006,44.224075512616814,44.242297094135644,44.249472807313,44.22871569578679,44.19717392459868,44.1489409527756,44.094590595170594,44.036800278623325,43.99239757273101,43.974720788490046,43.979449571359595,44.02360530177796,44.0824342203378,44.15970396383121,44.257089315165906,44.36317883189814,44.47752969713379,44.587908737655425,44.69072755185559,44.78563005628673,44.85162815263052,44.91051902991669,44.95367529134546,44.96372965486638,44.946447244450816,44.90421171528543,44.84079023744599,44.77233763487604,44.69297775625974,44.61764715438613,44.55204020027389,44.519442555682645,44.5259913123884,44.56897439373215,44.6453628178791,44.752472727583246,44.88775794816912,45.0491981186461,45.235240200094374,45.44247530589914,45.660233181545124,45.875792374152184,46.0785443901907,46.26195228507221,46.4230357385626,46.560532314986645,46.674118686198405,46.76453391804518,46.82852096273944,46.85967762686315,46.86635662280983,46.86663416606207,46.87229400955848,46.891035160555454,46.92230817722953,46.97247997183826,47.05065345336966,47.176938995775714,47.34770910277435,47.526547132035475,47.712611073743524,47.90638949406827,48.0591329456464,48.21112415185262,48.361886428730465,48.44086737678764,48.48246183416282,48.493373326208115,48.47291691088968,48.42897578694553,48.367897321318516,48.295754129171016,48.22593539482059,48.17322887780378,48.14382158617144,48.14168120805687,48.16720381700822,48.24958964108798,48.3625397053621,48.514354492291076,48.68287957799465,48.90225644716033,49.1297839554849,49.35015796519102,49.5501837435904,49.72670219358867,49.88102835518329,50.00776256363415,50.09923045527565,50.17126868161942,50.20968307554724,50.229935382009955,50.22368790497513,50.20233215386814,50.16950307677616,50.13406392418649,50.10816470267485,50.10529916133268,50.132378755935015,50.201730727567565,50.31388952903006,50.451894688175464,50.605916342666596,50.75012990917635,50.88255998406398,50.98418415418522,51.04408870465791,51.065265609278185,51.05080366811279,51.008029313044254,50.93219221334352,50.855325918039256,50.739495124115834,50.57154717450334,50.41719827206846,50.28976145734881,50.21565547946605,50.15226981821787,50.1186208522619,50.12486703537871,50.19458368486467,50.330294332057186,50.49422628944834,50.65320998466393,50.78260287993455,50.875093652855476,50.928854732475756,50.948281246393755,50.937050980497524,50.89598926034398,50.830720334290554,50.736979145809755,50.630318745304265,50.52558554050043,50.43492510415811,50.37749047532161,50.34795225036828,50.34112729576987,50.344882470419,50.36219508386347,50.397627035501664,50.451951677594714,50.52457534622934,50.61263985115078,50.71587763326185,50.831693111186304,50.95129213073214,51.054884843257895,51.127084015355926,51.17024798012047,51.18820283573357,51.187344192774674,51.17125479190254,51.142948280523534,51.10678940914026,51.078204742255714,51.06306045649201,51.081370506847506,51.12669502215795,51.20416871852788,51.30778256450431,51.431274658122106,51.56922731579514,51.71680052074477,51.86873182457194,52.01847981485893,52.156363107227406,52.28276192519922,52.38670618179143,52.46322744297811,52.5037832327107,52.51691481927003,52.509637653437686,52.48797458226584,52.45695870273753,52.423311497918625,52.3933670190299,52.37363841575761,52.365166117204716,52.38025331013986,52.420587201212484,52.469444407948174,52.53186005060301,52.60576448261821,52.68918733581607,52.780169610406,52.87665911004199,52.976495515434685,53.07683722946673,53.17382664069157,53.262626582342826,53.33934111217798,53.40132729551942,53.44684178233209,53.475604906536546,53.49097363148185,53.49664816819166,53.495805741160346,53.49141900451153,53.48634410830304,53.48337772151132,53.48448330645141,53.491474497374625,53.506222109100584,53.53055341699655,53.566131779855525,53.61481780940856,53.676487312270396,53.75194264024512,53.84197539514541,53.9442453672551,54.06031559487805,54.18965367683145,54.322997838488185,54.455156545382664,54.587192784301514,54.71861224585113,54.846979561121444,54.9657736901537,55.079958635965994,55.18408358563143,55.27700992793114,55.35793680954932,55.42624058156515,55.48495380698661,55.526797937387514,55.55379576899133
34.17483896157842,34.38314284680124,34.60122528196811,34.830296099130734,35.0692994530697,35.31747859638895,35.57537632003519,35.84420670458944,36.127294036866196,36.42983956958325,36.756348120643324,37.106190407617625,37.478134436694866,37.86644826561704,38.25851392218974,38.662000645947934,39.058210155088574,39.42021087706708,39.777531389589164,40.107625653765574,40.40179713076453,40.6461894582125,40.8567166246343,41.061680575496595,41.19948404556127,41.32020634362659,41.42942071850456,41.53276351673842,41.63552360231838,41.7408432702263,41.85287320252307,41.9780361257461,42.124524937673925,42.29899190939041,42.496503116668684,42.71076175697942,42.93647240555807,43.164504884571436,43.37892699716831,43.60043820058447,43.808014640097774,43.99378172934057,44.13609028084924,44.24548491787401,44.268350676208755,44.27949345340232,44.26133368380201,44.23142447558503,44.183234907775145,44.1272191210897,44.066239051399144,44.0178446816463,43.99579710021017,43.99578287755689,44.0353232115407,44.0894888365295,44.162518082248155,44.25643775021491,44.36006701029262,44.47316615241209,44.58369106091924,44.68837283984056,44.78682240648911,44.861532482076846,44.925319365097884,44.970676788088255,44.98578931520228,44.97231850066751,44.93207589977802,44.868602871556234,44.79898959162814,44.7172815737114,44.63799918328653,44.566778191691384,44.52785362812102,44.52763254899377,44.56344951704954,44.63254670574549,44.7326650864862,44.8617875100663,45.018479838456564,45.20180542579323,45.40884439309543,45.628763553187106,45.848352390281605,46.056395546214006,46.2457736481737,46.4130417343823,46.5565845391692,46.6758157752833,46.771310402843724,46.83959652595196,46.87365542413525,46.88136696765303,46.88110208211491,46.88528446215719,46.901802271455274,46.92952271201538,46.974436384181644,47.04636748617792,47.166524842998825,47.333009711019336,47.5088120398517,47.69332644532627,47.888112174920835,48.049510130161565,48.207645312163955,48.36072604622672,48.44747593459736,48.49625032247427,48.51359131640239,48.49812165043799,48.457132695438915,48.3966253972144,48.322628262438506,48.24919671777662,48.19168672139108,48.15647032208952,48.147605320403464,48.16554027479301,48.240341921499024,48.3458950554222,48.4933919387997,48.65856171413232,48.877253695591364,49.10633409512984,49.330347298014914,49.535566363492975,49.71814208304677,49.879135529125776,50.0129325417515,50.11195048203567,50.1876067757483,50.23186630560574,50.25548814347634,50.251121624772935,50.22984646993989,50.19517667101823,50.156455257016184,50.12626742455468,50.11858484091538,50.14080855762467,50.20596089703326,50.31505887923047,50.45134308568635,50.60566024648533,50.75122000633625,50.887114466352806,50.99432954297818,51.06111981642853,51.088918558665924,51.08015398741797,51.04225140141962,50.97020426662253,50.89627884064924,50.78205393525694,50.6114899339613,50.45346122845161,50.32165173290392,50.24368601002709,50.173698691648184,50.131590348915,50.12914578244999,50.19194521124554,50.32418406631181,50.488084670651126,50.64954254040679,50.782943811824246,50.880554907413426,50.940188578693046,50.96585795195429,50.960726211894574,50.92467225492773,50.86292746537383,50.77086943649364,50.66416887885924,50.557891879965815,50.46430163771778,50.40304984974209,50.36892389197689,50.356952199573826,50.35497907799246,50.36636417425015,50.3961864218967,50.445657872831895,50.51459206774174,50.60047309753917,50.703427596097384,50.82120925322081,50.944886589052146,51.05369889855663,51.13123991819348,51.17924810353557,51.201194922089726,51.20325449744035,51.188707449801214,51.16032558679782,51.122529048404765,51.09127214516713,51.072670939348804,51.08724713524561,51.12836733195492,51.20149554573145,51.3009145786823,51.42069355840083,51.555766762198274,51.70164492678049,51.853386145735755,52.00471404853614,52.14597525707485,52.27740904695633,52.38723890631179,52.46984164722293,52.51579928523634,52.533582624123625,52.53004526970707,52.510949833597685,52.481066509778344,52.44707291215123,52.41561880210946,52.39352759891616,52.381942894689246,52.39352815436098,52.43010882360766,52.47486676367304,52.533167955953374,52.60318438416757,52.6832135085075,52.77156921309082,52.866462396409695,52.96597484738837,53.06747020406822,53.16712759718478,53.25964317035765,53.34055934126491,53.406733296848216,53.45598644895486,53.487718994828604,53.505245403297685,53.51226262557391,53.51193715435622,53.50724700615005,53.501050956742134,53.4961577359004,53.49464432436891,53.498458252301965,53.50959757060942,53.530012667451814,53.56147749973355,53.60593679829438,53.66345396478917,53.73504901296509,53.82174414118991,53.9214399365429,54.035829862516714,54.16444642730872,54.29802511419399,54.431218803968015,54.56498011345177,54.698724996050395,54.82989307229396,54.951671428644886,55.06914767756199,55.17661419301484,55.272822400723136,55.356872281356466,55.428047868983604,55.4894467593945,55.53352167057437,55.562672307449915
34.117345807672564,34.324025153975796,34.5398873424356,34.76626195132011,35.00219553615897,35.24707353806482,35.501621730788315,35.7672361121177,36.047392281956334,36.347484380735295,36.672267898333864,37.02137154437641,37.393804307772186,37.78390852151997,38.178893031950004,38.58693687570072,38.988991315377376,39.36192267425109,39.72786175206235,40.066869109312194,40.37004766518735,40.62320067974647,40.840846255361875,41.04728171370515,41.19058305166732,41.31548603965226,41.42729350960592,41.53146210940757,41.633183574134925,41.73595250060809,41.844414919913106,41.96549241637606,42.10788071598069,42.27870420350293,42.473365224950996,42.68589064779291,42.911333168679676,43.14081459262665,43.363791635915454,43.592199508977394,43.80806147474569,44.002118042385334,44.15315256060818,44.265962325394916,44.29400882493686,44.30938829114069,44.29414398592085,44.26613328592399,44.21824459956974,44.160708622003106,44.0966617048226,44.04434565351314,44.01791987572425,44.01312627758728,44.04782338045125,44.097111781353284,44.16565868754717,44.25581552894508,44.35670344060254,44.46826817730882,44.57874264679919,44.6852031850115,44.78720957828524,44.87091983428294,44.939736052927714,44.98734353567532,45.00777409060764,44.99842833276208,44.96048241283733,44.8972251662795,44.826654346253044,44.74281123681035,44.65967543551842,44.58292971129789,44.537678194458934,44.530591449404646,44.559062854432426,44.620620670626444,44.713450081139776,44.83608478099778,44.98769754814067,45.16798765855585,45.37454415671993,45.59639091252449,45.81984702596554,46.03310275865744,46.22845966782612,46.40200475279423,46.55176204844236,46.676863685848204,46.777692846543005,46.850565003539955,46.88784965897853,46.896906343442026,46.89633684484723,46.8991908845266,46.91351404923392,46.93763491753966,46.97717560931233,47.042674609244905,47.156349974913724,47.318014475109145,47.4903454240586,47.67293426594887,47.86836735377755,48.038636500522344,48.20297301167012,48.35809063721062,48.45291011802761,48.50926805500666,48.533443282402224,48.52337176163399,48.48571662609747,48.42611055181374,48.350531563108305,48.273687367072085,48.211470280986426,48.170439945555245,48.15476283680707,48.16498914537216,48.231880114976356,48.3298352189454,48.47255113020499,48.63407024144723,48.851663372484566,49.0819906754509,49.309435081671545,49.519756775684876,49.70840738967485,49.87617341376018,50.017242303348596,50.1241521191032,50.203622770810426,50.254013135001195,50.28125172296707,50.27902147638566,50.258016493249855,50.22160546242099,50.17963550618086,50.14512661195059,50.13252357018789,50.14972850891214,50.21043392802885,50.316128326732326,50.45031247517417,50.60448223348307,50.751157417741915,50.89035229105938,51.0031597425902,51.077020704223195,51.111701180540734,51.10895732931107,51.07624784840409,51.00833077023024,50.937539599675986,50.82503351414176,50.65230654724144,50.490682652378666,50.35458523930864,50.27277851903282,50.19612335469589,50.14537278426299,50.13398630138972,50.18949941052417,50.3177864973041,50.48120279151881,50.644782821750354,50.78201915074794,50.88479017501395,50.95051109121753,50.98269201546715,50.98393501731547,50.95321420104414,50.89530621743095,50.80523737573258,50.698769594833216,50.5911785587394,50.49483160882389,50.42977390453934,50.39095397635239,50.373630676373665,50.36571816400249,50.3709574231496,50.394931419726696,50.43930011072639,50.504296076822044,50.5877720377115,50.690269521396644,50.80991841668489,50.93766230895477,51.05178348739897,51.13485230783923,51.18794250043932,51.21414828882555,51.21938895961244,51.206638758195005,51.17840355307367,51.139183142354824,51.10538516069546,51.08340432514286,51.0941558210534,51.13094734799347,51.19951787002693,51.29446855754826,51.4102287312533,51.54210804102606,51.68598737649956,51.83726868746196,51.98997434932051,52.13454133942616,52.2710084067129,52.38682480012414,52.47567498285588,52.527315613111845,52.55007754500745,52.550616412485255,52.534406281016885,52.50593091377359,52.471790317957094,52.43895438840355,52.41456822289552,52.399927890405436,52.40794452418451,52.4405653950877,52.48102911918142,52.534983423824315,52.60086020346416,52.67724201931431,52.76273074656388,52.85581510352612,52.954834779317544,53.057378015198964,53.15967952654035,53.25596854658081,53.34121491305862,53.41175834039936,53.464961797874096,53.499880606076076,53.519771610499156,53.5283199444068,53.52867659467552,53.52382157459251,53.51661257164772,53.509865805408836,53.505770855327775,53.50640856419896,53.5139026934877,53.530325074522686,53.55756149766501,53.597647227320955,53.650844633494906,53.71839597571896,53.80155890478268,53.898490804180064,54.01101910822818,54.13874108017175,54.272413664842446,54.40654217596321,54.54196229720071,54.677998071200136,54.81196770276553,54.9368078241449,55.057644494246716,55.168552595802794,55.26816889719821,55.35548813958566,55.4296947238315,55.493901067840746,55.54037588407911,55.57191219811627
34.060210377168225,34.265373556273055,34.47904486773587,34.70267910744399,34.93544601980686,35.176891550939715,35.4279334580904,35.690154089421576,35.967183503053135,36.26460836254538,36.58743238406658,36.93554438239102,37.308195910670264,37.69981817331127,38.097522370313975,38.509842748290204,38.91753809235391,39.30161788964201,39.676255797268674,40.0243640674773,40.33682868434866,40.5991938969172,40.82428804108845,41.032022182441146,41.181231556483475,41.31064163124171,41.425292476452995,41.5304622478035,41.631242294448306,41.731491194927756,41.83635895027651,41.95326224125354,42.091385310506126,42.25831513220537,42.44981831964866,42.66028134724756,42.8851407994091,43.11583177042867,43.34739283023628,43.58265949974137,43.80686820840559,44.00931903767685,44.169334943728956,44.285447086220344,44.319187332288074,44.33906851392239,44.327053687660204,44.30120769106833,44.25388066397286,44.19498162537156,44.1280042693581,44.07185031231132,44.0410523705979,44.03145375738565,44.06109687064205,44.105307045314895,44.16914078233266,44.255248550565646,44.35312130824218,44.46287431658491,44.573101013085406,44.68124744898716,44.7868061853196,44.879739536795434,44.953705453432626,45.00363305396039,45.02962396931251,45.02470211896945,44.98934952452646,44.92657586181456,44.855254584505445,44.769493762934445,44.68261567234344,44.600447660796384,44.54888418631373,44.534852228489626,44.55581607363307,44.60960441640541,44.6948647954167,44.81070196939499,44.95691470035224,45.13385616792415,45.33964312650072,45.56317688372289,45.79032590997979,46.00869982394842,46.21002564791113,46.38991993811775,46.546039105609076,46.67721644744327,46.78361780977654,46.86135016547881,46.90217741696438,46.912891893706,46.91226121426376,46.91394441408503,46.92611479661133,46.94660630266163,46.98068014104434,47.039579819364235,47.14644518310078,47.30278094138102,47.47121992442697,47.65151430966632,47.847235655563274,48.02650606297188,48.1970716042784,48.35399308128406,48.457152235758784,48.52146924022247,48.5528623323499,48.548585562437395,48.51463860173509,48.456263897189594,48.37938128616463,48.29933467709117,48.23252022428692,48.185687247232444,48.16312861633652,48.16554268473102,48.22422115664658,48.314390169045566,48.451881177816226,48.609459696587805,48.825544598693114,49.0568080387423,49.2874655355868,49.502784529430365,49.69751021584334,49.87213503083424,50.020663311892484,50.13577732981881,50.2192807622481,50.27604916533541,50.307147677472905,50.30730839623546,50.28676927595251,50.24872947098226,50.203560994077506,50.164716900360766,50.14710919020662,50.159150236908175,50.21517694670177,50.31713881740514,50.448853908745086,50.602441759727924,50.74999633643568,50.892317028660166,51.010698754216975,51.09178931917723,51.13358778063676,51.13716754540925,51.10995793118594,51.04650096116812,50.9790300303384,50.86831860214094,50.693934298038265,50.528816208115344,50.38852500315828,50.30290054370758,50.219527045888846,50.15997658151278,50.13942232671197,50.1873015677051,50.31117049910988,50.47365190693347,50.63899611537638,50.77988091938727,50.88783011152301,50.95982619386184,50.998762473472425,51.00663617142411,50.98155686284455,50.9277882831468,50.8400111243435,50.734050586311035,50.62537915960598,50.5264533431328,50.45761144072458,50.41400557054171,50.391143204690096,50.37709633738509,50.37598601628959,50.393886374806726,50.43291363796576,50.49373043393769,50.5745829998943,50.67644709241211,50.79785427689825,50.92963649260967,51.049135510971624,51.137897394959985,51.19628958034966,51.22700704293322,51.235681785529295,51.224977766107564,51.197112311616266,51.15668625978441,51.12048781825574,51.09521560305486,51.102068277128744,51.134421073600656,51.19823660504803,51.28845983186069,51.399908106554655,51.52828885855335,51.66987179344628,51.820425167747516,51.974302505282544,52.1220911051035,52.26357440193851,52.385459659672705,52.48070484113485,52.53828999586385,52.56633991428831,52.571277755834615,52.5582620573889,52.531467352581735,52.49738308439705,52.46330154258685,52.436698377974544,52.41906742491973,52.42346085272645,52.45193255883367,52.48792148109081,52.5373106289728,52.59880906676413,52.671300734990545,52.753689766640804,52.84475666086537,52.94311404436407,53.04659329285785,53.15150308692278,53.25160699947365,53.341293472507004,53.416369425921864,53.47371859089747,53.51202873905988,53.534484189768065,53.54474930227418,53.54595419192552,53.54107680430328,53.53296938678715,53.524450632341384,53.517821446023866,53.51529509501623,53.51911925433323,53.53148522986549,53.554391460606546,53.58996971466462,53.63869187495755,53.702026531893274,53.781471116728795,53.87545473250305,53.98594206047228,54.11259522867252,54.24621627711115,54.38117158554913,54.51817444142788,54.65645568438531,54.793216247096254,54.92118193402371,55.04543650218955,55.1598747007433,55.2630142341887,55.353738924690965,55.4311267045421,55.49825718950159,55.54729528015939,55.581441932394675
34.003392482365626,34.207151572122854,34.418670226643926,34.6395328765597,34.86905143062789,35.106948912655604,35.35434275300608,35.61300517653116,35.88672354828983,36.18127652589636,36.50191350114413,36.84878548633484,37.22138822694294,37.61425614518277,38.014475142624015,38.43078888846474,38.843913987741026,39.2392880356116,39.62267649585012,39.98004299120312,40.302041662789016,40.57403261777333,40.806892397250365,41.01582378059367,41.17133650586771,41.30557368879276,41.423319261851915,41.529673283824046,41.62962294090641,41.72740062473583,41.82866703345841,41.94132886537555,42.07504366750237,42.23785049455085,42.425906555880445,42.63399205741621,42.85796133686838,43.08962065207485,43.32972253217334,43.57177466483297,43.804356747212346,44.01528844005134,44.184523615114614,44.30387855139115,44.34380199023055,44.36844531514172,44.35996987453698,44.33655502647082,44.29005373679797,44.22996065865587,44.16020277547005,44.10030848202064,44.06515784039674,44.05073930288676,44.07513474424554,44.11407861892001,44.17297936920899,44.25476271428587,44.34935379862587,44.45702311500135,44.56680367756799,44.67653449338632,44.78562684123664,44.887940917160996,44.967163926639074,45.01950286279726,45.051278939547004,45.051065237524554,45.0185955049085,44.956573698360174,44.88471299214,44.79725616946156,44.70675965502318,44.61928494188981,44.56143953530281,44.54039910111736,44.553710842403675,44.599517646965836,44.67694631318974,44.78569128368939,44.9261947477451,45.099480223440054,45.304209832165874,45.529183090947924,45.759838671100184,45.98322053851444,46.19048689231034,46.376782434672286,46.53938997347234,46.67682808961867,46.789021853177914,46.871875781743846,46.916555783664144,46.92924076197412,46.92879795036928,46.92947618825078,46.939548816307436,46.956398376240465,46.984932473191655,47.03708811332946,47.13684125914041,47.28736665617218,47.451508180727686,47.62914635053369,47.8247977052028,48.01311282375334,48.189905443896166,48.34844625804894,48.46018459647125,48.53280808658425,48.571781574387785,48.57368137080796,48.54380964516564,48.48699654541503,48.40909468659164,48.32606598221802,48.25477721898967,48.202169017784875,48.17267751806066,48.16719314885495,48.2173819816363,48.29958987883656,48.43143119294264,48.584784616202406,48.798956495070165,49.03084052729829,49.2644828791865,49.48467917399367,49.685462663922664,49.86701340209576,50.023167030850246,50.14676807752313,50.234544845503635,50.297899998210134,50.33309756398468,50.3359033207445,50.31603187020219,50.27648871669984,50.22818804310319,50.18501292528341,50.16233554202797,50.16908536872354,50.22021707919941,50.31813129711844,50.44701843850521,50.59959828128798,50.7477909554598,50.89305224963168,51.016970579054174,51.10542361242592,51.15455266468815,51.164738487329686,51.14332092695343,51.084644076437705,51.02067196785539,50.91179394062507,50.7363104700463,50.567815559927354,50.42343405104815,50.33401962127576,50.243893003754806,50.17541016387125,50.14548759293089,50.185406967792936,50.304404945805,50.465503271777145,50.63224770796668,50.776581140423986,50.88970537280657,50.968137810438655,51.014048362510145,51.02878844888448,51.0096420044803,50.96030535520633,50.87511884314327,50.76994154637753,50.660427265350265,50.559105166300945,50.48651125930901,50.43804174159178,50.409470263043836,50.389110207076186,50.38146113939793,50.39307563295183,50.42653370123756,50.48293819955614,50.560952312314086,50.662003992396365,50.785050509180564,50.92082634218652,51.04575187046134,51.140351390222534,51.20424775278448,51.239715291405,51.25206718142924,51.243653522562475,51.2163819946908,51.17497296948745,51.13652414726305,51.108059762265654,51.110956216329484,51.13877451210347,51.1976526644284,51.28290373237808,51.389759614180015,51.51434692105508,51.65334210116492,51.80290130458936,51.957740304492766,52.108654304929026,52.25512143010273,52.383139281401675,52.48490861331768,52.54868021301898,52.58231006433297,52.591955973817534,52.582435295579224,52.55759126406127,52.52377058053192,52.48858802933398,52.45985615443207,52.43930781879852,52.440035573102875,52.464185958026604,52.49553385601868,52.54015374615583,52.59704810032377,52.66541752229028,52.74448182913714,52.8333264979015,52.9308513756698,53.035148667043764,53.14261893649646,53.24656281749747,53.3407806645579,53.42053355316475,53.48220758983271,53.52410239256099,53.54931507778621,53.561479876759904,53.56370007591354,53.558946789746635,53.5500618359278,53.539860919002706,53.53075464315308,53.52508750670437,53.52522902974372,53.53348772513651,53.55197507551477,53.582924878501785,53.627028245747006,53.685983684874536,53.76153220783324,53.852388483848436,53.96065744770883,54.08606646606299,54.219485737677765,54.35515195690675,54.493651652012865,54.63412204869084,54.77365149984624,54.90479281565122,55.03251111755984,55.15055641458438,55.25732322852695,55.35157917712632,55.432289369548734,55.502455581553185,55.554214561072826,55.59118800168943
33.94685193556497,34.149322719954995,34.35873578793476,34.576808567724505,34.80301229523658,35.03726190085441,35.28088086659998,35.53583391347653,35.80606826579967,36.09755388167112,36.415783172869155,36.76117142088126,37.13346023814412,37.52730136132628,37.92982455422247,38.34984592097263,38.768182503261535,39.174924624531656,39.567086818448615,39.93383834343186,40.26558807504892,40.547580350363454,40.788509739283924,40.99860830705188,41.160804845677916,41.30018278270329,41.42127550860883,41.529004569367,41.628248691157154,41.72362206158284,41.82130090930389,41.929675553739116,42.05886073322166,42.217336089592486,42.401674088765134,42.607080980371705,42.82986082017959,43.062245471662585,43.31077269376916,43.55950149620882,43.80044899730089,44.01992997434502,44.19860475966828,44.32119607194816,44.36776859073245,44.39742988819297,44.392799632068055,44.37208262758424,44.32667445385855,44.265568249316786,44.19319325362284,44.12966998662089,44.09019954068639,44.070956900025465,44.08992806339418,44.12343049267433,44.177189450780574,44.254383919314996,44.34543409716791,44.45075311731908,44.55988815803706,44.67109317982772,44.783686159680855,44.89547330292624,44.98004783257353,45.03491048203968,45.0726789895412,45.077443066662305,45.048138624046544,44.987137416115125,44.91495225491144,44.826025473769576,44.732047144819255,44.639394456281096,44.57531217304351,44.54721628215643,44.55274882849649,44.59038006619113,44.659731718331635,44.76110493231239,44.895601142973106,45.06492909464552,45.26831280344351,45.49447115836519,45.728434938102495,45.956698698782915,46.16985870490539,46.3625873867772,46.5317889148351,46.67565264192455,46.79384153738068,46.882065622310435,46.9309018446492,46.94587009177557,46.945869813168564,46.94571734444213,46.95376041104222,46.96697264713539,46.989915099568286,47.035204487934195,47.12756899461297,47.27182916581984,47.431282832731576,47.60591016260599,47.80113412762102,47.99845078910983,48.18143888443069,48.34146304710717,48.461989508845456,48.54323880255443,48.59013411665818,48.59857750470542,48.57314077920295,48.51821960856314,48.439589019373486,48.3538086168368,48.27818193279174,48.219842047876405,48.18338440104826,48.169932793729345,48.21137952507216,48.285464321432194,48.411250286893555,48.560099536939454,48.7719581824689,49.00414248341312,49.240531331896534,49.46547025863908,49.67227683628333,49.86080154929247,50.02472492368897,50.15706632555674,50.24937911601941,50.31949123522717,50.35902293949319,50.36472718633493,50.34573132815337,50.30482321957155,50.25347297565491,50.20598932221672,50.178196466708364,50.17954553146896,50.22558145166921,50.31914671174168,50.444857116560726,50.59601125423134,50.74459546785661,50.89260152445038,51.021999218297495,51.117921535104635,51.17457013842906,51.19162400668954,51.176276112894854,51.122689353040485,51.06238724744588,50.955344270964794,50.77937234696005,50.6076343720804,50.45927540957356,50.366103288961725,50.26920446682165,50.19168195454526,50.15221583456053,50.183870895792204,50.29755871146526,50.45682814093187,50.62460288620298,50.772171836539755,50.89044661473062,50.97544986476059,51.02852871912045,51.05035062436049,51.03741139010268,50.992789126294426,50.910488692948796,50.80637216811755,50.69625645875701,50.59272540398473,50.51642216130389,50.463025556549525,50.428592329955606,50.40175638201177,50.38739397820238,50.39252353997704,50.42019554722934,50.471962434144785,50.54692630319741,50.646983904601925,50.77154078885152,50.911249059854995,51.041629467054804,51.14219050429367,51.2117754272617,51.25221714123309,51.268479353550624,51.26259507658337,51.23614273456246,51.193977840257894,51.15343817713245,51.121891791955974,51.12079135151346,51.14399366682893,51.19776696180171,51.27781558985895,51.37981118400457,51.500319934806136,51.63644222319971,51.78474281598444,51.94032953502168,52.0942606897249,52.24566388867508,52.37985946175526,52.488263690662215,52.558444044103865,52.5979283275082,52.612577740496405,52.60684412845328,52.58421808607061,52.55087217542249,52.51474161331963,52.48397964254692,52.46059539260822,52.45762711842981,52.47730123584753,52.503856250582565,52.543516950130396,52.59559443039928,52.65962024796758,52.73514248986853,52.8215640441086,52.91808550637666,53.023076767755605,53.13304773342589,53.240840289113564,53.339662134159155,53.42421772187702,53.490379556487554,53.53604056536033,53.564196211235426,53.57844084544784,53.58184437644687,53.57736562538694,53.56783035283697,53.55604536769755,53.544528993411355,53.53575546121398,53.53221379631695,53.536327151992026,53.55032002934628,53.57653333700887,53.615886302433175,53.670310438049256,53.74179360890109,53.82934882055273,53.93522399839768,54.059212385595075,54.19227483321986,54.32852821421699,54.46842903483527,54.61102137720169,54.75328625557559,54.88763952639744,55.018855756526996,55.140573644074124,55.25106069704533,55.34896343734581,55.433128277284716,55.50643670117174,55.56106842907711,55.60107689740478
33.890548549066445,34.091850518199315,34.29921392038343,34.51449148999573,34.73732914024745,34.9678467931781,35.20757904993675,35.45868484028779,35.72527350371587,36.0135054407525,36.32911332254428,36.67277875070365,37.04449092582765,37.43903274593365,37.84364381045166,38.26708447056223,38.69040714063827,39.10851916877398,39.50944973570612,39.885682587105755,40.22736939566892,40.519700602736215,40.768990482625426,40.980297560704884,41.14954352177205,41.294369483371135,41.419062859529866,41.5283654563302,41.627042722848444,41.720096777019336,41.81422231765804,41.918285571341286,42.04284145391615,42.19679771638339,42.377165073421494,42.579606318186855,42.800905288464755,43.03377046328919,43.29053526706629,43.545796485825484,43.795066864806145,44.02314736539407,44.21146456229303,44.33733899893217,44.391002925761924,44.42593342647042,44.42545004577036,44.407697829861384,44.363653450968094,44.301726924815114,44.22691173428087,44.15988465009187,44.11614072703243,44.09208053473658,44.10546789022039,44.133366657083585,44.18178602965183,44.25413806486226,44.341395389282596,44.44410286829906,44.55239197228273,44.66495236993014,44.78099875429673,44.90228602163786,44.992293531262455,45.049813431541395,45.093764107525175,45.103760984617615,45.07789715200369,45.018185755278175,44.94589505857443,44.85572869323634,44.758417902993315,44.660729105673234,44.59047003115323,44.55528798647547,44.55293169966376,44.58221137796477,44.64325809471513,44.73699512369548,44.86519733869004,45.03027205108246,45.232020570061714,45.459102710140314,45.69616433976252,45.9291681011813,46.148156389577885,46.347329938751855,46.52321019250035,46.67364413391108,46.798013423018396,46.89184345715388,46.945132685490904,46.9626970266395,46.963399562666346,46.96259902007737,46.9686938835356,46.97829062420565,46.99561051398821,47.033933939972016,47.118659181098856,47.256226016661216,47.41061652020947,47.58188551993822,47.77632554774277,47.98251396528454,48.17163627978932,48.33305632806061,48.46254928156175,48.552715596595526,48.607853067303445,48.62319228208952,48.60254302666092,48.54984419870697,48.470781539494354,48.38248991533167,48.30267503339024,48.23866312817078,48.195224124368195,48.17375387533955,48.20623072208074,48.27204346994636,48.39138757097819,48.53545899544734,48.74460878174245,48.976768249381,49.215655113142724,49.44518733263084,49.657964835295736,49.853492494172166,50.02530845387573,50.16661403726026,50.26374766923774,50.34074847798828,50.38484536098923,50.39370092942892,50.37579470196044,50.333672999595244,50.27937211412969,50.227620726658934,50.19468580530418,50.19054235225519,50.23129719025858,50.320226007144406,50.44242099501775,50.59174013462609,50.740464066668395,50.891008423592766,51.02580867314261,51.12928103834865,51.19361450759366,51.21777795510598,51.2087627661985,51.16056602797797,51.104097704328794,50.99885433453072,50.82305721247408,50.648226308840215,50.496012105329825,50.39911908398983,50.29544467361718,50.20880037674171,50.15964078611502,50.182748636707466,50.290700670166515,50.44769776927971,50.61612693676709,50.76670503041631,50.890084493161105,50.98176628064032,51.04218257984335,51.071281472516084,51.06480678386309,51.025171289096,50.946048834576956,50.84327214461595,50.73280032261096,50.627252381840485,50.54729294772041,50.48892008246184,50.448489883946095,50.415031471127826,50.39379571843076,50.39225444169744,50.413934422628635,50.46084619817109,50.532551300770784,50.6314305122813,50.75735879123081,50.90092184778478,51.03676520193876,51.1433909478402,51.2188310132992,51.26445669940971,51.2848525081318,51.281731477193894,51.25632466349646,51.213635440889654,51.171173937279015,51.13666668130661,51.13154539553852,51.150064541104086,51.198580410801675,51.273210735061795,51.370090745903475,51.486245606081354,51.61921608309494,51.76599541992968,51.922111984939804,52.07894001031329,52.23521617512516,52.375615997177654,52.490747464426335,52.56753926864513,52.613135036180765,52.633069729933574,52.631406688876595,52.611263256468234,52.57860723812962,52.54169005921844,52.50900693259799,52.4828764669152,52.47619392182333,52.49125403547754,52.51287867139994,52.547404415653475,52.59446518324691,52.65393677877654,52.72570730465057,52.809508728960736,52.90485516962649,53.010410224992256,53.1228101358755,53.23444370278326,53.33792352625863,53.427388931807684,53.49818525266972,53.54778225623887,53.57905952679748,53.595561385921805,53.60031722333283,53.59626740568852,53.58621537128206,53.57295268073063,53.559103043494595,53.54726862049565,53.54005533065066,53.53999810208836,53.54943400905774,53.57081570836221,53.60529860158601,53.65504979480397,53.72230675073736,53.80639250495251,53.90970044099865,54.032090580520745,54.16463635041512,54.301345281660794,54.442541695774615,54.587177883002795,54.73213330884446,54.86972112363224,55.00445783526036,55.129902295960555,55.24419145657619,55.34584624580339,55.43358898618329,55.510141005533406,55.5677915864298,55.611035110945075
33.83444213517024,34.03469848528564,34.24007699276494,34.452566952430644,34.67200249227503,34.898719867268625,35.13446855408097,35.38160249699498,35.64439511017169,35.9291962140234,36.241975873472114,36.5836840404754,36.9545592715474,37.34952922319669,37.75600611665398,38.18257516198184,38.61065140159405,39.040063180710376,39.44972821826456,39.835508185167015,40.18728709918957,40.49025688294023,40.74818504271118,40.960813340441824,41.13745948000806,41.28803436119417,41.41658295742114,41.527665296611474,41.62592821362816,41.71676604259588,41.807392998365955,41.907142183179076,42.02699077583805,42.17626117397667,42.35242366496831,42.55162627293448,42.77116078084594,43.00425986105208,43.269002204107274,43.53061612563954,43.78813225586304,44.02484433803468,44.22298920789194,44.35224668338403,44.41342078728711,44.453867123368376,44.45782820116075,44.443307968755,44.400901363940044,44.3383592126116,44.261294247908545,44.19090229641338,44.142944655000484,44.11408419295491,44.12174528685661,44.14389110265345,44.18678410842711,44.2540510501369,44.33727086038424,44.43711091270223,44.54435263809509,44.65814092531234,44.77757923872875,44.90832840084249,45.00383738273233,45.0641692311562,45.11447428172901,45.12994436962542,45.10778935884301,45.04963745604808,44.977464088883664,44.886292845239744,44.78581169080697,44.68324179176914,44.606881041249366,44.56459842894312,44.55426112365768,44.575031286170145,44.62756252621298,44.7134140662701,44.83504678754976,44.99557836229281,45.19540166174853,45.4231393704389,45.66307650485611,45.90066254213708,46.12539525020948,46.331005234915644,46.513628069271064,46.67075659512844,46.80147407072462,46.90113305624958,46.95916539176063,46.979638710095124,46.981309958867385,46.980052352574816,46.98429353650756,46.99031381631043,47.00200121026545,47.033281466236474,47.11014261017844,47.24061475503353,47.38958188293221,47.55715219658543,47.7504525904929,47.965296358520575,48.160461983879365,48.32323898051119,48.461846223300554,48.56119267717005,48.62487153446588,48.64744402091996,48.631927410353406,48.58178142791962,48.50258950193843,48.4120372120868,48.32819718848224,48.25858904933185,48.2081715470893,48.178648649670905,48.2019525077887,48.259357297492876,48.37189215650584,48.51091752837445,48.716967413744015,48.94877216749621,49.18989844235096,49.4238599452332,49.64253876333037,49.8450792584826,50.0248890848776,50.175353175974294,50.27761460060092,50.361597328095264,50.41048638546361,50.42274548644864,50.40614904377782,50.36297807676873,50.30584178092456,50.24988177410823,50.21179739887185,50.20208745819298,50.237391421114935,50.321410129196074,50.439761125982436,50.58684437854035,50.73545094493747,50.88831651753533,51.0284229447852,51.13950007329328,51.2116600779161,51.2431541841962,51.24072016405259,51.19820333825165,51.14572517372302,51.04220887269349,50.867302350282884,50.68954503447248,50.53360716491229,50.433034543584455,50.32259686266922,50.22677385366745,50.16779618210848,50.18209547554329,50.283899695984616,50.43818341170272,50.60688514634079,50.760232744735305,50.888649663964,50.98709098189051,51.05498898121895,51.09153976801519,51.0917699499128,51.05738353629596,50.981727428844685,50.88057116895757,50.769992439696885,50.66262442552467,50.57907241956977,50.51568838637567,50.46914340353605,50.42893208336031,50.40067754581087,50.39229268392805,50.407785574123025,50.449632552102486,50.51787363326075,50.61538749868701,50.74253819163809,50.889861908145555,51.03115597629994,51.14392893152894,51.22537292041494,51.276378072927095,51.30112085141107,51.300991773417635,51.27685791375797,51.23388034017669,51.1896754571178,51.15233941949831,51.14319006126254,51.156973138255935,51.20009392506197,51.26910449874509,51.36062622975185,51.472161641155665,51.601707604394875,51.74670483442202,51.903129442317656,52.06272201751635,52.22379268692253,52.370404684113055,52.49233732586785,52.575923666169416,52.62787052271742,52.65335861619143,52.65604110971462,52.638642213112625,52.60689513771411,52.56936113170505,52.534876114864076,52.50609736228591,52.495694416399466,52.506020000097635,52.52259112508829,52.551820317482054,52.59367748512284,52.64839498147121,52.716211829298835,52.79719998193197,52.89119909856118,52.997181668752596,53.11192680200974,53.227377346967856,53.33555048580416,53.430014182705754,53.5055754401869,53.559266463977536,53.593836961154196,53.61277067576571,53.619048746378695,53.6155862251157,53.605157325030405,53.59053156040667,53.57443534009871,53.55959664650002,53.548735409342605,53.54449516708181,53.54932470160574,53.56579261073827,53.595297699775365,53.64024475852522,53.703123064147064,53.78357629938425,53.884145503971595,54.004758644091986,54.13662307594113,54.27364808341908,54.416024740710526,54.562615779179126,54.71020545421292,54.85103666472562,54.9893047699293,55.11851827699169,55.23668032395188,55.34218214295312,55.43361705467777,55.5135089518144,55.57431873538861,55.62098913371455
33.77849250617654,33.97783013964377,34.1812973738543,34.391020264086535,34.60703287793383,34.82989740076792,35.0615806300973,35.30463142362821,35.56348893330036,35.844691212366655,36.15444274895532,36.493963854869875,36.86374425685725,37.258869717307235,37.66698467817174,38.09638861997979,38.52897878785172,38.96954817271263,39.387885236765925,39.783247600557864,40.14524266015137,40.45911269902412,40.72594383497753,40.94007744515182,41.124459666243865,41.28107798657022,41.413737445088806,41.52681344210862,41.62482834114422,41.713571129862984,41.80077469127273,41.89622865424952,42.01131364523957,42.15575226142543,42.32749401852432,42.523199046687424,42.74069333644521,42.9737778990486,43.24616545693462,43.51391690760761,43.77956707660649,44.0249246171031,44.23306488136813,44.365858476344584,44.43493796727617,44.481142172281125,44.48984118375618,44.4788203797179,44.4383288285879,44.37538764016702,44.29627682497025,44.22267274956519,44.170574580156156,44.13694186061525,44.1387513154353,44.15500781988963,44.19219868971084,44.254148774348174,44.33309369588712,44.42981579528956,44.53580767326426,44.65068770759307,44.77344222662135,44.91354976808678,45.01461574700956,45.07793540073783,45.13474950038279,45.15591859992065,45.13773351462763,45.0814112586236,45.009582031593816,44.917644947157626,44.81416826952183,44.70688541627179,44.624513134949254,44.57513182442798,44.55673876823049,44.56885949469071,44.61268209669793,44.69041396846767,44.80521294220611,44.960917297818504,45.158524608232064,45.386642763426536,45.62922106215899,45.871215818077665,46.10159059068178,46.313608419587936,46.50301680795021,46.66694405512675,46.80416004113289,46.909858189572866,46.97291704902975,46.99661228567158,46.99952376177643,46.99800847935274,47.000503672678015,47.00300373230896,47.009069682213976,47.033252063521196,47.102050073432146,47.22505292727405,47.36825156067063,47.53178996660263,47.72359588079622,47.94679197506114,48.14788035060814,48.31202388406078,48.459862642742245,48.56862425274046,48.641122626287824,48.671251039156516,48.661204953094284,48.61394240827415,48.5349301616899,48.44237784148634,48.35468906576485,48.27957660202338,48.22220152828038,48.184609372708806,48.198561817322606,48.24743577718563,48.352813154785764,48.48652967236919,48.68909319932675,48.920208580052936,49.163305538947064,49.401517645710406,49.62601072275768,49.83555486397156,50.023438280161685,50.18322570503944,50.290944005551346,50.38196338714985,50.43586756990716,50.45178179381624,50.4367214057599,50.3926784710898,50.33283829843654,50.27274710006283,50.22952508846776,50.21419247639308,50.24389127038568,50.322740023766215,50.43692856156094,50.58138344204217,50.72961029570612,50.88456937675457,51.02986603442095,51.148576591073855,51.22868115513052,51.26770654557731,51.27208758364544,51.23553052086306,51.187191490847496,51.085292626823716,50.912045044081,50.73154421324293,50.57202361491622,50.46781720496997,50.3506442725056,50.245610808529385,50.176715757054964,50.181966697304254,50.27722466299532,50.42835632308293,50.596942801605834,50.75280700217847,50.886172783005286,50.991427892323806,51.06692695978729,51.11108428552175,51.118242652403204,51.089357560579195,51.01745263656883,50.91819893422725,50.80776639279948,50.69877986069362,50.6117093778632,50.54329353533793,50.490533367246144,50.4434548276452,50.40805064607051,50.39266261248397,50.401784248400034,50.438364556406405,50.50293962889385,50.59889854707157,50.72711266539308,50.87808644310697,51.02479869132505,51.143780666026636,51.231359558126776,51.287925368777465,51.31721858962681,51.320305014278205,51.297672617612186,51.25464710691295,51.20888676606388,51.16886499571185,51.155697061543336,51.16470546161147,51.202308418216255,51.26551221166733,51.35144556542488,51.45810574630396,51.583960710643765,51.72691677745839,51.88342369522573,52.04563646215624,52.21140782153673,52.36422131900565,52.49301066624467,52.583555016203334,52.642075119484964,52.673371073332355,52.68066552383282,52.66627039386221,52.63565524323676,52.597682595454174,52.561525279624036,52.5302043992867,52.51608703527429,52.5215747728889,52.53298361826511,52.556768830373144,52.59324846228333,52.643022722805675,52.70669161962895,52.7846772324964,52.87715602632261,52.98342372903553,53.10041838999309,53.21964551012866,53.332528657743595,53.432060474320245,53.51250088084685,53.57043218735729,53.60846045098739,53.62999789256335,53.63796907539178,53.635256178132806,53.62459664784937,53.608730709030354,53.590484429919584,53.57270920117765,53.55823580899054,53.549812938628676,53.54999979394692,53.56148466231342,53.5859161535712,53.625938332599475,53.684293979935255,53.760956966184516,53.85861791577634,53.9772741695607,54.108287796475516,54.24548154367281,54.388913275522555,54.537359278815615,54.687515486241125,54.831585207047475,54.97338397670319,55.10639749391564,55.228492116004766,55.33792566924898,55.43315804120144,55.5164809971909,55.58058457821113,55.63086545711753
33.72265947438554,33.92120899970356,34.12284743242652,34.32983673402072,34.542420823838384,34.76139567131795,34.988946529050395,35.22781616021754,35.48261082123511,35.76005544666515,36.06658587229651,36.403694758560476,36.77212486331106,37.1671331524571,37.5766527003473,38.00859546930441,38.44545280113409,38.896965657152485,39.32388376185213,39.728833296220536,40.1011375530949,40.426131559036484,40.70211727486074,40.91801167372395,41.11045102633742,41.273400929897164,41.410427965339004,41.52571924471947,41.623666283044535,41.7104533103712,41.794329136223475,41.88552824954964,41.99581500837287,42.135296777782806,42.302420289208335,42.49438284151852,42.7095689943846,42.9423888113761,43.2220169775909,43.49565532368626,43.769293233171425,44.02329192743551,44.241577767624655,44.378113728854615,44.45547025769724,44.507669766602966,44.5213960790735,44.51414239820282,44.47584648072513,44.41273473494218,44.33179549593041,44.25514583352712,44.19899375806508,44.16062752365249,44.156477038088916,44.16672079929786,44.198044776107444,44.25445713670535,44.3288970812056,44.42225606082198,44.52679459558037,44.642621578391115,44.76860233161904,44.91789945091739,45.02456498412065,45.09106946014006,45.154529751716595,45.181609053738214,45.16764788942061,45.11342590320353,45.042171572459615,44.94971201636788,44.843427400399534,44.7316128808841,44.643334243870285,44.586872387798664,44.56036630113443,44.56371570740991,44.59865389004273,44.668047038719656,44.775759255312884,44.92635812720148,45.12145793924039,45.34967451326885,45.59464764044703,45.84086172543054,46.07675771487646,46.29513463708815,46.49135067134077,46.6621605434562,46.80600789487679,46.917942627099066,46.98630474286961,47.01353489689808,47.017963731398254,47.016398537829474,47.01726859476698,47.016321881060456,47.01679842364781,47.033850728619726,47.094412362440316,47.20959807971996,47.34669819319555,47.50587860404483,47.69583604357763,47.92699482114931,48.13385573388298,48.299423918311334,48.45658084856724,48.574964531769304,48.6565394509116,48.69453165475892,48.6902866776974,48.64623825184362,48.5677207737329,48.47343913791447,48.382091332935154,48.30158257690919,48.237288927010255,48.19162830043862,48.196075585809105,48.23630888213845,48.3341996771272,48.46234996407995,48.66104525934381,48.89113182934544,49.13592062235691,49.3781899833267,49.60839281594812,49.82491233238682,50.020927503195054,50.190173587796316,50.30369997953129,50.40177225675385,50.46091047131067,50.480730787953895,50.46743884006112,50.42271420255634,50.36031798906265,50.29619134002093,50.2478627151483,50.22686903396622,50.25082386421827,50.32425663672432,50.43397435385937,50.57541678119968,50.72299631201665,50.87981057172695,51.03016194324557,51.15650854282568,51.24465204497108,51.291388890866536,51.30280430216529,51.27247681281367,51.228418490921115,51.12799033829203,50.95722257756296,50.77417750941725,50.611224481936944,50.50343460537072,50.37957014165414,50.26531966453438,50.186433245468606,50.182417586994866,50.270744445274524,50.4182877583024,50.58636518924403,50.74447982542748,50.88268450615092,50.99478093575284,51.07797555208847,51.12987379969971,51.14416665548558,51.12102505463064,51.053152618566294,50.956085133509816,50.84605576470353,50.73565701300376,50.64515262361194,50.57169859639557,50.51264025359712,50.45859631291844,50.41592620493745,50.393388573180204,50.395965692147236,50.427085271550304,50.487795615896594,50.582007340687554,50.71111588781543,50.86561265483874,51.0176902482008,51.142922362000135,51.236749335952666,51.29904269395301,51.333079929017345,51.339600248799236,51.31869890732434,51.27587030989235,51.228751893532305,51.18619839912802,51.16903810923876,51.173247514497774,51.205224803898226,51.26244920458703,51.34257668279768,51.44411562780109,51.566019325385874,51.70667696703572,51.86303653173456,52.02771309505514,52.198075976437366,52.35706169829963,52.4927448768146,52.59039109827354,52.65568915885017,52.6930337754187,52.70519806409666,52.694063236575474,52.6648069237584,52.626582215140395,52.58889251715674,52.55514389848404,52.5373302115638,52.53789399703235,52.54404615754791,52.56225412908369,52.59319524098459,52.63784786953397,52.69718223145653,52.77197991012808,52.862764686052635,52.96916903583997,53.088305557989976,53.211252480727005,53.32884368702481,53.43349480640018,53.51891233645727,53.581218425159065,53.622861932978864,53.647172213898614,53.65700834017939,53.6552113592042,53.64447377350633,53.627498828906425,53.607208859653156,53.58657594647918,53.568538306192195,53.55594600838522,53.55146697303787,53.55791248126404,53.577186519543396,53.6121735204133,53.665870928906955,53.73859126768984,53.833176404872724,53.94969475017889,54.07968329869591,54.216890586602915,54.361242406090284,54.51143259499719,54.66407619948916,54.811365807967775,54.95668287175139,55.093515853480376,55.21959164956724,55.33303136514498,55.43215750418761,55.51899759883907,55.58652381715503,55.640590572558246
33.666902852097444,33.86479858389482,34.064699537256644,34.26900167129046,34.47816685660319,34.693230956560654,34.91659750200484,35.15120124679307,35.40181662210921,35.675353927801744,35.97847716679832,36.31295331622058,36.679780072462705,37.07439845283814,37.48508338852303,37.91926633470404,38.360136943163965,38.822307146401805,39.25768676416516,39.67219773509723,40.05487325256067,40.39117697102597,40.67655577779714,40.894537825047415,41.095340506146655,41.264903761572846,41.40655616097784,41.52429205634185,41.62236521697699,41.70735385567106,41.78801807306328,41.875024234076484,41.98049981149018,42.1149205221019,42.27724663213911,42.46523585950058,42.67785379378617,42.91015683213197,43.19654871811865,43.47578786583209,43.75723263169277,44.0198499938681,44.24841405156465,44.388951791954966,44.47493345051847,44.53336109972819,44.55239997262962,44.54918135966258,44.513364956165205,44.45032302439781,44.367786291253395,44.28827137227898,44.22816544429283,44.185115168001396,44.17491351694986,44.179034031383814,44.20433737022127,44.25500203641761,44.32471420175393,44.41447025406047,44.517350922833494,44.633971399325226,44.76307416736631,44.92132677688094,45.03362145409205,45.10352892921663,45.17375502396052,45.20694110931304,45.19745075328507,45.14560012998661,45.07515539723572,44.982421070248364,44.8735288447017,44.75737708730903,44.66331229962984,44.59980433392381,44.56514539012171,44.55961962821116,44.58551499012012,44.6463654854575,44.74674917952395,44.891970119983654,45.08427018450163,45.31229624413145,45.55940586849599,45.809634060623154,46.0509119266751,46.275579031735624,46.47860392224572,46.656360089666954,46.80695419258986,46.92531013880356,46.99924555885162,47.03032368730377,47.03655262773761,47.03515366542328,47.03453260549434,47.03022977142413,47.02516992838093,47.03508245832568,47.08726026878336,47.194307758708476,47.32499442027783,47.47949788296708,47.66725370376194,47.90589890302828,48.11835248761119,48.285451962864684,48.451983149455906,48.58016772271904,48.67105511647955,48.71720418568691,48.719083606976646,48.67858007070113,48.60087859305162,48.50514843575532,48.41034465769024,48.3245637646531,48.253408602347776,48.19969768884571,48.19451074837481,48.226006585465186,48.31610083483947,48.43843294015515,48.63288271464836,48.861596257667955,49.10778791200635,49.35390650734637,49.58969714527211,49.81314468547614,50.017328217444756,50.19613878758548,50.31584661798312,50.42094953850904,50.48553664666491,50.509513405283755,50.49822839883586,50.45302529116612,50.38823717519993,50.32018912948075,50.26680411996988,50.24012875802317,50.25821632876009,50.32600091393987,50.43094955498392,50.56900385208096,50.71566318691134,50.87408367292896,51.02933467245471,51.163293879684076,51.259547053171936,51.31415507168102,51.33280959680047,51.308971451105,51.2693271546596,51.17018726599536,51.00277223442326,50.81739858726119,50.65117279256982,50.53985428201109,50.40935770864266,50.285908844889335,50.196982381863506,50.18350342961975,50.26452791689804,50.408048972243186,50.57521759593711,50.73530323716404,50.878215489266886,50.99715403599027,51.088113794662576,51.14786708521299,51.169483723311295,51.152317711135204,51.088755535654,50.994159459890135,50.884794138193776,50.77319420811147,50.67935095782718,50.60086663659548,50.535444541109676,50.47435314811604,50.424315408139485,50.394494911831835,50.39036515205217,50.41583775800158,50.47248792249553,50.56475756278745,50.69458153422484,50.85245774551051,51.00982754811395,51.14133023011621,51.24150066341046,51.30967415544598,51.348639075821005,51.35880652600436,51.33986691515958,51.297484517908835,51.249214868938154,51.20429461892758,51.183184917206695,51.18258530024181,51.20884399574155,51.25993080826267,51.33404751174542,51.43022899192197,51.547927372165475,51.68603112115096,51.842009739914616,52.00898166703517,52.18381154909395,52.34892161843924,52.491517348835536,52.596389691906644,52.66865297317979,52.71227339651285,52.72955686337163,52.72193617911089,52.69426954833987,52.65598775543844,52.61691591774098,52.580862180444306,52.55938237838405,52.55495331570907,52.55576874955414,52.56828038837073,52.59353494748289,52.63289828841021,52.68771922059715,52.759147444301085,52.84806381089315,52.95445021916475,53.07560896416488,53.2022025472242,53.32448121859563,53.43428417869454,53.52476056882586,53.591564176163814,53.636973343810425,53.664222817355345,53.67609667054882,53.67538586279418,53.66472913576858,53.64678462233961,53.62456717599532,53.60116654435519,53.579624677545326,53.562888968007776,53.55373392583523,53.555096685766514,53.56914135426188,53.598993325353206,53.647905341867194,53.716535966236776,53.80787969972056,53.92207797919848,54.05086236927993,54.187920136390304,54.3330472382933,54.48485994080881,54.63990038851714,54.79037752485649,54.93918887124332,55.079849262433974,55.20994374147159,55.32745377109514,55.43056100206955,55.52099921393514,55.592071154477914,55.65009097144106
33.61118245161243,33.808562410647355,34.00682605711966,34.20850038495307,34.41427150284281,34.62541953413797,34.84456480002529,35.07483122338487,35.321162184055844,35.59065166665929,35.89018855576337,36.221816092523575,36.58678886586604,36.98074454264216,37.39234994804126,37.82847184092698,38.273094715664215,38.74556415283234,39.18925721434693,39.613273380130195,40.006351233089234,40.35411244304118,40.64910975922304,40.86957769801128,41.079035051529516,41.25548705199514,41.40202367481148,41.522441228873575,41.62084832058949,41.704214037313115,41.78180324163724,41.864699872827075,41.96537300084365,42.09464929343582,42.252017202435404,42.43581630270644,42.64561377377196,42.87714619541356,43.16975263056038,43.45427102600167,43.74330717830544,44.014502541237086,44.25345991809117,44.39831201668649,44.49324333770801,44.558127365051064,44.58275994994146,44.583844599549906,44.55079489072161,44.48807503599472,44.40418524140361,44.321999189800515,44.25805289440503,44.21037877959678,44.194051814150605,44.19195150665319,44.21109147465674,44.25580937269423,44.320578242946446,44.40649691976596,44.507514172813764,44.624766032014165,44.75687234750761,44.923781073524104,45.04172151695023,45.11527132782135,45.192365305344644,45.23184014488007,45.22706037628407,45.177852679171636,45.10845619167682,45.015699126176955,44.90441236368996,44.784130937249564,44.68441523384528,44.613911877672024,44.57107770294459,44.55659096097792,44.57330248080285,44.62542151711264,44.71824616749312,44.857822545706995,45.04702987374381,45.274569580179936,45.523545375081696,45.77756662008294,46.024068529959344,46.254936747849754,46.46475082346802,46.64949672330916,46.80693549490565,46.93188449466169,47.01165658254709,47.046895800417836,47.05521321079924,47.05420499955247,47.05224000758006,47.044688912259204,47.03416669022735,47.036952249432616,47.080624584041644,47.17923951057684,47.3032128816883,47.45272757742438,47.637929486274,47.883498226941185,48.10133496570008,48.27012089732279,48.446051854088665,48.58418803405216,48.684602731133985,48.73918694990021,48.747506763745875,48.71087897691973,48.63432087463026,48.537433069393074,48.439389707727194,48.34847695591888,48.270535413361756,48.20880979391542,48.19388424014632,48.21655886027969,48.298565739231805,48.41483313724315,48.60466468609357,48.831656207314715,49.07895162732121,49.32869676703364,49.56993581310016,49.80024494498727,50.01261188637791,50.20106326774759,50.32734801634915,50.43942083401719,50.50966765296075,50.53805058222799,50.529017134238586,50.48355175691699,50.4165521792454,50.344715103940494,50.28634314398892,50.253983275674656,50.26609579015857,50.32801380128239,50.4279052170407,50.5622041107541,50.70766511343254,50.867432250837126,51.027408223244066,51.16893055278435,51.273340485467244,51.335958939637926,51.362042744739185,51.34494367273855,51.309807690391665,51.211816201307265,51.04863129835645,50.861161111040445,50.691831573410106,50.577043772115445,50.43999021199899,50.307386772801095,50.20839690075376,50.18527951018341,50.25864395194169,50.39771121978733,50.5635653083669,50.72532926006986,50.872796388219115,50.99855111684875,51.09732072404965,51.16502291672555,51.19413562003169,51.18316722277776,51.12418954864883,51.03235160645306,50.92391509605495,50.811329771673144,50.714253181520164,50.630760722984576,50.55892670830452,50.490721942173934,50.43322944140441,50.39600597425391,50.3850178748024,50.40466507622771,50.457062876917156,50.54719289662378,50.67754327994098,50.83863891729195,51.0012074922512,51.13898048104166,51.2455719500181,51.3197638602486,51.36383023627613,51.3778528949172,51.36110677338312,51.31942429975635,51.2702197216965,51.22310864429127,51.198109198304955,51.19270482217062,51.21316690737992,51.25797235345277,51.325885982143255,51.416483544941485,51.529728774526816,51.66502495780107,51.82038510783645,51.98947192891854,52.16862893697608,52.339796875868636,52.4893054735653,52.60150857662927,52.6809068948406,52.731016610677216,52.75366005452318,52.74980465932689,52.72396248604196,52.68582698102293,52.64553357165562,52.60730556573386,52.58220196885112,52.57272837210007,52.56814140090134,52.57485178299121,52.59428470803441,52.628201846188446,52.67833814286644,52.746219264489504,52.833092133986035,52.9392999090088,53.06234926668222,53.19249999808152,53.319426897403915,53.43439559095236,53.52999633976037,53.60140843915249,53.65072662016386,53.6810788805174,53.69516419630737,53.695713783367076,53.68530316840353,53.666536791634606,53.64251792564199,53.616450656756285,53.591476699647714,53.57063640915263,53.55680833929565,53.553057893997284,53.56181321429657,53.58644075080572,53.63044864962101,53.69484782416182,53.782786528779695,53.89448144987144,54.02187779490522,54.15861511721595,54.30436287801117,54.457665529335436,54.61500084788519,54.7686194150835,54.92088939134828,55.065373627524494,55.199513208550236,55.32114742755346,55.428314093280555,55.522426299655244,55.597161292437434,55.659293145170196
33.555458085230704,33.752463998391015,33.94919936079061,34.14831818406585,34.35073528917174,34.55797768169189,34.77287967417637,34.99875063002302,35.24070335520829,35.50601367412069,35.80179196249433,36.130359652142836,36.493230225074946,36.88625034606098,37.29852558424433,37.73628261272158,38.184389620357635,38.666728188815895,39.11855808303941,39.551992694261614,39.95547296922111,40.31480148313074,40.61962963457474,40.8430530915047,41.06144160834392,41.245051371561885,41.396732149646034,41.52007611421245,41.61903877152995,41.700975126847915,41.77564638179043,41.854538430798435,41.9504395226855,42.07450889083769,42.226776155216,42.40618237320891,42.61291497346406,42.84342113531823,43.14162066695868,43.43106129615162,43.727438779144364,44.00715329437866,44.25660155210733,44.40613375408998,44.51031571123401,44.58187975596592,44.6123830965259,44.618039453317614,44.588046920207816,44.52591329719366,44.44092837684547,44.35627911007155,44.28861936396731,44.2363923443735,44.213882991823574,44.20547721561172,44.218322092018234,44.25690504474447,44.31652239019744,44.39837460269943,44.497321863311306,44.6150343380767,44.75001148568743,44.92521166839354,45.04880153272163,45.12625417580793,45.21030058409904,45.25623153867419,45.256395028480725,45.21010229095734,45.14199664153761,45.0494732015315,44.936017718625905,44.811827332408626,44.706610978134,44.62917923391194,44.57816490735529,44.55464940959361,44.56205344596368,44.60526734211654,44.6903136718742,44.823984673913394,45.00980553669504,45.23655614557992,45.487115788979935,45.74469320023737,45.996242828610825,46.233202929749915,46.44976563781066,46.64152447393299,46.80588836245775,46.937589464648774,47.02345489952743,47.063168379769465,47.07386824058793,47.07348367763532,47.07033510374412,47.05966081242491,47.043771203001064,47.03946509873415,47.074536099795566,47.16445088166228,47.2814262171978,47.425647461471755,47.60794401603868,47.85978679913119,48.082767522057004,48.25344360128749,48.438769271145894,48.58697967423119,48.69711540301726,48.76039826535855,48.77546717081894,48.743046082572505,48.66796487345296,48.570220373211896,48.46916715074313,48.37327894137037,48.28864421912104,48.21895687163313,48.19421299625026,48.207995679695834,48.28164350161348,48.39160509199238,48.57645029453262,48.80136602057996,49.049455987727384,49.30259031165276,49.549120921802704,49.78620613266801,50.00674997346156,50.204888991623214,50.33816827007172,50.45711174488008,50.53322504718895,50.56626325520875,50.55973209842367,50.51423361980675,50.44521932359607,50.369743898898356,50.30647362826182,50.26844421403143,50.274489374561114,50.330336244621364,50.42489239213589,50.55507701328721,50.699056284622515,50.85989987592789,51.02440659680934,51.173416513261834,51.28600664759115,51.356754346354414,51.39044302316975,51.38032271471583,51.34971169240264,51.252895078664494,51.09473705305705,50.90541874502073,50.73316385105314,50.61497061290816,50.47145089025093,50.32976187147654,50.22071053665348,50.18780111369045,50.25316142448132,50.38734575581688,50.551473613215116,50.714609916826625,50.86645785887361,50.998976102140944,51.10557537678976,51.18130006890129,51.21806410979805,51.213505282243226,51.15938281836768,51.07059126628341,50.96335222107181,50.850002029345184,50.74980809570208,50.66134392260982,50.583067233702366,50.50769930402811,50.44267949046003,50.39794610626147,50.37995910708545,50.39361028669611,50.44156680738806,50.52935702544908,50.66003480028356,50.824173372352746,50.99182698179925,51.135849325443296,51.24892160529352,51.32925591535307,51.37858761662107,51.396668404561346,51.38234861426015,51.341624224228845,51.29171048122239,51.24259546439991,51.213782665391406,51.20359208361121,51.21819445244701,51.25658917091581,51.31812002386634,51.40291699313452,51.511467456014195,51.643704194982966,51.798204423570574,51.9692136315274,52.15254253755333,52.32968326703202,52.48608664226175,52.605705531968056,52.69239125619938,52.74919009197413,52.777425770416805,52.77758411508195,52.7538051059255,52.71602765656852,52.67468356917953,52.634420374919166,52.60574741608105,52.59119480938641,52.581154118206975,52.58197248770215,52.595461648895395,52.623786409622745,52.66907455407998,52.73323480016738,52.817888388473165,52.92375073537101,53.04854712370646,53.18214912176032,53.31366636839751,53.43379604292264,53.534570411068515,53.61069021290605,53.664053698721,53.69766958096863,53.71414104726235,53.71612921538724,53.706136305178504,53.68670403909613,53.66101965528905,53.63239794563308,53.60407614909707,53.57918292347607,53.560697900375686,53.5518167241327,53.555234656217365,53.574558800157355,53.613552282973394,53.67358360380153,53.75795562050997,53.866962755449734,53.9927823622494,54.12902045326078,54.275224431123455,54.42987357366201,54.58939037215344,54.7460905360188,54.90177184823567,55.05006485549995,55.18826486763548,55.31406687497399,55.425362336253926,55.523219313175616,55.60172893329125,55.66812358514998
33.499689565252446,33.6964668655556,33.89179181704449,34.08844037768606,34.28755874220449,34.49092167686431,34.7015733755227,34.92300400673761,35.16049598369977,35.42150496106876,35.7133593102938,36.03866055975173,36.39918313164329,36.79099478728645,37.203683502474604,37.64276927483616,38.09408515896707,38.58579076672424,39.04555234088455,39.488288140433745,39.90213993549684,40.273107599343284,40.58796581928856,40.81488580441678,41.042467122447825,41.23349729067091,41.39058322828764,41.51710606425633,41.61685974744625,41.69757839582599,41.76950923336797,41.84452317298759,41.93570432326791,42.054525113360626,42.20156764559969,42.37639227308083,42.57982343198448,42.80904588594337,43.11214477935604,43.4061151682385,43.70954934034447,43.997705978129055,44.25772513851618,44.41235635520626,44.52606636306461,44.60452946586704,44.64117649789985,44.65167325641848,44.62503168043728,44.563760335455434,44.47795172804335,44.3910609570719,44.31982810854524,44.26312984826633,44.23439811210122,44.219615148765094,44.22604422491018,44.25831495177755,44.312579828921216,44.390141847621805,44.48681151211619,44.60480517913161,44.74250619555025,44.92556788903587,45.05479786143274,45.13643499303017,45.2275008484538,45.28004066893035,45.28537297993813,45.242267705542496,45.17569943257278,45.08367031368988,44.968284670771176,44.84041917448917,44.72986746411336,44.64559061751216,44.58640867110603,44.55381467794166,44.551804969475334,44.58595516890064,44.663015145321076,44.79052577414479,44.97266570308343,45.198317564497,45.45016673896652,45.7110475975139,45.967450126511174,46.2103727217555,46.4336226280766,46.63239737108861,46.803749355879695,46.94234881874019,47.03455759536397,47.07905856888781,47.09244047710842,47.09292083709017,47.088762196706455,47.07510698078042,47.05396596051605,47.042626003023805,47.0690256076255,47.14999941830202,47.25970706657717,47.39833730916425,47.577377917980805,47.83475862584142,48.06261451058924,48.23543295436072,48.43011770930801,48.58849685171859,48.70852624027169,48.7807564500217,48.80287585100975,48.77499249973253,48.7017278445039,48.603437681595935,48.499617654435106,48.398926511671334,48.307709878694446,48.230131177984205,48.19551395181326,48.20034701682744,48.26538323329376,48.36880334105122,48.54829866081865,48.77078003975792,49.019345212650705,49.275616690468,49.52726457375016,49.771021270266104,49.99971394216281,50.207557922552986,50.34827147459316,50.47394787269949,50.55613038634033,50.59407236064823,50.59030034354554,50.54501089983324,50.47419493064899,50.39525014985256,50.32718941384496,50.28352320020426,50.283424208115164,50.33300918982629,50.42196213237559,50.54768201574837,50.689890893523575,50.85153011867778,51.0203537943462,51.17674971225181,51.297519845277826,51.376495143447684,51.41794970928044,51.415037814038364,51.38888830676684,51.29345068309252,51.1410267822196,50.95012515346775,50.77513265209425,50.653602341613606,50.503722981926344,50.353042564122575,50.23395702407675,50.1911235251454,50.24814920859273,50.3770238352139,50.53900779716362,50.70319723011605,50.859230557096346,50.99843291567949,51.11285678942301,51.19665731640418,51.241210956761755,51.243263582216535,51.194263505627426,51.10880813246603,51.003039096029106,50.88914930678396,50.78596450138417,50.6925793025181,50.607846595823936,50.52528184261454,50.45267674103412,50.40033965366959,50.3752240955889,50.382716449874216,50.426046042134736,50.51129363251588,50.64208977057224,50.80907831286259,50.98168291794489,51.1319129739879,51.25150803875458,51.338094427751635,51.392845423094144,51.41518210396043,51.40352257005588,51.36401886012021,51.31363117693089,51.262710068434245,51.230177031323905,51.21523308789063,51.223927544576505,51.25579659141028,51.310777566789824,51.38956704277596,51.49318734017186,51.62211455069358,51.775509475187484,51.948236525683896,52.13556674829521,52.318576588373595,52.48183824618278,52.608938337449636,52.70304638962289,52.76672051446598,52.80077214391795,52.80518998423454,52.783716777051296,52.74651754674988,52.70430400059151,52.66215292856661,52.629977153189884,52.61032827074915,52.59479690808855,52.589646677260525,52.597082896322064,52.61967984546718,52.65996401005337,52.72023348080885,52.8024913074964,52.907835328250265,53.03422319340207,53.17115420672189,53.30718527652426,53.4324525343544,53.53843354455801,53.61934849620543,53.676886516163655,53.71392409629289,53.73295735322105,53.73656625331899,53.727168979860856,53.70723506702892,53.68003091163244,53.64897807293616,53.61740480249118,53.58852310263439,53.565410296032006,53.55139379434919,53.5494382365942,53.56339047679465,53.59726767272944,53.652800067492414,53.73344570337121,53.83957948918529,53.963628857990074,54.099181068705704,54.24566700350976,54.401508286873465,54.56308175588197,54.7227899450323,54.88182365807488,55.033898853108404,55.176163535559716,55.3061666538107,55.42165128942297,55.52331871167241,55.60570877929696,55.676508782784644
33.443836703977865,33.640534530570946,33.834575794656345,34.02885227487102,34.2247423885556,34.42426779729721,34.63067715512892,34.84763589355872,35.08059591766352,35.337190538386416,35.62496252246441,35.94679538002368,36.30472656712493,36.69505679051039,37.10789690807444,37.548002452019034,38.00224483321533,38.50274339892921,38.970202958524276,39.4220921815888,39.84625360645699,40.2288942997274,40.55396872880083,40.78499763563666,41.02201853969917,41.22072537972012,41.38347855354243,41.51344043090299,41.61423442598632,41.69396511579787,41.76335353621495,41.83463736439158,41.921172348843086,42.03472376005772,42.17643582870521,42.34650420439503,42.54640518845529,42.77408468138634,43.081316919795036,43.37938913421892,43.68956076804067,43.98606431732443,44.25671686222084,44.416919171076195,44.540411085167975,44.625987688148676,44.669047239580216,44.68465334430527,44.6616598072235,44.601538678240786,44.51519132546168,44.42629455478132,44.35164238370446,44.29056527721013,44.25558823711599,44.23436929661902,44.23427287593696,44.26006499300273,44.30878374453207,44.38183719929407,44.476020637018564,44.59410741679764,44.734371090740524,44.924799062997764,45.05964686310998,45.14577129934182,45.24390608663901,45.30319291388346,45.31391250071937,45.27426766312587,45.209487250537016,45.11821748002997,45.00115298138741,44.86985936519415,44.75415262340074,44.66313024334133,44.595810661949024,44.55410646990553,44.54259413521057,44.567537205896365,44.636414040487516,44.757515115943136,44.93567890263702,45.159915461096816,45.41274785381725,45.676663608339965,45.93770572754202,46.186441268185874,46.41629605706883,46.62206944432615,46.80045503580502,46.946086326911285,47.044881755628126,47.094483511302066,47.11085268036547,47.11244761533527,47.10746558918701,47.09098892618499,47.064733456586325,47.04643995909521,47.064123899111834,47.13594266683327,47.23812806959722,47.370876894556844,47.54631181702521,47.808407713315006,48.04084028520413,48.21610183614437,48.42007947725539,48.58869377497688,48.71876835103959,48.800179821849376,48.82964382713214,48.80662934047287,48.735527042767266,48.637012328929345,48.53068188650024,48.4253764574856,48.327707251150805,48.242324968954,48.1978040419619,48.19364284478839,48.249834045581906,48.34648242106806,48.52026890580484,48.73995260714283,48.98866352151702,49.2478054527436,49.50437887131302,49.75468337952936,49.991475255948764,50.20900995374272,50.35761949603869,50.48985481907719,50.57830522740569,50.62139883496856,50.6206489217586,50.57582361699426,50.50343532280115,50.42120849230129,50.348484341794794,50.29923186130385,50.29292741696811,50.336073582766666,50.41916548986597,50.54007857420567,50.68022313317803,50.84236654956326,51.01527381705033,51.178928100889614,51.3078543842614,51.39513518253487,51.444502080259525,51.449018207707596,51.427186679558496,51.33350979961683,51.18743776953858,50.9952340006472,50.81770100312871,50.69290649545614,50.53678972555301,50.377237273946086,50.24817009753769,50.195302029552856,50.24367617835178,50.36681671286043,50.52623314689412,50.691143222619786,50.85114513875327,50.99692548127705,51.119143998489456,51.21105343389813,51.26351792507412,51.27237381538257,51.228759771244995,51.14693189808578,51.042909303711546,50.928709929645905,50.82267119957763,50.724429929756354,50.633245273189935,50.54346616686919,50.46323237885451,50.403210962293315,50.37084808700028,50.37202662622946,50.41054690938371,50.493046401076676,50.62374186612672,50.79337094099113,50.97077220187478,51.127147637342276,51.25328965991921,51.346223504436466,51.40653786193371,51.43332304213808,51.42455877303549,51.38654277622444,51.33592583823708,51.28340744557504,51.24726400896026,51.22761383833588,51.23036709740207,51.25560994569469,51.30388654078886,51.376471400140694,51.47493235054405,51.60030174292985,51.75234205075768,51.92657036221019,52.117715966671334,52.30647263633759,52.47653767658619,52.61116477260063,52.712812627477916,52.78353455221513,52.8236173078921,52.83253770464311,52.813616868480196,52.77722441624166,52.73433295617044,52.69044954724258,52.65484961329364,52.63010439936932,52.60905977716355,52.59787852642332,52.59916557657066,52.61591002047583,52.65104206660222,52.707254735887915,52.78693962419764,52.89158631764545,53.01939813393348,53.159519541427535,53.29996926673206,53.430332064996634,53.54153650203656,53.627322287831575,53.68915700917361,53.729771604074045,53.75154324399078,53.756958991626654,53.74834162621795,53.72807857773766,53.69951024136806,53.66616070061615,53.63144443642776,53.59865153828392,53.57095321322121,53.55180972282311,53.54445651199696,53.552978784104106,53.58164624969414,53.63255397757104,53.70931550582325,53.81238924433007,53.93447006880487,54.06914188773168,54.21572570104964,54.37259388205474,54.536087793630934,54.698716699493986,54.861032237035225,55.016851527097906,55.16317402915531,55.29740130451759,55.417126511220935,55.52266495232183,55.60903553271225,55.68437522947855
33.387859313707125,33.58463051186688,33.77752366240116,33.969539184678005,34.162286754839606,34.35803232063253,34.56022226405967,34.77269083051642,35.001059005232804,35.253135416956496,35.53667352230881,35.854840677632026,36.20993951307375,36.598515279924634,37.01123900638616,37.45205276901856,37.90893214482525,38.417577597802556,38.89247290660057,39.35333728066898,39.787715456642054,40.182025092331735,40.51748877854782,40.75331038405346,41.00000280595588,41.20663620910734,41.375319768216556,41.5089885660503,41.611085984798045,41.69007655831413,41.757141030176484,41.82486427000744,41.906848545663216,42.0151306299821,42.151424859651364,42.31657636922434,42.512726281998525,42.738601755744476,43.04912904031817,43.35083968604947,43.66739496836789,43.97213203680102,44.25346290812442,44.419761552740574,44.55326566951226,44.646165616205174,44.69590240708387,44.71688705243074,44.69784193637996,44.63917085301051,44.55258319956482,44.46192972717963,44.384025445010565,44.31867261713969,44.277444429000305,44.24974364967918,44.24302304770297,44.26218106762924,44.30516732244434,44.373499202477156,44.46498675580851,44.58296991269354,44.72562078490278,44.92285451782587,45.06328489777985,45.154220614596625,45.25945628688475,45.32561365176844,45.341931860887534,45.30602090390625,45.24328278118502,45.15304171792962,45.03456241173621,44.9001008062265,44.77943438761353,44.68178232626804,44.60637254763654,44.555544489368614,44.53445802704214,44.550065661535186,44.6105738100274,44.725021968850356,44.89891366508392,45.121411459544944,45.374908762307925,45.641575029143034,45.90702493558499,46.16140371336043,46.39776018759031,46.610494723195806,46.795941962867325,46.9487257591374,47.054344465891205,47.1093603505414,47.129027610363835,47.13199514978893,47.12638958390574,47.10726815749783,47.076056185025884,47.05091196374195,47.05986176583497,47.12233817359326,47.21676186602881,47.34334599170462,47.51482633809678,47.78072806779514,48.01740919980899,48.195463126240334,48.408636883668436,48.58752465246854,48.7277748434633,48.81858669880132,48.85568212199996,48.8378677168666,48.76927972322722,48.67087164959632,48.56230051463561,48.45258556947699,48.34861119555894,48.255530500527925,48.20110020182283,48.18791313669251,48.235045049787196,48.32469686869131,48.49242015034435,48.70893806502895,48.95745513375221,49.219186147743834,49.48047591686173,49.73718548220552,49.98200537828643,50.20917594699119,50.366131103796924,50.50475818561494,50.599671127375856,50.64816361459193,50.65070488521728,50.60661179128766,50.5328968224496,50.44759356174278,50.37035225316766,50.31558182444098,50.303026127267394,50.339570369312,50.41655351671317,50.53232614472722,50.67010719662815,50.83245273906083,51.009190666117405,51.17994963031057,51.31698457027606,51.41262831523317,51.47003941329526,51.4821931327251,51.46445595685188,51.373099213262904,51.23390729870856,51.04069895082486,50.860831930751885,50.732850611660126,50.57063435965878,50.40235442415391,50.26338349155038,50.200391911917336,50.239811207834286,50.356795643638506,50.51321494908842,50.678499917019586,50.84223225971034,50.99445772274627,51.12441604052916,51.224447196047095,51.28492677888649,51.300767674426254,51.26279977603723,51.184892256227506,51.082896426903936,50.96862222358736,50.859876991293696,50.75685887137149,50.65924374432106,50.56224888572801,50.47435758964894,50.40658437794769,50.36686632800717,50.3615838762293,50.395115737361536,50.474659014384024,50.60502476226667,50.77706845890806,50.95909173477566,51.12152952617322,51.254224878305315,51.35358725239987,51.419599139378086,51.4510202681179,51.44538735546416,51.40913054133546,51.35853849455601,51.30464258500307,51.265015311158365,51.24072033827395,51.237514024557406,51.25604456452753,51.29747487573857,51.3636677715036,51.456746410675066,51.57831148968873,51.7287439383517,51.90424489192846,52.09900459015123,52.293367207368156,52.47016232472985,52.612342616947686,52.72163030213122,52.79955887928399,52.84587939520473,52.859542714166125,52.84342474927297,52.80807602971853,52.76470852619513,52.719256551513496,52.68032322950841,52.650498838428,52.623932732049504,52.606672209947526,52.60172681589738,52.61250480140277,52.64234427954214,52.69433799487869,52.77127207171877,52.87503633355546,53.00409260346516,53.14724941433858,53.292003983968705,53.427401634598375,53.543830045311886,53.63455058656543,53.70079711443268,53.74514128189592,53.76982884937884,53.77724152477457,53.76959467801714,53.74918327352711,53.71941619119182,53.68391549062362,53.64617682750459,53.60956282208092,53.57733433889993,53.553085127730895,53.54032203899556,53.54336672547226,53.56673944467252,53.612902096373915,53.685623756325924,53.785449614136034,53.905358781371426,54.03894783451965,54.185435629622695,54.34315457229083,54.50842127996041,54.673869856773756,54.839385001286146,54.99889878421647,55.14926116525457,55.28772536754871,55.411733560081146,55.521198492300066,55.61164389579471,55.69164941663597
33.33171720674045,33.528718327873214,33.720607789053965,33.91048641616434,34.100192367671006,34.292231524512225,34.49023995337954,34.69821335764078,34.921941094540834,35.16940460766188,35.44856423312961,35.762873017250165,36.114900951043616,36.50144917972099,36.913783002752126,37.35499085058303,37.814210595519654,38.33028487571608,38.81232515575535,39.28195590061653,39.72642696059258,40.13236348520489,40.478376383965866,40.7197458485563,40.9763268670759,41.191130349230434,41.36600851511614,41.50365982159603,41.60733760152932,41.685853994925274,41.75083345509763,41.815187154832174,41.892737859980485,41.99577152218689,42.1265788935569,42.28666696964157,42.47885275173627,42.70266134311517,43.01557309296804,43.32042331568672,43.64297384746105,43.95581286139501,44.24784946112997,44.42082285124024,44.56454590806558,44.66497444343081,44.72164908592773,44.74828171624772,44.73348870372011,44.67657938722537,44.59006338081721,44.49791629824662,44.41694054802916,44.34742585398985,44.29995774988664,44.26574219845131,44.25230974281259,44.26468907486635,44.30176374807229,44.36516640193201,44.45374738627617,44.571421528438094,44.71626989168145,44.919683581066835,45.06564832546878,45.16174045864837,45.274091437421106,45.347228260820216,45.36934933050573,45.337446168082415,45.277008710271446,45.188070044766704,45.0684527230792,44.93109639928918,44.80568068836908,44.701531081160944,44.61809599592079,44.55814844021439,44.52743372884279,44.53359274424854,44.58555790659452,44.69311560240837,44.86243852015221,45.082867184007,45.33669909321434,45.605815656350536,45.87542305452171,46.135255201598525,46.37798928244404,46.59762723724773,46.790146697700145,46.950190885393894,47.06286281172462,47.123606230134996,47.14688802710827,47.15149457786944,47.1454784835826,47.12390618357814,47.08791663964871,47.05604701375759,47.05626999937526,47.10924348491922,47.19568109564278,47.31582437466254,47.48300210612032,47.751713695524955,47.99228560831114,48.17352970425052,48.39577223722755,48.58494369265607,48.73547882568516,48.83589539883725,48.88090175842711,48.86861874098678,48.80290314086795,48.704942977981005,48.5944142065383,48.480510638309255,48.37039657098768,48.26974002869129,48.205419366522655,48.18318786565365,48.221065357218905,48.30350122056937,48.46481151529034,48.67779075571048,48.92576426878211,49.18978832473293,49.45556781276674,49.71852060004235,49.971275772642954,50.20798430181335,50.373686076549575,50.51858357391456,50.620149643241604,50.674287635940466,50.680395286075964,50.63731544271125,50.56253575199137,50.47437999367522,50.392786989020024,50.33258471672639,50.31374746516042,50.343540495331794,50.41417726502334,50.524484183381105,50.65959727691629,50.82183225764698,51.00212834274312,51.179812251649984,51.32488470905593,51.428928393159715,51.49450098557593,51.514491826092346,51.50056052351289,51.41224570905619,51.280372653424045,51.08647366826637,50.90448846155906,50.773402227449935,50.605240122771484,50.428402437952975,50.27963094062894,50.20644845724343,50.23662317111608,50.347031882430194,50.50001849042829,50.66531933599711,50.832522575833565,50.991033563899805,51.128651952082194,51.23679737751501,51.30537928235019,51.32837685203249,51.29631168082107,51.222618899976034,51.12293404839096,51.00882451426476,50.89753067754356,50.78982919441046,50.68582248773805,50.58162660812702,50.486063559145244,50.410484246447766,50.36331406529709,50.35143126034116,50.37979885429474,50.45617515569045,50.58597213431178,50.76018806878303,50.94663841783426,51.11503485114752,51.254272103430814,51.36012977863399,51.431963461665624,51.468202830923516,51.465938449607116,51.43171672424718,51.381413175302754,51.32637047589913,51.28340265077604,51.25453859103191,51.24536923967619,51.257115778667306,51.29157050151416,51.35119386313957,51.43867344410915,51.556189508967144,51.70475692604004,51.88128986566085,52.07944701620452,52.27925609790952,52.46268958187162,52.61242965001739,52.72943974594957,52.81472016973491,52.86747653872131,52.88612045066204,52.87305978849048,52.83900015185515,52.795368800944445,52.74852026194576,52.7063564349502,52.671487231106205,52.63940577936383,52.61603190259014,52.604783740558474,52.60949205500204,52.633906204688714,52.68152268725522,52.75552738320163,52.85821800597918,52.98832726016156,53.134348113916346,53.283275073182054,53.42362824290862,53.54526493619173,53.640972391187944,53.71173876862268,53.75996230734241,53.787744299192525,53.79734794722706,53.79086856902578,53.77049785670196,53.73970730779961,53.7022121049092,53.66158375231939,53.6212515456817,53.58456136002477,53.555240627248914,53.53706737415994,53.534597304285626,53.55259868846962,53.59390118623759,53.66242918333908,53.758818191855134,53.876347782367375,54.008643833250545,54.15483189510849,54.313214570666624,54.48009500943052,54.648248474241555,54.816869366996954,54.980016531212165,55.134389760689906,55.277093383358064,55.40541799443688,55.51885978878328,55.61346857080202,55.698257835661124
33.27537019537802,33.472761497019775,33.66380054338978,33.85167927838727,34.038459753664334,34.22688168657824,34.42076147415321,34.62424801496192,34.84329803372084,35.086063121385415,35.36070657822947,35.67096896355149,36.01968986258839,36.4039374140913,36.8156021025147,37.25688732146078,37.718143687021374,38.240856745041604,38.729722676630615,39.20788050437366,39.662289592849135,40.07977298639552,40.43648196049128,40.68422582803431,40.950897668917165,41.174108370487254,41.355446437047306,41.49736354943804,41.60291245382809,41.68123869718186,41.744392550823505,41.80558928386284,41.878845238047084,41.976672235725204,42.10194208554061,42.256834207719585,42.44485063679057,42.666327677595774,42.98064102978713,43.28809651508728,43.616219311455076,43.93701051594264,44.23976270614059,44.420042417616,44.5741675927961,44.68232536321985,44.74619436162868,44.77874467120893,44.768510745057434,44.713686808346154,44.627567899683214,44.53420409196209,44.45035094832587,44.376798973695394,44.323119261907415,44.2823689334411,44.26214796387026,44.267614913923275,44.29860620683027,44.35687734241961,44.44234004621161,44.55949112565006,44.70633302472102,44.9152355802673,45.06667350620325,45.16828835135081,45.28775152647817,45.36796211927373,45.39608317963702,45.36846219585306,45.31058772355102,45.2232294779191,45.10276367667799,44.96279904608515,44.832859457284776,44.72236072288863,44.630982674554005,44.561938026326274,44.52155832448526,44.518170662467874,44.56142978284274,44.66186528615911,44.82632199756997,45.0443442586486,45.2981684753123,45.569419286389966,45.84291538823382,46.10799087721957,46.35695760443295,46.58342101603208,46.78300580093704,46.95040547565609,47.07035387869972,47.137138293612004,47.16435669060353,47.17087703699513,47.16467659093755,47.140864513285166,47.100297314268815,47.06185010593571,47.05337939131312,47.09671614714836,47.17495839820996,47.28839181748567,47.450919746020695,47.72135860274757,47.96543386461789,48.1503144497768,48.3814678466131,48.580905104001985,48.74181340584747,48.85202423991693,48.905213759227465,48.89879352490651,48.836314550673606,48.73915364846753,48.62696362990541,48.509108454646245,48.393038236505845,48.28494580942947,48.21077847118798,48.17949700478568,48.20794407918627,48.28295001335062,48.43750212149598,48.6465650214817,48.89363514603257,49.159641532975144,49.429666661398485,49.698681754787636,49.9592579024854,50.205363417669396,50.38016278744874,50.531256585577786,50.63966233199374,50.69969183543636,50.709647176489085,50.667874591262844,50.59230843382347,50.501542423596824,50.41578239040824,50.35025216527082,50.325118556794614,50.348024906695535,50.41208778690264,50.51661214623544,50.648747567084676,50.8105486757982,50.99411084812314,51.17851391604315,51.33152910633517,51.4439892679317,51.517826074289815,51.545843524810834,51.5355037975431,51.45097607202221,51.326771117379536,51.13251181723747,50.94863362214555,50.814528880049934,50.64059025341892,50.45538973855012,50.29694617928748,50.21352695053571,50.234180942273,50.33759668411755,50.4867090575955,50.65165350223409,50.82204674298889,50.98665692855031,51.131830769688655,51.24806275296581,51.32481719961654,51.355133040886166,51.3292236464134,51.26004152241621,51.16295575095742,51.04925512733446,50.93558105933845,50.823303965920154,50.71296198196161,50.601595943002145,50.498361473071185,50.4149349136086,50.360226545557616,50.341611839032474,50.36464258840984,50.437638508248455,50.566617657581745,50.742746972785746,50.933409152237296,51.10763982293199,51.25338974481358,51.365795190131074,51.44356503503466,51.484799779578545,51.486142187729534,51.45423589375358,51.404493909892366,51.34854610744394,51.302397740671175,51.26905459993676,51.253933656392064,51.258838918872506,51.28620134799075,51.339087381323516,51.42075737439057,51.53398151876203,51.68042280189322,51.85773503422955,52.05905764230071,52.26413510440588,52.45409683926937,52.6113836513364,52.73618129129975,52.82894509763026,52.8883268713073,52.912186351989334,52.90244135519352,52.86992454732616,52.82625187069722,52.778186999105785,52.73290766273507,52.693045220585006,52.65546892572408,52.62596177910813,52.60835347681017,52.606899648027735,52.625763397857575,52.66884824249162,52.739744291788135,52.8411639649155,52.972122762187134,53.120819928622105,53.27376817931998,53.41897888967638,53.54579193648378,53.64652670048006,53.7219139084254,53.77416385799732,53.805219723239155,53.81721235344846,53.81210373301123,53.791971029566895,53.76034213788737,53.72102020542349,53.677646987469934,53.63371230074256,53.592641963552374,53.558296839553556,53.53472507405999,53.526713523930724,53.53927541189049,53.575608009498566,53.63979051532252,53.73255257073933,53.84748985847032,53.978274808105304,54.12394960338657,54.2827980902671,54.4511217766014,54.621851609267374,54.79347275033706,54.960180674833026,55.118524632293656,55.265459892399655,55.398125372721445,55.51558929894766,55.614444259991785,55.70412697795835
33.218778091920015,33.41672353773639,33.607074294183626,33.79310308040413,33.9770894394341,34.16199908447252,34.35181807744527,34.550839342509896,34.7651856709061,35.00317596900998,35.27317248091101,35.57920508120937,35.924385229261944,36.30605890722739,36.71676951101621,37.15781280640015,37.620794921053225,38.149284718150874,38.64462843986826,39.13104355488259,39.59520482795222,40.02411710395219,40.39165592356035,40.646672121376604,40.92362215733761,41.15547084327566,41.3435351768162,41.49000910147413,41.5977337193422,41.67617193663443,41.73778005719921,41.796053922096455,41.86517562611522,41.957858569650114,42.077558590721246,42.22713628553116,42.41078597628345,42.62966499328366,42.94432480281799,43.25381577620772,43.587053266484894,43.91562872528008,44.22908882805939,44.41735960290871,44.58204651567199,44.69812956896663,44.76944531970364,44.8081832527672,44.802818696205414,44.75041564383362,44.66503278662724,44.57074293230581,44.48421990146629,44.40676596219117,44.34692002719507,44.29962784515425,44.27255271348034,44.27098448400927,44.29572788413253,44.348670568700896,44.430802253404984,44.54720756594821,44.69582479766598,44.90945984297392,45.06629680000972,45.173821812557705,45.30037654228599,45.38774060536388,45.42205167834452,45.398987727417015,45.34394250677843,45.258447034764664,45.13743503379422,44.99516164831736,44.860938625977994,44.74425546631973,44.6450342512884,44.5669329515877,44.516868897842315,44.50385162462464,44.53825289142586,44.63134028964454,44.790632627065285,45.00590430763534,45.25936653737763,45.53241971568873,45.809517240602936,46.07960588454292,46.334639416360055,46.567830089099004,46.774455833211555,46.94929329989937,47.07673475238787,47.14987368450165,47.181356360854394,47.190073664584254,47.18392820869051,47.15810465547809,47.113180702700205,47.0683262370699,47.05122073322892,47.08481370661792,47.15466641350119,47.26112809422901,47.41865988272275,47.68965679570616,47.93681832263657,48.125830242421095,48.36570602050551,48.575363094968736,48.7467116920926,48.8668915400001,48.928529147214846,48.92830318069885,48.869431207628395,48.77343099544011,48.65988945243404,48.53833580915176,48.416511051182276,48.301140098727856,48.217194450945435,48.17687052720245,48.195730326998586,48.26309778368347,48.41055108981444,48.6153152046368,48.86111198492946,49.12877532173476,49.402784565127455,49.67766196818913,49.945923231280815,50.20124169401961,50.38543960964651,50.542702822206415,50.658130750623116,50.724297149501766,50.738387608611056,50.69822925694028,50.62217119034292,50.5290554870058,50.43933229838872,50.36859579718502,50.33716652831738,50.35306454927273,50.41033613445719,50.50876948935829,50.63761226017567,50.79864556399096,50.98516218345319,51.1760525746254,51.33689206784795,51.4577647911663,51.53995395662519,51.57617746588207,51.56936359042238,51.4893170871864,51.373039974269616,51.17876706200388,50.993230439106675,50.8561981066845,50.67666799012893,50.48332474915223,50.31536294204008,50.22168267679868,50.232553395380855,50.32856130358263,50.473351937271836,50.63755443841218,50.81083541704228,50.981331740510434,51.13393152988859,51.25820209706342,51.34318229483691,51.38096793367221,51.36146383363113,51.29708981663289,51.20289511738802,51.089852388452876,50.973976937689606,50.85724625294752,50.74064270551242,50.622153499289375,50.511262517154606,50.41996072524527,50.357639015476295,50.33216867277068,50.34969326793339,50.41909275531058,50.54699500739623,50.724762373085866,50.919400839171495,51.09932065219342,51.25153621197157,51.37052759388335,51.45433806572352,51.50074016310661,51.505928702096604,51.47662261864857,51.42772472773992,51.371124468818294,51.32197229370156,51.28425436831551,51.263208188338744,51.261229315901616,51.28139534504348,51.32738603233029,51.4030421250636,51.511733237070324,51.65578335398175,51.83361014845668,52.037850865909384,52.24800002330144,52.44436148818093,52.609162400431366,52.74179527054853,52.84216033703242,52.90834852582818,52.93765585600647,52.9314888184429,52.90077698080621,52.857295825732315,52.80820308355995,52.7599353459791,52.71514845004542,52.67211217774773,52.63646601425851,52.612453150908685,52.60475544723392,52.61795141486429,52.65635409006193,52.723961530620116,52.82390684036332,52.955499767706314,53.10666914691721,53.263468947330324,53.41342057465067,53.54536180799579,53.65115251322277,53.731254470522664,53.787675111444536,53.82218525132598,53.83676883790313,53.83324060374082,53.8135514944267,53.78127922815097,53.740309454117074,53.69434830955397,53.64693967891981,53.601583836439346,53.56227438282124,53.53332769526563,53.51975838779409,53.526821045740135,53.55807932849343,53.617766480736115,53.706710344040566,53.81883779635789,53.94788568326484,54.09282386033656,54.25192934417717,54.42151437603315,54.5946783192211,54.7691825674758,54.939367121827104,55.101630596898154,55.252779435127486,55.3898012533681,55.51132747996942,55.61450566562166,55.709183334931964
33.16190070866665,33.36056796845286,33.55040141021052,33.73474313127218,33.91608195159484,34.09759999583703,34.28344101432038,34.478031880314774,34.687659854229814,34.92080816141845,35.18603386447684,35.48765793489719,35.82906603261815,36.20789258332109,36.61735843359902,37.057837930149475,37.52222779933804,38.0555603074157,38.55700541611026,39.05137751508555,39.5250741404424,39.96525934592358,40.343748688609416,40.60700652747232,40.89440727819519,41.13511833799349,41.33017637722895,41.48150582960211,41.591724575719574,41.67059498483352,41.73095771406982,41.786564334530055,41.85173397043705,41.939356323014785,42.05347256421759,42.19763140514915,42.376724809336984,42.59273752427621,42.90661636410318,43.217537591004636,43.555397618685426,43.89157121424352,44.21571401178943,44.41271375815918,44.588098468661364,44.712298254065416,44.791309045669486,44.83650479637525,44.83632319297751,44.78668842114856,44.70239407211371,44.60748264325761,44.51851066301604,44.437300805411994,44.37135110788206,44.31752292409645,44.283538994247245,44.27482368433358,44.29316196539344,44.34058462553682,44.41917152564638,44.534599710951284,44.6847598241608,44.90230569673337,45.064454566914634,45.17829836212282,45.311906473074686,45.4064890973256,45.44717309669134,45.42894150297303,45.37699574570835,45.29364973268129,45.17240655568952,45.02813710768875,44.889886126066116,44.76719952632286,44.660252393876235,44.57315291988211,44.51340253278669,44.49068783915027,44.51609068499772,44.601609882406564,44.75543893836624,44.967608955132846,45.22034290818611,45.494850740674316,45.77524391551071,46.05009536788798,46.311008981028316,46.550808485998715,46.764433355157266,46.94677812809904,47.081922518360436,47.16172954633304,47.1978097978656,47.209015598055124,47.20317763956147,47.17558811901617,47.12654929875684,47.07548040395375,47.04982481670303,47.07359370966511,47.134877781287294,47.234112978947586,47.38630314115132,47.656602280643874,47.90640333627448,48.100089961785294,48.348469067585164,48.568271874018855,48.750106792562846,48.88041561704647,48.950758945203155,48.95705882043685,48.90217036671645,48.80770235328286,48.693132341821254,48.568149492489574,48.4407898740858,48.31831515257179,48.22468424092162,48.175338406017815,48.18447321196512,48.24399906821631,48.38401754109888,48.58409564747004,48.82823900489862,49.097219240275976,49.37493362632407,49.65545426199463,49.931243222496306,50.195547530324205,50.389394916294975,50.55284788540222,50.675476456120485,50.748024514558836,50.76654363459629,50.728319459741364,50.65208034394674,50.55689381940034,50.463430554017904,50.38762723957974,50.349918505876154,50.35870036893287,50.40897335979313,50.50101566881777,50.62624554923155,50.78616649270176,50.97530634992893,51.17242617853206,51.340947899328405,51.47020881448065,51.560823909770306,51.605422886307565,51.60221652264864,51.52729553957428,51.419116507788765,51.225193066831295,51.03824193903774,50.89837744457801,50.713456571429326,50.512215892966196,50.334914963400855,50.23097092103694,50.2318094045155,50.319996995707456,50.46001241613908,50.62307416721312,50.79891925385971,50.975061923592826,51.13493326922209,51.267174184471784,51.3604163321626,51.405813223075526,51.392960403291106,51.3336934757109,51.24268573046752,51.13055462327639,51.01266711360824,50.89161912253946,50.76884513691124,50.64329588592467,50.52477787712324,50.425586027172784,50.35558672174066,50.3231448220232,50.33499722109188,50.400581580129355,50.52713785907492,50.70625147185307,50.90461037982357,51.09005354959861,51.248669914422656,51.37427109688303,51.464216759970576,51.515953030531335,51.52522812497353,51.498811467726085,51.4510496582605,51.39406054920298,51.34209802272509,51.300123899495176,51.273193749149925,51.26430230051315,51.277180422547524,51.31612752243478,51.38557161967249,51.48949038188896,51.63088037037614,51.80894495916443,52.01584108450009,52.23084665104036,52.43346091986415,52.60572367682889,52.74622201606266,52.85429256200378,52.927459635149425,52.96244440057189,52.96012154729947,52.931485216969975,52.88843875632854,52.838514835874676,52.78739791779827,52.737772562668496,52.68932554205228,52.64754878279824,52.61709988911026,52.60308731937467,52.61050581152448,52.64407965944024,52.70821783283949,52.80647926232154,52.93847893488359,53.09190005726294,53.25236302216094,53.40692029758051,53.54392531253545,53.65478882819694,53.73969239159628,53.80042524526793,53.83857101326038,53.855951495055336,53.85421961498193,53.835187953586036,53.802477125286345,53.7600495129406,53.71166949516926,53.66092827186971,53.611394665642315,53.56719387522835,53.532907794346784,53.513774899262245,53.5152870208236,53.541371905558684,53.596415808039666,53.681349105010824,53.79044438270772,53.91752138291013,54.061489771838005,54.22063254548183,54.391285602285876,54.56672766147271,54.74398623458258,54.91755177894246,55.0836724713358,55.23900655199558,55.380391194810166,55.506014789024725,55.61358748994929,55.71335339798619
33.1046978579181,33.30425830759905,33.49375426024547,33.67658474004873,33.85543781676107,34.03370069831369,34.21566153584315,34.40587016840667,34.61077643182523,34.839024709493664,35.09936265222961,35.39640408928833,35.73381125421088,36.109517366564226,36.51744207560546,36.95703331745703,37.422505823598634,37.95967502520788,38.466816575998564,38.96881484792475,39.45179900486018,39.90306322035826,40.29261067107476,40.565150845210574,40.86315997734782,41.1129514250386,41.31527168109169,41.47176308571983,41.58480820060813,41.664449113329674,41.72388726128045,41.777103786160666,41.838525217264824,41.9211912948723,42.02972816114842,42.168377768646394,42.342733175073235,42.55560950467076,42.86750766568522,43.17921845143463,43.521174274191594,43.86474170766919,44.19952444223383,44.406044234408235,44.592239243732394,44.7247426119105,44.81169262504314,44.863616637485904,44.86893487118722,44.822427667751725,44.739587786607,44.64437304879727,44.55318648854073,44.468377489292685,44.39640356610082,44.33605816077342,44.29512180877536,44.27915841410544,44.290941636027235,44.33265805768835,44.407485380725895,44.521696422278076,44.67315271784995,44.89372246909227,45.06108316694448,45.18167551989991,45.32228130707433,45.42413297339381,45.471365704740535,45.45824226271987,45.40967012609547,45.32876458904681,45.207618003625484,45.061678325902264,44.9196698891665,44.79117711776666,44.676638770069715,44.58061763509294,44.51119631319114,44.4787315144762,44.49500661621216,44.572743333987106,44.720809461200936,44.92951982530672,45.18114721651354,45.45674615777415,45.74011071683873,46.019454471574086,46.2860405612407,46.5323102362813,46.75287492740772,46.9427837302305,47.08583426218879,47.17262302263542,47.2136397616419,47.227633974826055,47.22236918627036,47.19327641275857,47.140385596252756,47.08331760338082,47.04922243331587,47.06311370262718,47.115665141339115,47.20742624569641,47.35393014623128,47.62218906380384,47.87415325943896,48.07310648747129,48.32973929653246,48.55958564961484,48.75193181540054,48.8925147890158,48.97181417600625,48.984971556193635,48.934449282921975,48.841895056379975,48.72663296576417,48.59850629532351,48.46584956428526,48.33646322694665,48.233264776243146,48.17493061434559,48.17422184539512,48.22570840359754,48.35796059620246,48.55296069227566,48.795060425365904,49.06500283786308,49.34612594735879,49.632051657951884,49.91518933959896,50.188209326043456,50.391907080546204,50.561617376766996,50.69162100547667,50.770794867029764,50.7940423065992,50.75808521966393,50.68199221703197,50.58503205627868,50.488070998352164,50.40735811956572,50.363401615618336,50.364973311545455,50.40805051501662,50.49341014068194,50.6147016272946,50.773155032407104,50.96456734874605,51.167632678898435,51.34367090651071,51.48127518949195,51.580375210913466,51.633509023088834,51.63411421668661,51.564938214211296,51.46493800163152,51.271743495985426,51.083631148534074,50.94103443095481,50.75093923584794,50.5420715931989,50.35563597788391,50.24144696825507,50.23201784375276,50.31197501537409,50.446755780878995,50.60826471131858,50.78632890930713,50.96785140161014,51.13481502422919,51.274937789854846,51.37646107574494,51.42960060178102,51.423641516210274,51.36978219273511,51.282261172980675,51.17130015746141,51.05160038810554,50.92638564174292,50.797549754678755,50.665019711844025,50.538918738704915,50.4318351652062,50.35410491103829,50.3145833472575,50.3206007761119,50.38214866595728,50.5070798879375,50.68723147125703,50.88903467538026,51.07981472581434,51.24474926168477,51.37696980612233,51.47313532401411,51.53036743087632,51.54397058862551,51.520737009780085,51.47441273086914,51.417309337778754,51.3627466405996,51.3166491968028,51.283891252459256,51.268073203465605,51.273584510378015,51.30534955791191,51.36838978176152,51.46729867121489,51.6057556391469,51.78376921717496,51.9930426955424,52.21267078406688,52.42137252557693,52.60102526005559,52.749401860208934,52.8652684466067,52.9455783321365,52.98646742354407,52.988258910824015,52.96197702049213,52.91961875276478,52.86906857661638,52.8152538113087,52.76089320163533,52.707099025255204,52.65921425948433,52.62231081767109,52.60192313120406,52.60346214365374,52.632064380100616,52.69255193158812,52.78891386078902,52.921080921883394,53.07651694812063,53.24043604875969,53.39944505821489,53.541433211910494,53.65737464418358,53.74715960832803,53.81234343705131,53.85430713884958,53.874694419369476,53.87498120050191,53.856829109349654,53.82389437598939,53.780210043844626,53.729592320913525,53.675672671248584,53.6220821381179,53.57307593495127,53.53349792787334,53.50880606172169,53.504724767945895,53.52554250303087,53.57579722569304,53.65652644690202,53.762362404197404,53.88722683122207,54.0299824437705,54.188931907265996,54.3604482499197,54.53799869339215,54.71787116782672,54.89471055292707,55.064615072438926,55.22409578345793,55.36984075548092,55.49959168328975,55.6116244352323,55.71656365852535
33.047129351974554,33.24775807360474,33.4371052130635,33.618613215791086,33.7951575615473,33.97031746954448,34.1485108930782,34.334398746815644,34.53459125182558,34.75789062411853,35.013230767471974,35.30552010905618,35.63869987559398,36.011012181148615,36.4170936423779,36.855469593071206,37.32169249555787,37.86162038389921,38.37402489017513,38.88328801634241,39.37528089574614,39.8373922353049,40.23809228639271,40.52102687348049,40.829787200653456,41.08887067480888,41.29872273121056,41.46069022172509,41.576907771655755,41.65767559367343,41.716530438676195,41.76765554198531,41.825554312850684,41.90338928427578,42.0063695366325,42.1394335780957,42.30887711261421,42.518345168564686,42.82699065960666,43.13881484945429,43.484305139138314,43.83504393039329,44.18040630429566,44.39729038269671,44.59438463285321,44.73537383589616,44.8305031433415,44.88942611155191,44.900564366648,44.85755591110392,44.776549960571494,44.68136397290458,44.58821063360597,44.49996999976805,44.4220684639838,44.35523754569088,44.30731615966911,44.28401457253412,44.289100081448275,44.32492940991641,44.39578133643367,44.50852656154733,44.66101809237792,44.883659487597285,45.05611896012568,45.18391080574275,45.33144103251498,45.440597611803426,45.494547772555215,45.4868087468563,45.44188833369448,45.36371862123911,45.243009138863755,45.09573820466088,44.95025784689654,44.81617245551973,44.69419504762108,44.58934680110363,44.51028732292839,44.46803485903393,44.475064137722995,44.54480991392813,44.686812725297415,44.89169854232256,45.14182909113573,45.4181397634157,45.70413294846865,45.987678339920684,46.2597084198002,46.51228936949698,46.739717110596466,46.93723387626906,47.088387069444295,47.18247125693792,47.22876901218807,47.24585993231529,47.24144715153714,47.21113104556456,47.15467208900193,47.091842832144714,47.0494443746478,47.0534312318413,47.09710113342749,47.181147668530535,47.32162152288745,47.58641115142921,47.84003244603731,48.04489269908102,48.30949901602779,48.54925863021915,48.75211986874802,48.903107373867805,48.991605862437986,49.011952500042234,48.966185211229146,48.87593643911561,48.760331991959866,48.62936300831738,48.49166498084944,48.35557657783778,48.24295299203665,48.175677125299664,48.16502533859786,48.208280326475546,48.332439375978346,48.52196468134788,48.76162046575718,49.032155663760335,49.31637363060209,49.607447177808666,49.897733046055826,50.1791554806376,50.39285447555232,50.56893689790249,50.70648595568248,50.79252914333669,50.820810676774194,50.78746655670581,50.711863131995635,50.613444833138985,50.51324747244791,50.42780006425371,50.37764298369135,50.37192432298,50.40761865223381,50.48601236101895,50.60303468740717,50.75965475358346,50.95296918110022,51.16167002685984,51.345035395128996,51.49091776781734,51.59854713724293,51.66036511322735,51.665090633496,51.602271896122936,51.51044173949241,51.31837201373202,51.129361094191,50.98413660303925,50.789099221912586,50.5729002730572,50.377559720003326,50.253166103457595,50.233247587168435,50.30456661746457,50.43364731817335,50.593178093410266,50.77309503925054,50.95970409837502,51.13355583145001,51.281451687876526,51.3912582897353,51.45226176247358,51.453435333205505,51.405285660790355,51.321555027712215,51.21202731666432,51.09072556219275,50.9615088776048,50.826737037335675,50.68732158598337,50.553696287627425,50.43873248516062,50.35322883005671,50.30652730894101,50.30655026121995,50.36383769604691,50.48685476930367,50.66771957346743,50.87267062702827,51.06858039150743,51.2397326632758,51.37856782859348,51.481027964092526,51.5439124131652,51.562086225317735,51.5423338136045,51.49775797498093,51.440825823726385,51.38388986018294,51.333816263565375,51.29530161190041,51.27255735551747,51.27063553841013,51.29508984503652,51.351540534874935,51.44520382304504,51.58045094836455,51.75811267331042,51.96947009650589,52.193468218825174,52.40807369657706,52.595024929638114,52.75127513535412,52.87501466490356,52.96262274965487,53.00964036278147,53.015820278077356,52.992180156047304,52.95077390531984,52.89981062635144,52.84346145962638,52.7844860101269,52.72542263397402,52.67146661907375,52.628103062847444,52.601290749476135,52.5968559670677,52.62034768151713,52.67700256000789,52.771243265764674,52.90332638687018,53.06052410795157,53.22767367207439,53.39096185630285,53.53783626792863,53.65884895996361,53.753588057399746,53.823358864378555,53.86932375790093,53.89293170530981,53.89546579406809,53.87842366402226,53.84548952695603,53.800760708779755,53.748098563384545,53.691167468712734,53.633653940822704,53.57994118016642,53.53513065241523,53.50489487855898,53.49518571791208,53.510647883246506,53.555969462156035,53.632299962966144,53.73464464750461,53.85704695238163,53.998336982013626,54.15685164261462,54.32901511349476,54.50849047234934,54.690824783377636,54.87081935052907,55.04442321703988,55.20800166996858,55.35809549381367,55.491998619940716,55.608551203728325,55.718740607953734
32.98915500313625,33.19103078489978,33.38042663743962,33.56081386755652,33.735241712568076,33.90746658717132,34.08202033709018,34.26366215557178,34.459160162364135,34.677470916175864,34.927710133506515,35.2150825588741,35.543810878321345,35.91245595126611,36.31638633925868,36.75321738174029,37.219851316938524,37.76138789586147,38.27859332928188,38.79472948328077,39.29542128764078,39.768109898812064,40.180043949999565,40.47455641117119,40.794195893970034,41.06277665770215,41.28043117039169,41.4481965895157,41.56794646651034,41.650215697415334,41.70884898610215,41.75820286700104,41.81282620344685,41.885976090278355,41.9834408457886,42.1108570355699,42.27522266108203,42.481008750055366,42.78505729791004,43.096283277020184,43.444712119660515,43.802381607252,44.15824578287801,44.386391554065426,44.594450427991994,44.74410311941673,44.84764768608145,44.91384055402607,44.93112231517332,44.8919956786659,44.81321662447162,44.71840523955934,44.62354635377735,44.532052322772905,44.44833686366343,44.37506506935452,44.320137049532875,44.289418058828836,44.28767048707084,44.317437226981994,44.384096910559805,44.49511899037781,44.64837056138919,44.87206607979505,45.04949830648474,45.18496173950509,45.33932563762677,45.45580839078938,45.51663757019847,45.514559695581084,45.47357305426007,45.398438846636054,45.27851972266595,45.13026964566752,44.9816179308736,44.84216975445069,44.71292289428256,44.599360121797595,44.51071264587121,44.45865008125484,44.45632670218408,44.51787889177155,44.6535172603838,44.854206730345986,45.102438160828484,45.37906535402643,45.66732591428211,45.95476211724709,46.231986819509764,46.49069991519588,46.72489646535709,46.93005233619008,47.08949802569832,47.191191392769746,47.243120309508846,47.26362460794119,47.26035583808174,47.22911352629331,47.16939127081836,47.101061087039014,47.050521432279204,47.044603843644765,47.079258397323265,47.155357021504955,47.28945789604467,47.54926254976315,47.804005249976875,48.01546147621632,48.28773053475155,48.5372450242943,48.75060406074761,48.91211168956226,49.010045027312245,49.03791276405574,48.99729540662212,48.9097538358739,48.79417008810544,48.66067642213497,48.51821098284721,48.375647461230564,48.25376582342875,48.17760791199387,48.15693280288261,48.19176937349876,48.307513001279716,48.49116195698095,48.7279633454983,48.99870726723196,49.2856887784244,49.58163384331275,49.878845805334,50.16831439356685,50.39211547446538,50.57473205041048,50.71999286372872,50.81314827990176,50.846775797275676,50.816403490864786,50.741649411234754,50.64210678547949,50.53895381736154,50.44896470075447,50.39266973624264,50.37959434910598,50.40772882355083,50.47888178589685,50.59129892261149,50.74570922670733,50.94053584818714,51.154536173551605,51.345015670917434,51.49909040107401,51.61527896594697,51.68592039372466,51.69517936241207,51.63932337033465,51.55556500506594,51.365032284336756,51.17539480260379,51.027651498055754,50.8279197681511,50.60471035574801,50.400719924273226,50.26618361164909,50.23556750883839,50.297843056861,50.420752314703975,50.57786633616987,50.75924829955589,50.950623937700136,51.13113472742461,51.2866746532008,51.404749738284984,51.473728397838144,51.48227001509368,51.440133572961464,51.36050087744689,51.25267442654148,51.12999143688107,50.99695189717203,50.85638746340272,50.71019811727869,50.56912170961856,50.44630233285106,50.352993725483486,50.29901976754114,50.292892004642546,50.34569235365075,50.466496178493095,50.64773298065393,50.855515135954334,51.05632675734468,51.23357852871366,51.37900927128871,51.48782888644409,51.556517026421595,51.57950516731537,51.56353644799326,51.52102942001091,51.46456499622664,51.40549939433295,51.35161110310994,51.3074257411071,51.277770087427236,51.26836143651901,51.28538609008354,51.33506780255701,51.42325155537636,51.55500808609958,51.73200507839297,51.945137684860114,52.17323475175947,52.39354182412244,52.5876804651031,52.75178217386497,52.883457890956734,52.97851102057002,53.03187865614255,53.042725018120336,53.02202238831017,52.98184230427257,52.930687305646266,52.87197929586738,52.80852663132432,52.7442863748262,52.6843100363235,52.634493750895516,52.60121804094498,52.59072283758191,52.60896899316386,52.66160845124066,52.75350010724739,52.885235988008404,53.04392582521708,53.214061537052906,53.38143769159337,53.533085242397604,53.65915077431799,53.758909675493236,53.83340070483353,53.88355100022172,53.91059744734074,53.91561382944786,53.89992031990856,53.86722112488215,53.82167116969662,53.767169999180055,53.70740725591845,53.64611776071336,53.58781022905017,53.53783852454235,53.502084353160605,53.48672130152717,53.49674480854213,53.536991245888515,53.608727246455096,53.70734389930693,53.82702667056972,53.966588492446924,54.124415964612645,54.296998987571136,54.478202055714235,54.66283449740467,54.84585407849642,55.02306172197104,55.1906787519815,55.34510096824169,55.48317605615377,55.60430249769502,55.719810737675594
32.93073462370331,33.13403995991398,33.32369090214886,33.50317200440232,33.675690796437905,33.84516432883619,34.01622111894372,34.19370493470514,34.38453901157409,34.597830596548576,34.84287267363592,35.125168003415524,35.44922324394683,35.81392760110852,36.21539337159015,36.65034730821263,37.11704578946346,37.65896907346645,38.18048486396081,38.703071711682036,39.212121655084644,39.69507971892842,40.118316077331635,40.425661257171804,40.75629300315547,41.034569944116285,41.2602986414412,41.43419154098951,41.55784746281983,41.64201069610593,41.70080464340339,41.74872902620485,41.800345835305485,41.868977511933096,41.960986243735505,42.08270634314182,42.2418358595987,42.44366448324015,42.7416995326379,43.05158022608893,43.40231712189313,43.766658463081555,44.13292906288399,44.3732870995552,44.592352421116864,44.75084165586647,44.86303333877989,44.93676730036112,44.960519352576675,44.925669497898454,44.84952380877177,44.75544667274133,44.65915690462051,44.5645984442421,44.475199827272164,44.39554472227004,44.33359948097104,44.295394772198854,44.286686038309234,44.31022005364601,44.3724696208944,44.481502570388294,44.63522473852823,44.858891573232235,45.041157566048085,45.18478584104071,45.34587511063975,45.4696906885866,45.5375533677334,45.54141384909299,45.50464697354693,45.43285228261551,45.314089516293684,45.16522555062513,45.01371807271505,44.869153229428164,44.73282397780638,44.61067730105829,44.512509365892356,44.45062938957042,44.43885776224921,44.49201953705929,44.620991596188155,44.817106013542606,45.063024054367595,45.33955672603377,45.62970491816073,45.92070094787273,46.2028500231724,46.4674959029282,46.708349552323114,46.921162879968904,47.08908421652222,47.19870057366004,47.25661641360902,47.280859139122,47.27903954862415,47.247185363804086,47.18452563551604,47.1109773648573,47.05248439779048,47.03668908437475,47.06220957279728,47.13013407867472,47.25751989062781,47.510737265048775,47.76603602516496,47.98482569847912,48.26441616138415,48.52349904030281,48.747317499541644,48.91944605405886,49.027042693442894,49.06276346030718,49.027697124085094,48.94327458103904,48.82808792189795,48.6924033274401,48.54546242934738,48.396668133110374,48.26572020554603,48.18075294754206,48.14999334955864,48.17623008131553,48.28324059295972,48.46060686146912,48.69413328401511,48.96468719754223,49.254083493196184,49.554604676211895,49.85849908090058,50.15561446429148,50.38956845043747,50.57892843589276,50.7320632866062,50.832573213147164,50.87186472025809,50.84483604213872,50.77130737714636,50.670992548798395,50.56518387414946,50.470863656178715,50.40850899941956,50.3880243357929,50.40843208107384,50.47207787138375,50.579548525949924,50.73136202225519,50.927291351202484,51.146229070108994,51.34358603961017,51.50574694087912,51.63050997421386,51.71010410158223,51.72441399277008,51.67611942187198,51.60024508204664,51.411677972065355,51.22169530036781,51.071546653228644,50.86738411309129,50.637510264478166,50.42515032520771,50.28055477783411,50.239046482838454,50.29187558844535,50.40813605715259,50.562381462279106,50.74481934608915,50.940614843398144,51.127530748693026,51.290565460491536,51.41687718554533,51.493932200559605,51.51007372269173,51.47425562233328,51.39903230496947,51.29317981274934,51.169346813181726,51.03267776749154,50.886481511400596,50.73364591466598,50.5852061904061,50.45456905409257,50.353434844006166,50.29210378352534,50.279672334606246,50.327756322021315,50.44603779082547,50.627288894986215,50.83756510334518,51.04303003399286,51.226245267516276,51.37823824120022,51.49347229730721,51.56811031966911,51.59615754688365,51.584279481740325,51.54417109537416,51.4884818444603,51.427546955907495,51.370019718763515,51.32026455371298,51.28372672995339,51.26679013457981,51.27627599932782,51.319015508352,51.401487586205775,51.52946884042253,51.70547618324479,51.92005985807464,52.15196617931393,52.3777542994709,52.57894964597716,52.75086330810829,52.89052479882861,52.9931612777474,53.05309774148576,53.06889250001375,53.05143148195537,53.01276203990184,52.96164493506729,52.90076575314775,52.832990708408595,52.76368025442924,52.69774868599057,52.64150000807155,52.601732872364686,52.58509831101201,52.59796774451489,52.64640833842832,52.73571701523604,52.8668303834625,53.026726388378485,53.1995852886431,53.37083956383548,53.527130897125105,53.65821908602768,53.763056399290285,53.84239813600006,53.89691899561924,53.927625739926555,53.93536574040854,53.92126777931329,53.889047716463686,53.8429110885458,53.78678840489781,53.72438662452203,53.6594812847465,53.59670369977892,53.54165410082463,53.5004174889131,53.47938294959617,53.483890041254305,53.51892130535029,53.5858658906209,53.68051294628201,53.79721090996729,53.93477208095,54.091649086345036,54.26441266670896,54.447132500856775,54.63388772607719,54.81979064357723,55.00049540406475,55.17208156995075,55.33080273719828,55.47306444910514,55.598813019389986,55.71970053909526
32.87182802597597,33.07674911707717,33.26687037596622,33.445672935385794,33.61650533977131,33.783426972181026,33.951144489703424,34.12457162424584,34.310783647588714,34.51903467611952,34.75879031116276,35.03585300735377,35.35501595402432,35.71550605486766,36.114187944714665,36.54692999723654,37.01333941485547,37.554355429085945,38.07966246485382,38.60824716448843,39.125283472618285,39.61816520370257,40.052759083825244,40.37426321037145,40.715985474067736,41.00415110444913,41.23822678716525,41.41858442804432,41.54653393823208,41.633001861295746,41.69235915042504,41.73921728459379,41.78811815467883,41.85241934829317,41.93904988559197,42.0550397028843,42.20878274728629,42.4063766022164,42.69690931583277,43.0046621886171,43.35704205197105,43.72777822271815,44.10434232921668,44.35791637020688,44.58800640419598,44.75550063863968,44.87656718695372,44.958113686009895,44.98866611467154,44.95849989626233,44.885407543936346,44.79243809643037,44.69500554170104,44.59758235011041,44.50264841694244,44.41668049494313,44.347718456588,44.30197061185339,44.28617992057779,44.303316434669455,44.36093698522757,44.46770616319752,44.621595237439514,44.84408529545548,45.0310330988422,45.18334063020335,45.351029439784014,45.48216988342999,45.557213435223076,45.56728994759077,45.53503277730976,45.466885946555344,45.349658281008594,45.20055882123669,45.046526204038294,44.89710709532077,44.753899965944775,44.62331804276914,44.51571456686455,44.4440249924121,44.422720770572234,44.4673011193333,44.589304262438574,44.780458016078015,45.02363640052887,45.29964767586518,45.59128526398612,45.88548997611697,46.172272293591064,46.44263136224405,46.69001293212812,46.9104892775809,47.08706272748738,47.20491594313801,47.2691800844933,47.29749466327605,47.297442585884276,47.26530806695606,47.20005767690898,47.12159666239313,47.05536406276201,47.02974450036848,47.04602729962035,47.105558614094825,47.2258881315617,47.470829303529264,47.726089125508864,47.95299824547133,48.239538204605964,48.50797488670714,48.74219329327244,48.925028785317366,49.04250988364379,49.086415700869715,49.05730761860221,48.97642600899518,48.86202616103454,48.72450051489656,48.57339417941878,48.41863084946256,48.27883307351514,48.185142205058106,48.14425608993521,48.161716986574284,48.259681271871536,48.4303537371066,48.66017450073345,48.930125003955396,49.22156987728789,49.52635269825389,49.83666433622261,50.14098409227174,50.385091776620705,50.581451655951106,50.742618781305715,50.85072487949506,50.89600449787583,50.872704230525436,50.80079335212746,50.70007675859392,50.59193148386809,50.49350855763721,50.42518789936959,50.39725522891029,50.40977947690899,50.46566007354773,50.56783769046475,50.716656710703546,50.91325969134194,51.13674666766737,51.34072080694136,51.510841238849835,51.64417943923188,51.732845473801575,51.75282811390531,51.71268683576033,51.644419254129076,51.458262741183525,51.26822561407834,51.11578960578231,50.907475495261,50.67130842245457,50.45088465732087,50.296334887017224,50.243753383244446,50.286735467099724,50.39586383220099,50.54677549441965,50.72983883471631,50.92968073928166,51.12272293179537,51.29308288441273,51.427582395667685,51.51280486332286,51.53677461681653,51.507581501990664,51.437082893064655,51.33348180094425,51.208740492105946,51.06864955561026,50.91699965985002,50.75766158708119,50.60196091571784,50.46355699470024,50.35458743231231,50.28582241736107,50.26693757933757,50.31007328441117,50.42551328162046,50.606404518633944,50.8188174303875,51.0286664321188,51.21769128920153,51.376198845320246,51.49789240292017,51.57862134193138,51.61197349628775,51.60449748363959,51.56712703048576,51.51253135760811,51.450004257764405,51.38902811385311,51.33381896335175,51.29044261385448,51.26594956246764,51.267797279044274,51.3034275758042,51.37995763353022,51.5038749994039,51.67855573868803,51.89425101361903,52.12965829793278,52.36068851388031,52.568790251786936,52.74845887045081,52.89614206258154,53.00649165405249,53.073213056669594,53.09424209281843,53.080335201657576,53.04347120248646,52.99262983518087,52.92977926458354,52.857853884560775,52.783594279400646,52.71178674283194,52.64913896063175,52.60286311048929,52.5800179431736,52.58738336504428,52.631440954712765,52.71792661972953,52.84813023139695,53.00893008589707,53.18423057179282,53.35913447277818,53.51992399391886,53.655992893873595,53.76596016547271,53.85028033546203,53.9093578739008,53.943950677531596,53.9546619607175,53.94241474454115,53.91092784839652,53.86445012727792,53.80693555713554,53.74210016617975,53.67375219987871,53.606642210529074,53.54660993783197,53.49993728920299,53.47322209292417,53.47214034371952,53.501818369001214,53.56377348871547,53.654204575107464,53.76764459475528,53.90292285340243,54.0585752208967,54.23126894546833,54.41528086514691,54.60397188556462,54.79260495251949,54.97668908015337,55.15216466433029,55.31514635911673,55.461604255970975,55.59201747107092,55.718336503616996
32.812395022254414,33.01912177481916,33.209937427666745,33.388301969564225,33.55768586918281,33.72227079484777,33.886821700433956,34.05630676422394,34.23794991854121,34.44114816577154,34.675534969389716,34.947214135362266,35.26126799010766,35.61727023673539,36.01284326397455,36.443036073560336,36.908795694837416,37.447538475616724,37.97608910260289,38.51018830464218,39.03480821478222,39.537229861183114,39.983223384916684,40.32028406965926,40.67318025256474,40.97142070909853,41.214117250369966,41.40128460257796,41.533929070395025,41.62313046453533,41.68347424701218,41.72965090716491,41.776148107819026,41.83632739841164,41.91767592647678,42.02791531687015,42.176129363266824,42.36920934108149,42.65069576650009,42.95549457405952,43.308808854536004,43.685644610997976,44.07237176677916,44.34021871706126,44.581328169197484,44.75799126113067,44.88815631611984,44.977787046425114,45.01547323727137,44.990409401218315,44.920803860429736,44.82932933460624,44.731055520584555,44.63097802631268,44.530673694806694,44.438476377879525,44.36250897898819,44.30917147700172,44.28618531929076,44.29676491481326,44.349536521349435,44.453758630424275,44.60749667176753,44.82759667164681,45.01906126489354,45.18058362684679,45.354728613289645,45.4931713535545,45.575536042730626,45.59210673127323,45.564653151303226,45.50046685583343,45.38516577807227,45.23622235920514,45.080010256460675,44.92601556699713,44.77615252644998,44.63730205081358,44.520365332660546,44.43888909821133,44.407979179806986,44.443792908135514,44.558523788863134,44.74432436211784,44.98432482808811,45.25937199994812,45.55208225563994,45.84912434629917,46.14022789356873,46.416060322693646,46.66982316540566,46.897955299001396,47.08335064416516,47.209754644732804,47.28073408216648,47.31346231782161,47.315509252582096,47.28344314460846,47.215969888811166,47.132923976440125,47.05919121877417,47.023827637963194,47.030784217563316,47.08171040182031,47.194643243771196,47.42953946176881,47.68413310455941,47.919991996794835,48.21307897309741,48.490626771969794,48.73516455008235,48.928778201297526,49.05635762072881,49.10878059781635,49.086044145157665,49.00913545412647,48.89592547321227,48.75692477516815,48.601981092130224,48.44152786627248,48.29312136246266,48.19080565765583,48.1397701353216,48.14828462592341,48.23689415886832,48.40045692618763,48.6261312150792,48.8950502357357,49.18816003306998,49.496870931186486,49.813313034767205,50.124351676967855,50.37856382616717,50.5822273121873,50.75158090481808,50.867524215367595,50.91912218228329,50.899948076022724,50.83006365857507,50.72933405036425,50.61919048757381,50.516911032240735,50.44273356224012,50.40732797432761,50.4118220631624,50.45968784845691,50.55622060919828,50.70163686252888,50.89846486980119,51.12608691736203,51.33639427864515,51.514327146603314,51.65622663818929,51.75407374738422,51.78045531515306,51.749052397025245,51.68802480500772,51.50474025595698,51.3149487703307,51.160347892941104,50.94817715318802,50.70611325288411,50.47795665512681,50.313579224202975,50.24975708413218,50.282493947706165,50.38400092653094,50.53110045527321,50.7143374213033,50.91782554916337,51.1166903132717,51.294185699628294,51.43680713280336,51.53027807881285,51.56230085828496,51.540040905018465,51.47458622451721,51.37351871678262,51.24812127466494,51.104830328575076,50.94792238727171,50.78224174346029,50.619397071281604,50.473290500489064,50.356486737089455,50.280218729515745,50.254734067063055,50.292686924072804,50.40495632619777,50.58509705376682,50.79926901826806,51.01321216238925,51.207875003287356,51.37283519064099,51.50102340952135,51.58797914223201,51.62688314779288,51.624125022485046,51.58984125476075,51.53666852485088,51.47284301276155,51.408622291705726,51.34808988365708,51.297933069888956,51.26586765005771,51.259987635507784,51.288347928457846,51.35870741534665,51.47826835111419,51.65127349554486,51.86772554896284,52.10630690406021,52.34232185860853,52.55716006205903,52.744509193259354,52.90023635627791,53.01842028235079,53.09214003955248,53.1186931655952,53.10866131209145,53.0739078823053,53.02358832655344,52.95897826329078,52.883091802961935,52.804018456357895,52.726428381604606,52.657427734832396,52.60463662207289,52.575517289882264,52.57725528422611,52.61674503323583,52.700161550726754,52.82915618997619,52.99054120623417,53.1679830314499,53.34628941817051,53.51141529458659,53.652411196636706,53.767552910722316,53.85697648080327,53.9207977648737,53.95950635462019,53.97344292414211,53.96330991789687,53.932820067376596,53.886257947843546,53.82759323249103,53.76054247254794,53.688938193066676,53.61764637947702,53.5527385921343,53.50068675741681,53.468290162316144,53.46155247827435,53.485741165301114,53.54250763399078,53.62847157246091,53.73837264911462,53.87107591568378,54.02521858135261,54.19758061840939,54.38264620595458,54.57307439203625,54.7642729120713,54.95160756706926,55.13088257557418,55.29807739243033,55.448735933927466,55.58385055499543,55.715645122645086
32.75239542483884,32.96112145156979,33.15286442602542,33.33104441599491,33.49923291128693,33.66171207447837,33.823284002199934,33.98895489466953,34.16609367256485,34.36423607638752,34.593178571619404,34.85932795211437,35.16805833375074,35.51929907090351,35.91143253471218,36.33873616193236,36.8034781311321,37.33854748072228,37.86974663416584,38.408832530778675,38.9405974323909,39.452137199418694,39.90955939604229,40.263645633924355,40.62778428450444,40.93627932846235,41.18787167386147,41.38220141648823,41.519956036956536,41.612337777375224,41.6741116730099,41.720013158915194,41.76444064097831,41.82072746134167,41.896908521508706,42.00139138717221,42.143941746662385,42.332226933932795,42.603210249582624,42.90419819972999,43.25761453484058,43.640170990204254,44.036903647294395,44.32013349115921,44.57223350808953,44.7582247167337,44.89770781179515,44.99569471705959,45.040851356189656,45.0213205402272,44.955648788716324,44.866070211248754,44.767270096836654,44.664759458783735,44.55926672299738,44.4609363615849,44.37798605077598,44.31702326685306,44.28673541986249,44.29060403883839,44.3383057470501,44.43968883368731,44.592943655156745,44.809422739746076,45.00520635419842,45.17647235082477,45.356912619386705,45.50262047719502,45.59243946031911,45.6157829403391,45.59343078128204,45.53352202782764,45.42055176874637,45.272169066233424,45.11413816159957,44.955862859325876,44.7995833270742,44.65264902907507,44.52649874715311,44.435273915399556,44.39469644260728,44.421564173007845,44.528718705189924,44.70876667582768,44.94513896582114,45.21876349471004,45.5121111970038,45.81159920273874,46.106691085908366,46.38773681382712,46.64771681278928,46.883484714205736,47.07786505212692,47.21313382197362,47.2912011666333,47.328693240176996,47.333183851437596,47.30155210562053,47.23224476503662,47.144964303791845,47.06399665740734,47.01899604349611,47.016552966397036,47.05866921590618,47.16386585218114,47.38700009210373,47.64026086069923,47.88581983205153,48.18502077553886,48.47140890455328,48.72616437811368,48.93061261995905,49.0684969275118,49.12976926322017,49.113823958735615,49.04133025081708,48.92972652612823,48.78963289891869,48.631198026550585,48.465351439525534,48.30860200751523,48.19777327844911,48.13658459702706,48.135987536011285,48.21493837480323,48.37097077100646,48.59204764647821,48.85949244214741,49.1538660629129,49.466152396757465,49.78841664000142,50.105645617840075,50.36986297222895,50.58118100620309,50.75887121413409,50.88289215718696,50.94114482563491,50.92650759862844,50.85907461888624,50.75873905960761,50.64695472632304,50.54108270709997,50.46117311417856,50.41828351791437,50.414610891940214,50.45422065217939,50.544751475192776,50.68634604820767,50.88293088777591,51.1142477703283,51.330580760455724,51.51615851575676,51.66659084827439,51.77371815933163,51.807329185848594,51.78524289069216,51.73099901837712,51.551064180651444,51.36182779572023,51.20518905192942,50.98947232540019,50.74193317897365,50.506400053139636,50.33234307439594,50.25712645957752,50.2792222851467,50.37261262682424,50.51540836752148,50.69834576171611,50.905053196855924,51.10941192966209,51.29383268080217,51.44449316110369,51.54628353971445,51.58658060791392,51.57156352450149,51.5114758821119,51.41322888592083,51.28743796186991,51.141183153432934,50.97923017218635,50.80738299273924,50.637525842825134,50.48379391727415,50.35916800502517,50.2753357804568,50.243108126009226,50.27564092425876,50.384400599877075,50.5633837025545,50.778916768173545,50.99664343547105,51.196754819291634,51.3680913841547,51.50279952334904,51.59611276959465,51.64081663366422,51.6430966670706,51.6122577976142,51.56084833536935,51.49603493375676,51.428788255648406,51.36307822826263,51.30621342881533,51.26657232722515,51.25288477499323,51.2738204898572,51.337782649651984,51.45269068362392,51.62365920463743,51.84049786157563,52.08190779414041,52.32263172491339,52.54401685632012,52.73895460890065,52.9027343539801,53.02886529550772,53.109794127992906,53.14216508740484,53.136337577931634,53.10401016963717,53.05446672975142,52.98832118238551,52.9086801067931,52.82494279191849,52.74167777706555,52.66638345692964,52.60708127386954,52.57163190695361,52.56762293153446,52.602359307139416,52.68245443822659,52.80992891736468,52.971564037851074,53.150828312562204,53.33227139976144,53.50155556093601,53.64741299309795,53.767766571720905,53.86241574960762,53.93116879834523,53.974226865656675,53.9916490644497,53.98390200168515,53.95468292009978,53.90830421219332,53.848743207562016,53.77970813528288,53.70504695126693,53.62973682479913,53.560072620301504,53.50270889694105,53.46463858857715,53.452183207255295,53.47074842270982,53.52212591969876,53.60336672501998,53.70943999722623,53.83926637367363,53.991603380797734,54.16336048009223,54.34922758064971,54.54118266166149,54.73477042898065,54.925215681644765,55.1081898441364,55.279541395572366,55.43439994015082,55.57424697342112,55.711552887583835
32.691789046029434,32.902711665758886,33.09562373981728,33.273885583735144,33.4411469926982,33.60176708871479,33.76056264606597,33.92256055561268,34.09527075779287,34.288363418850345,34.511793041154455,34.77227102228346,35.07546596650741,35.42167148156386,35.810028962269904,36.23410088710095,36.697450225462354,37.22755197825331,37.7607747038038,38.304252397962706,38.842628379093824,39.36277217932584,39.831618413265645,40.20426970205585,40.57970451574476,40.89862753293844,41.159391700445894,41.361244221672976,41.50453801556455,41.600565071365985,41.66423316826331,41.710287304841714,41.753000700408826,41.80564533613632,41.87679182580651,41.975526115863296,42.112285936595015,42.29549361486767,42.55467443953373,42.851025856899696,43.203687833206935,43.59144169753287,43.99789234445013,44.29760004354153,44.56063821284027,44.75611219884309,44.905128759496556,45.0117440333661,45.06471110723987,45.05115584074975,44.989878359260544,44.90261055033768,44.80361252602294,44.698900633458365,44.58841856364692,44.48406443656497,44.39416467455576,44.32555188061668,44.287863407707285,44.28487235150578,44.32728218011967,44.42552563460539,44.577950801251646,44.78968467809277,44.98954508802601,45.17096432199107,45.357521446305306,45.5104426325865,45.60784195805164,45.63823731498719,45.62128835300087,45.56597847991583,45.45575601429251,45.30835184402447,45.14887785107238,44.98663318717561,44.82419403556971,44.669378681437,44.534151894214965,44.433231652408224,44.38293601162696,44.400684183492224,44.49995754114703,44.67384658137315,44.90612844250371,45.177855956578384,45.471387391959325,45.772909689755046,46.07163613341295,46.35761486519462,46.62363043491254,46.86700129316928,47.07052303694403,47.21497061838962,47.30050409789852,47.34311856776049,47.350410685170644,47.31959645885145,47.24886479939929,47.15772264124189,47.069811170241906,47.01530726330446,47.00340618589233,47.03651483040747,47.133636581716395,47.34346272380614,47.594707342232205,47.8504946308433,48.15534592061073,48.45027549292008,48.71512588550875,48.930450359261684,49.07883882680666,49.14929280915426,49.14056431432025,49.07293773345117,48.963369987479524,48.82258167681198,48.66101984174865,48.490093825207055,48.32529194379947,48.20607504055179,48.13474858636087,48.124880253486346,48.19387304052944,48.3419496138573,48.55796801435633,48.82348117245478,49.11870006918709,49.434190116714596,49.761946615392326,50.08479431457313,50.358867587958116,50.578238339600276,50.76441126624457,50.89674964137529,50.96199948008509,50.95232281834038,50.887782555457974,50.7882664218222,50.675218041172165,50.5660352093257,50.48053368133236,50.43016280554007,50.41819701534861,50.449317940783224,50.53348448149057,50.670827838216425,50.866681746461815,51.101227177701496,51.323254558107216,51.5162891979273,51.675211346675425,51.79170794664534,51.833478840046354,51.821272408460004,51.77327917793181,51.597188179532615,51.4088257168422,51.25028061997159,51.03134425042537,50.778776623930064,50.53624858587346,50.352681722600686,50.26593038365627,50.2769917343034,50.361764219762655,50.49975125384618,50.681894511820715,50.89136760617193,51.100866817506606,51.29198260259829,51.45058224472004,51.56075293871256,51.60954202652034,51.60207905352462,51.547685448633445,51.45255063401528,51.326639354732094,51.17767109723078,51.01090349311469,50.83308194385403,50.65635841607627,50.49509159087051,50.362666482806986,50.27121663065168,50.23210608440261,50.25897896822154,50.36387977797806,50.541281667166686,50.7577575812907,50.978936462031015,51.18428914673229,51.361911532853576,51.50315495064163,51.602951273042855,51.65370408616696,51.66134698619022,51.63432068846119,51.585025778344296,51.519551733607905,51.44951200900819,51.378784910802125,51.31529902139208,51.26809152384511,51.24652640377549,51.25988918354654,51.317229054443175,51.42718378500362,51.5957426167879,51.81258234892699,52.0564567646176,52.301595504052756,52.52931841409679,52.731735449741464,52.90356272975048,53.037744826388796,53.12609075984931,53.16457722730819,53.1632917638528,53.13371615476095,53.085211365341166,53.017766454983814,52.93459443923532,52.84635729269991,52.75753910397176,52.67602325317976,52.61022493263331,52.56839735020327,52.55852573644338,52.58832250956541,52.66483791222796,52.79046907172689,52.95200286920911,53.132752060077586,53.31704741729998,53.490295554774846,53.64093728203829,53.76653308515032,53.86652731945898,53.94040110412271,53.988046305105385,54.00922081540763,54.00413969821074,53.97647495326198,53.93055858227781,53.870367258946246,53.79959174604085,53.72208616143617,53.64293416467186,53.568644578903516,53.506046711162256,53.46231880251223,53.44408929299892,53.456898869687166,53.502685939091386,53.578942819462284,53.68089156327108,53.807529333251566,53.95775383231698,54.12862132507698,54.315024046602275,54.50828411060971,54.70407340999561,54.897478240712275,55.08404101047095,55.259483926976145,55.418536731817206,55.56314142860567,55.705986289837504
32.63053569812639,32.84385593581624,33.038187737817346,33.2168107818422,33.38342864003114,33.54245211519897,33.69868888309671,33.85716828708348,34.02553702235848,34.213595204042846,34.4314503012975,34.68611991054295,34.98356986993155,35.32446639290828,35.70870575199005,36.12920087381441,36.59077547955101,37.11475406926059,37.64939148684501,38.19666885652955,38.74109597695619,39.2692456453846,39.74936428480732,40.14207807294289,40.528847892143666,40.858365892924674,41.12857897292939,41.33832237002999,41.48759818386695,41.58775361805812,41.6538004726175,41.700456609941476,41.741833232362815,41.79110682184875,41.85736999448898,41.95037770501625,42.08122797218678,42.25907361798346,42.505310509836676,42.79623452827253,43.14730207066202,43.539687881161974,43.95548236202099,44.27255772524905,44.54645807541783,44.75156490085312,44.91032624474095,45.025842330797396,45.086963126235496,45.079837830246746,45.02342860252678,44.938900175852815,44.840046063709075,44.73337553627142,44.618120278887794,44.50786459332544,44.411059852931956,44.33478321750181,44.28960246823942,44.2796083975764,44.31650333834825,44.41129789479729,44.56253272369669,44.76852364214749,44.97218247444296,45.16401706019945,45.35649508227552,45.51656319796385,45.621661805991295,45.65938859541619,45.64814855221442,45.59776322947587,45.4907182759723,45.344723594281284,45.18419725649645,45.01831076541497,44.84998631968869,44.687510711782856,44.54336185771887,44.43281451766877,44.37276133951985,44.38122220913062,44.472308826462516,44.639625702919844,44.86734288691167,45.136683181980615,45.42992614438816,45.733050951667465,46.03503729888548,46.32564850634633,46.59750059240901,46.848428805867385,47.061241684187856,47.21518217750999,47.3085656359669,47.356669437990384,47.36713405650126,47.33753771316046,47.26581248571323,47.171203985583816,47.076665548858294,47.01281884372545,46.99141651582003,47.01532701937919,47.104036057301755,47.29918319312036,47.547715257805926,47.814029272772075,48.12403671699338,48.4271807455327,48.70198218040993,48.92820973716517,49.08729434142724,49.16726234769168,49.16618246689574,49.10388523641291,48.996796524963216,48.85572789951181,48.691421396793245,48.51574727930242,48.343208106441985,48.21574091707771,48.13431121463229,48.11501731499697,48.173757276900126,48.31344779703443,48.5239365381394,48.78704597592203,49.08267415426303,49.400977112805634,49.73387442440704,50.06174108458235,50.34546302789442,50.57332529624838,50.768122618140296,50.90901760435475,50.981613197788256,50.977333755156366,50.916143790687336,50.81789077250623,50.703974273177614,50.59178016602866,50.500842389848906,50.44300678307422,50.42263148549372,50.44503917033652,50.52247382113396,50.65512580303161,50.84974144705455,51.08702309061691,51.31438997733376,51.51467304473211,51.682027410580694,51.80797234632686,51.85884291910125,51.85702982056445,51.81480256736628,51.643065916866206,51.45590556029197,51.295590134292006,51.07377616679133,50.81665201096023,50.567535987842376,50.37465045382176,50.276237730444265,50.275873550058314,50.35152099202796,50.48418113692897,50.66501432748307,50.8767727009241,51.09103401334532,51.288594239680585,51.45501614780372,51.57361796849212,51.63111327492107,51.63151718517269,51.58314850686662,51.49142228672236,51.36567425426269,51.21425722701549,51.04292282857742,50.85933520574063,50.675905976762785,50.5072078670932,50.36701741712246,50.26790434056782,50.221774270469744,50.24274473921369,50.34342753582042,50.518808149773,50.73578835880624,50.96006745273588,51.17043639512723,51.354239743729856,51.502023897637415,51.6084237016003,51.665475637566324,51.678810548637806,51.655973956716764,51.6091558429565,51.54336512517282,51.470779555112046,51.39521084490921,51.32520517837772,51.27045316979274,51.24095022812946,51.24659793307011,51.29709234771715,51.401789443323786,51.567553482818454,51.78399340848644,52.02994961193596,52.2791905872845,52.51302251491568,52.72279204814861,52.902648157651434,53.044977007859465,53.14094537298018,53.18584895436609,53.18945163452959,53.16296392795546,53.11576855388912,53.04727251420169,52.96081044346965,52.868251965319686,52.774016537080236,52.68636424983897,52.61409546511829,52.56584917544681,52.55000312842698,52.57467337365566,52.6473446027297,52.77079731122723,52.9318619887696,53.113739918943885,53.3005844705352,53.477586037910825,53.63292306223864,53.763784387692304,53.86924036794118,53.948424812013435,54.00089876743063,54.026098610783265,54.02397170977832,53.998154713559146,53.95299072004766,53.89244716324147,53.82018789647819,53.74006351053097,53.65725901727154,53.57848702451026,53.51074320346696,53.46138223492639,53.43732749784172,53.44425123469299,53.484245285420606,53.555252642465476,53.65277227143009,53.77589990029715,53.9236941489953,54.09337594792374,54.28003466118221,54.47436615505028,54.672157761864234,54.868360061104106,55.05839061503186,55.237850545074934,55.401086766102814,55.55046862280672,55.6988718208104
32.568595193429886,32.78451778017171,32.98052878880062,33.1598053193734,33.32607837990026,33.483783431572846,33.63769396435678,33.79282262911199,33.95694831439494,34.13999644284791,34.352222275351174,34.60095118156619,34.89244902557702,35.22776272912856,35.607536109214976,36.02410674682107,36.48351739512089,37.00035585479495,37.53581573089629,38.08631044752593,38.636234030107765,39.17180373652517,39.662982753614095,40.07699254547458,40.47512135955906,40.81539497881888,41.09533513411807,41.31334521345713,41.46905971951163,41.57384468900221,41.642775325917576,41.690504339211515,41.73094318309245,41.77713771753205,41.83868718267486,41.926004356703885,42.05083389255972,42.223031177377564,42.45534063397474,42.74008119655239,43.088730568232826,43.48514545873052,43.90985112643635,44.24494588732257,44.52960888779041,44.744494016158065,44.913207353045244,45.03789694480628,45.107518048989995,45.10728903617894,45.05623554897942,44.97488891177398,44.8765339654606,44.7681581531577,44.6483629308524,44.53234082237203,44.42868658850894,44.34474317671769,44.29198578687324,44.274850721811184,44.30600673952596,44.39703447588175,44.54670403613638,44.746080787371014,44.9532235215162,45.15558808530368,45.35377351552743,45.520907551562,45.63381727420117,45.67915552182494,45.67393406467739,45.62880329388563,45.525378315047355,45.381237218706765,45.220064309489175,45.05087980891256,44.8769618471834,44.70706482399603,44.55416572153758,44.43407471961265,44.364235878939766,44.36324751946493,44.44584109086449,44.60616566463338,44.8288319278208,45.095278967344186,45.38774275817194,45.69201813279538,45.996868845128894,46.291791766832404,46.56926384591224,46.82769102227538,47.04993807942977,47.2136856428639,47.31530854084322,47.369276988284994,47.383298268149375,47.35533737740677,47.28307031779239,47.18541333361122,47.084590584836825,47.01158833109633,46.98065659595098,46.9951855568764,47.075144903862125,47.25441733629073,47.499527316068026,47.77643663743973,48.091075473367255,48.40207887085362,48.6866663709595,48.92380907162926,49.093774494187386,49.18358899090553,49.19059567144627,49.13410009408646,49.02994680627642,48.88902835768201,48.72237755075323,48.542304057796976,48.36236743056938,48.226800881140726,48.135321593150586,48.106453257191546,48.15465020476843,48.28551966283205,48.48999743725329,48.75021640181346,49.045800420511156,49.36650640677836,49.7041715305126,50.03648455574763,50.32960157613775,50.56636970584594,50.76992682681209,50.91961698254753,50.999913030898824,51.00148042907424,50.94411464697131,50.8475867471579,50.73321726339577,50.61832920431963,50.52212636587562,50.4568563963863,50.427965354481664,50.44144379690739,50.51177368716524,50.63928351312974,50.83213399074983,51.07163346020986,51.30396132386954,51.511263907788376,51.686978317178436,51.822440595377664,51.88327601542909,51.89233268909309,51.85550647037511,51.68865105691795,51.50303035266483,51.34108513211504,51.11675131302592,50.85556776327106,50.60029599356048,50.39830455306372,50.28811737401735,50.275938987293486,50.34194823030193,50.468750039451585,50.64773586456917,50.861272404925074,51.079892553718324,51.28362636671301,51.45773663450607,51.584810321738026,51.65122251393302,51.65980761253053,51.617798639596145,51.529782169698464,51.404491461472944,51.250904609834045,51.07526865709526,50.88613938733499,50.696179710612476,50.52016709175731,50.37225605465917,50.26544197067263,50.21215901243716,50.22698192048774,50.32307754872381,50.49598035254316,50.71300600190689,50.940012618252474,51.155154973994364,51.345020123775726,51.49934057057476,51.6124591042906,51.676061420127446,51.69542192320731,51.67716163179602,51.63319351838671,51.56744682130935,51.49257689728703,51.41235694421755,51.33594723053074,51.27368519494318,51.236193954330055,51.2339906619722,51.27741824747084,51.37654944665491,51.539121553551226,51.75474543772359,52.00238213253968,52.25539436586644,52.49508693830343,52.712064736488834,52.89991731174531,53.050479972785205,53.154273405243956,53.20589963763932,53.214744954636664,53.19169157949954,53.14608461596169,53.07679779315524,52.98730376267713,52.890616816395244,52.79111425114795,52.6974235731635,52.61872073807853,52.56402293849982,52.54209453695928,52.56145063255208,52.63000713973076,52.750934294030195,52.91114568499382,53.09377753410897,53.28284955921605,53.463377772151645,53.62330933247997,53.759452416028715,53.87048407263807,53.9551700518247,54.01271834709676,54.04222288434395,54.04334673869263,54.019680747687154,53.97557028745345,53.914964697045455,53.84149117825116,53.75898668550796,53.672732000774594,53.58963251369161,53.51684137724165,53.461880316624665,53.43195458412025,53.43286424618713,53.46686155193837,53.53234898070717,53.62512704588419,53.74441318068995,53.88944854391766,54.057637143192636,54.24425848175945,54.439416211152555,54.63899939133452,54.837825959652655,55.031193198273165,55.21458680830206,55.381990500183846,55.536163258281896,55.69013597190682
32.50592734424015,32.7246607172551,32.92261926154213,33.10285450538601,33.2690967389201,33.4257773154784,33.577609140910816,33.729568121728335,33.88956048203549,34.067632146148384,34.274180886618105,34.516841400026564,34.802182414997716,35.131639414416576,35.50659323928705,35.918889130869275,36.37573947389482,36.88455943590717,37.420266183564486,37.97340571199864,38.52827634267823,39.07069442087059,39.572685523838416,40.00893491854005,40.418431863848895,40.76961536101893,41.059561826818104,41.28622210385218,41.4488458001465,41.55877955574876,41.63111946800861,41.68041375764887,41.720335498849906,41.763763822239326,41.82078754548297,41.902464272999026,42.02116973683589,42.187430527147335,42.40498698543122,42.682822844443166,43.028246646946315,43.42805034787751,43.86117606412565,44.21470388080296,44.510006441926116,44.734810738152255,44.913679169926304,45.0478152108455,45.12628651131684,45.133431986007125,45.08823522908288,45.01052658208094,44.913039486843175,44.80322247005202,44.67913758167322,44.5574971142104,44.447059883891114,44.355457657473586,44.29504654902302,44.270637868971114,44.29582990144292,44.38276423947756,44.53047935221519,44.72249726922396,44.932773237312674,45.145634917157516,45.34929673429113,45.523401071615865,45.64422663274436,45.69745683441217,45.69856757614445,45.65902569052299,45.55967589277932,45.41784561900389,45.256446941667924,45.084324532536996,44.905122285806065,44.728060721959984,44.56660056954382,44.43706446667131,44.35742308254058,44.34682938403708,44.42062286408103,44.57352809067936,44.790645194006906,45.05367710909653,45.34485253719227,45.64980637745818,45.957105034946196,46.25599867620301,46.53885675605578,46.804711712368615,47.036529308241114,47.210398157980535,47.3206555725322,47.38087235606262,47.398847622834936,47.37295696044959,47.30062078945079,47.20035568211769,47.09361706975793,47.0116732717543,46.97119906605602,46.976170216954074,47.04704374632231,47.20942098956157,47.4503862256661,47.73772960444817,48.056444498412716,48.374924077345334,48.66911156529983,48.91716668061365,49.098190307901,49.19818385086884,49.213721182955986,49.16350964085597,49.06276149911623,48.92243984198636,48.75386316269741,48.569756416676114,48.38278685130828,48.2392849058547,48.13782883322503,48.09924261671848,48.13661094498753,48.25821955354441,48.456194931123854,48.71302199939329,49.008090970301936,49.33077102038057,49.67280939717613,50.009036172031244,50.31127277899982,50.557299954487405,50.76974544925077,50.92846871237575,51.01682603157116,51.02470286009183,50.97165144670693,50.877328981275426,50.76294085288305,50.6456939513093,50.54441273555995,50.47175259134583,50.43424967441862,50.438591276563926,50.50143827262671,50.623344538987276,50.813883378743306,51.055056237615695,51.2919429034487,51.50601563871324,51.69000334365696,51.83504193079929,51.9066295331018,51.926997749182455,51.89532817065276,51.73389726395352,51.55016312055609,51.38673315066504,51.16025292765694,50.895532304069384,50.63456233754187,50.423699305331134,50.30163818845133,50.277259300890975,50.33311122126636,50.45350998409569,50.63008977894494,50.84487064198747,51.06742147516565,51.277037758359484,51.45868546897841,51.594261691135166,51.6697979043731,51.686880028683,51.651569429606774,51.567568608599984,51.44303977737405,51.2875763127333,51.1079214571889,50.91349109757311,50.71719080335312,50.53399361067786,50.37841764210464,50.263872581433596,50.203306638531416,50.21173419529619,50.30286349200793,50.47281547764682,50.68940741177938,50.91874816924761,51.13840329285161,51.334196779983465,51.495039175692,51.61498653013734,51.68539156611558,51.71111567869269,51.697827743113976,51.65709379381572,51.591768534875364,51.51489003886015,51.43022412236089,51.34754050860966,51.27781552917162,51.23229528865212,51.22211129379707,51.25825247170119,51.35150558306754,51.5104765798084,51.72485283410798,51.973750122872985,52.230184231056455,52.47546946378667,52.6994938471289,52.895296866094526,53.05417185403148,53.1659902944991,53.224648646188726,53.23909948884869,53.21983719967204,53.17610587212525,53.10630072496046,53.0140500400388,52.913441852544146,52.80883642093191,52.70921834940957,52.62412861826808,52.56295419517795,52.53483939151442,52.54869301939651,52.61285815322997,52.730900678300195,52.88985824634311,53.07285055052066,53.26380968309156,53.447621519305045,53.61203509154324,53.75346910684135,53.8701876111335,53.96056695336382,54.0234391385681,54.05753406985704,54.06221348725838,54.04101160234192,53.99826694644577,53.93790163695592,53.86349618301609,53.7788633733238,53.68937373335742,53.60211360301751,53.52438423587287,53.4638644784121,53.42802731417107,53.42279663262941,53.450592331896644,53.51028462086497,53.598000810814305,53.71310428030957,53.85504123016899,54.021417705443774,54.20769456570395,54.40342169508592,54.604574205154556,54.80584075319024,55.00240330064883,55.18963827509078,55.36118839123645,55.52016003728883,55.67970523453102
32.44249196285734,32.66424826549624,32.864431524816894,33.045943648937346,33.212484243705156,33.36845004455754,33.518465663823434,33.66744930496255,33.823429373413354,33.996567324827154,34.19739805840092,34.43386713059748,34.71284901974747,35.03617537296411,35.40595034754859,35.81361865070733,36.267505217595634,36.767566913648075,37.30296159245641,37.858183190994396,38.41745671879734,38.96616566654393,39.478684299632704,39.93782699102843,40.358686350871125,40.72092760992268,41.021160693835576,41.25686239311298,41.42687960341947,41.542499489848325,41.61879463873572,41.67016813025055,41.71001512588739,41.75101093502371,41.803715238032034,41.87981565597452,41.99230154413733,42.15233590139014,42.3544717376894,42.62471645464871,42.96612362782945,43.36863846624184,43.80963460151828,44.18177105673102,44.487566529793085,44.72242626022995,44.911648780901054,45.055504464367864,45.143179149029514,45.15818920719208,45.11936367330155,45.04576301075351,44.949525883422375,44.838542472889216,44.71043529348266,44.5833374593463,44.4661947416829,44.36695255897871,44.29881794010307,44.267008383817135,44.28601034188922,44.36851604720346,44.513873285577596,44.69791424316701,44.910936629899304,45.13411507561471,45.34300472679668,45.52396913636037,45.65280815168398,45.714211273376655,45.72197177237027,45.6883574367658,45.593550770429786,45.45450169687561,45.29331308465009,45.11862915115692,44.934469303308916,44.75051810955815,44.58070348561037,44.44183596727619,44.35238640297608,44.332037072389035,44.39672267584023,44.5417746052234,44.7528323142458,45.01191140366513,45.3012707853308,45.60641082997523,45.91572013114035,46.21822326400831,46.506215883473196,46.77941464612247,47.0209324561933,47.205236866389036,47.32452949103862,47.39138667874152,47.41372642327789,47.39035797114814,47.31844639450243,47.216036027896806,47.103775795201976,47.01313121203659,46.96311656590598,46.95836077366727,47.019813209607186,47.164449989177214,47.400534695247735,47.69792105339929,48.020126100810174,48.345670573470365,48.64925087157323,48.90820088207811,49.10045280538191,49.2109580396547,49.23547625640908,49.192041211105604,49.095181271179726,48.95591914308867,48.78585309169462,48.59809661192519,48.4044833037853,48.25322296433347,48.14188204616489,48.09343993022617,48.119698618410595,48.231601811465744,48.42257323917694,48.675492317925766,48.969557906005804,49.293763975359994,49.63975948786466,49.97940737739545,50.29046658492486,50.5460444283812,50.767500042447125,50.93549373026161,51.03227925195974,51.04694106820692,50.99871051229123,50.90709211035699,50.79313888269584,50.67388603410847,50.56772862504927,50.48773631382229,50.44153549741072,50.4365410653742,50.49152177056068,50.607352451080736,50.795013612230704,51.037289373969685,51.278309021805384,51.49888208912391,51.691041767204524,51.8457055895932,51.92875487619133,51.960841735969055,51.934204951893804,51.778758202238684,51.59726689056107,51.43250172716639,51.204264249212244,50.93655405656212,50.67036875430067,50.45088999562856,50.31686904782205,50.279905745732805,50.325075251603,50.43851299354299,50.61210672647638,50.82757133592397,51.05359981422742,51.268787189283955,51.45780441537208,51.60190376936848,51.68676760705819,51.712664126714934,51.68439445968323,51.604719929083316,51.48126800297723,51.32423540276022,51.14086170737908,50.941386945390924,50.738950440712536,50.548711769669914,50.38553742614641,50.26323923331812,50.195263476978994,50.19704524689159,50.282819040992464,50.449330727253674,50.66498948961041,50.89625031638808,51.12013976121683,51.32171381934523,51.48905391922745,51.61593502816418,51.6933962077959,51.72582638388787,51.71791632008573,51.68081165842428,51.61630197872869,51.53770498315843,51.44881329297284,51.36000034337293,51.28287210235318,51.229291937370554,51.21100375208896,51.23964073840516,51.326699640632164,51.481648312412105,51.69432999510917,51.94404937938007,52.20353757411239,52.454127870892016,52.68501971243558,52.88871349476144,53.055970784463774,53.1760114786041,53.2420153490751,53.26244300184033,53.247338878751826,53.20577864294622,53.13573974273342,53.04102491873573,52.93671708038384,52.82718722118907,52.721765704833416,52.630346972441075,52.56267850129678,52.52827712156642,52.536439267330856,52.59593027322627,52.71071712220173,52.86800396127876,53.05094461312684,53.24343184191075,53.430268041178714,53.59903933820938,53.745766396811995,53.86828016101134,53.964545646438076,54.03299523630897,54.07197260108989,54.08052065778028,54.06210582421936,54.02105035897523,53.961239759570645,53.88619750242923,53.799701260935045,53.70720483319641,53.615962849057865,53.533414782747144,53.46738615109369,53.42560245033067,53.41410712247966,53.43549521854735,53.48911234961652,53.57143849040141,53.68200830503557,53.82049642083425,53.98473042923728,54.17034197038562,54.36637002301975,54.5688581100724,54.77236925854925,54.97197546261289,55.162950503874406,55.33862089643685,55.50239366208516,55.66750610008729
32.37824886158167,32.60324394332494,32.80593794739993,32.98905805908469,33.15624142086997,33.311817896452254,33.46029478415928,33.60651071884474,33.75861083666179,33.92686698976709,34.12194571400226,34.352104937952284,34.62452782138018,34.94144952896302,35.305680639341965,35.708365931083584,36.15887812794613,36.649580389068454,37.184120705178906,37.74087142555995,38.304008962594814,38.858465441668244,39.38119078514935,39.863590561828836,40.29579176648364,40.669232295927976,40.98003337797665,41.225175433137345,41.40308430697846,41.52494576285146,41.605762577943985,41.659750722013605,41.6999870104571,41.738904854938305,41.78751441544084,41.85811670770318,41.96429535358611,42.11781153420332,42.30401706423255,42.56601900987297,42.90263483190916,43.307145731462505,43.755404165043664,44.1460867661476,44.46220494335952,44.70725177578548,44.90702327148639,45.06087204082613,45.1581065979415,45.18148322719456,45.14955691209982,45.08054802177149,44.985956410763826,44.87409214760408,44.74224712841319,44.609865848285416,44.48610616448866,44.379253780442326,44.303333145527695,44.264000811110186,44.276585578654995,44.354318760678225,44.496900449868065,44.672472864660854,44.88781870734302,45.120986080529015,45.33483748127418,45.52253712403042,45.65948010108308,45.72933757891716,45.74406933910958,45.71672554999193,45.626942709260405,45.49115835402486,45.33063067005302,45.15377787964094,44.96500456744417,44.77445669067395,44.59651155360994,44.448441429858754,44.34918929290011,44.318939854062705,44.374209055870146,44.510966832431116,44.71544291731326,44.970015647477425,45.25701280646915,45.56182663466592,45.872688396514306,46.178419559798456,46.471277788798034,46.75172359351225,47.00306460885765,47.19811891161862,47.32685305636722,47.40075109374001,47.42787897219819,47.40750191836165,47.33652962676128,47.232459367742145,47.11509755274933,47.01601969828043,46.95648173527171,46.941837001070986,46.993533918641575,47.11976017138198,47.35021543346054,47.657023863894985,47.982102589240014,48.314272567691184,48.627017397922,48.89682999398238,49.10047300944403,49.221822669336206,49.25577814678973,49.219622139219524,49.127146790164,48.98942305165274,48.81832219681369,48.62731689952957,48.427473723127065,48.268645029690894,48.14753034327942,48.089099734362996,48.10397234589078,48.205720778890296,48.3891765808384,48.637656906675176,48.93021332999323,49.25547829346441,49.6049932660453,49.94760961580246,50.26717294235698,50.53253151373565,50.76311216339197,50.94061297262725,51.04619974421895,51.06813507341736,51.025248166121216,50.93685076990083,50.82380519389057,50.70291707982785,50.592101160491026,50.504848509685196,50.4498738755641,50.43535261940633,50.48207837400945,50.59135081988658,50.77554869240768,51.01833082040718,51.26303398467377,51.4898171106375,51.69003286500941,51.85436080876094,51.949503448769626,51.993681384589465,51.97207409779274,51.823187536039086,51.644304689275096,51.47835839884343,51.24876851621965,50.97864144395612,50.70774897835094,50.479931908960545,50.33387882620535,50.28394957670106,50.317905607993644,50.4238110904752,50.59381736302945,50.80937841054722,51.038406607443655,51.258833434150354,51.455035237838416,51.60766824912284,51.702059782805165,51.73708959971118,51.716207312610315,51.64117445680484,51.5191249392937,51.36084494696173,51.17406988618649,50.96982353972442,50.76146980841851,50.56434591454854,50.39365065347207,50.26358498679364,50.18807585600645,50.18295875852644,50.26297787099711,50.425543303533374,50.63974913658672,50.87249527034064,51.10032278860798,51.3075153488533,51.48131900741949,51.61523364739471,51.700005477433585,51.73948860758678,51.73737139212635,51.70430210139318,51.641018865727176,51.56100773350888,51.46812536968711,51.3733420655791,51.28888284436301,51.22722160676027,51.20071196039216,51.22162876557964,51.30217340741931,51.452666502184535,51.663191318196716,51.91327569850512,52.17543178629211,52.43101993914609,52.66858266477566,52.8800938718084,53.05579489694755,53.18425239541741,53.25791911535929,53.28470325828623,53.27413470701773,53.235049248991004,53.16507327959018,53.068204041948945,52.960432506531845,52.846170826676435,52.73508276569124,52.63740366735153,52.563231412671904,52.52244715658938,52.52472810949698,52.57925612971851,52.690404283899234,52.8455871182621,53.028045366875325,53.22168303542262,53.4112680995804,53.58426107125934,53.73627622262247,53.86469089985543,53.967036260854776,54.04132073478373,54.08547891180983,54.09821695256305,54.08292196001537,54.043890186992456,53.984960841487364,53.90958972814694,53.82150803529836,53.72624591846794,53.631212808382585,53.543976021251,53.47249676547452,53.42473675493561,53.40685444419774,53.42162780514249,53.46888495363943,53.54548500882642,53.65116036074754,53.78583832899837,53.947588109133264,54.13219975317444,54.328248611123385,54.531827012836054,54.73737629256202,54.93986422461934,55.13446905308623,55.31422847296121,55.48279883492853,55.65346505997995
32.31315785271332,32.541611269171035,32.747110898066246,32.93218304488534,33.10036879702906,33.25589714880447,33.40312775298296,33.54679690340499,33.69516071991401,33.858596151851046,34.04789577672476,34.2716313867644,34.53729780144968,34.847540806605124,35.20585732000952,35.603201596746345,36.04992170666917,36.53080196321912,37.063962269338816,37.621698956742065,38.18816687820038,38.747841714366615,39.280416684540825,39.7861474298304,40.22965505654444,40.61442998943268,40.93608152204746,41.19107057582308,41.377383088471326,41.506059646308685,41.59198502547853,41.64914479793506,41.690256098811226,41.727471381036224,41.772229232828174,41.83742563025783,41.93721720430427,42.083921659684286,42.25384513854394,42.50698749281981,42.83805358021247,43.24380806117843,43.698662181131176,44.1075903600935,44.4338374745935,44.68919847821309,44.89970972719921,45.06382527567309,45.170979493866255,45.20323657347536,45.1787509759421,45.11483143911464,45.02229432443314,44.90984548013146,44.77456414859724,44.63708627153344,44.506809154912794,44.39238722107367,44.308625350711225,44.26165369561123,44.26759312953032,44.34020124152063,44.47957545873107,44.646314289166185,44.86352447771076,45.10620545175423,45.324734985953725,45.51903041286098,45.664160751004786,45.742754491232446,45.76478296211705,45.74405704757926,45.65979147053279,45.527768492154586,45.368367629494095,45.18975493285767,44.99672974596406,44.79989616919083,44.61406185741531,44.456933062850425,44.34789520496649,44.30760699860003,44.35315053389888,44.4811663964681,44.67852663198512,44.928023636960866,45.21209390448894,45.516048935849625,45.827984093871095,46.13654159312362,46.433979032663856,46.72156232451333,46.98284285180555,47.18896143719845,47.32754902852277,47.4088967384764,47.441249572315805,47.42435031094932,47.35485298004137,47.249630698447305,47.12761313398041,47.020396276823035,46.95136721392402,46.926678673220266,46.96828649835035,47.07560737242017,47.29967114895212,47.61505091553716,47.94235627238264,48.28068426847029,48.602344252488535,48.882972334286194,49.09816194290119,49.2306888519864,49.2745441090821,49.24617975958191,49.15859872376614,49.02290835834238,48.85124533712342,48.657409535474606,48.45177504446017,48.28558107504082,48.154822835877916,48.08627656577738,48.08949124828125,48.180630798112276,48.3560491755341,48.59954531490576,48.89006934463464,49.2159069964416,49.56848219518512,49.91365433121454,50.24138179974036,50.516689596759186,50.75650336907609,50.943747375894844,51.0585145605032,51.08822489572097,51.05122073059392,50.96657959540514,50.854933627523614,50.732798715578184,50.61755746803263,50.523130124804034,50.45931586098492,50.4350853947284,50.473162276015294,50.575383215881324,50.75551262046993,50.99817852806346,51.24609209778798,51.47877455487122,51.68691591425987,51.860936825303995,51.96872665490862,52.0253334301802,52.00887289204412,51.8671389296205,51.69123954329348,51.524270702920575,51.29374896720695,51.02180288945829,50.74673674420683,50.51088033033168,50.35273639767705,50.28946204867776,50.31166757712006,50.40945629757401,50.575252344470115,50.79029578966987,51.02182089135447,51.24713526762262,51.450319700528766,51.61148682308317,51.71560259243095,51.760086140756584,51.746941571172705,51.67687051742095,51.55655938733467,51.39736801238474,51.20752647213186,50.99879748950958,50.78476009219884,50.58092039112876,50.40279257076915,50.26495290232761,50.18179010384032,50.16951841345329,50.24337365734152,50.401470408655626,50.61368325389502,50.84745924177214,51.07891078454296,51.29154547549985,51.47176864650641,51.61281143685255,51.705149507293854,51.75203691858337,51.756136988650894,51.727520111903175,51.6658909087287,51.58478429323852,51.48816126613738,51.387581005986625,51.29587568507627,51.22612200309611,51.19127984225093,51.20426227122161,51.27796867149947,51.42356089994782,51.63145120084021,51.88142487669233,52.14584425885346,52.40610344807556,52.65012303651592,52.869364671297824,53.05356232434828,53.19062848279746,53.272279314102086,53.30580802286106,53.30016277474856,53.26386401082601,53.19425976864676,53.09556305285952,52.98457813760563,52.86579141215101,52.7491866582393,52.645326569753536,52.56464848511892,52.51738892605738,52.51359827903675,52.562868352705614,52.669982821557156,52.822612005754436,53.00413845671402,53.198530263376185,53.390572456317834,53.56763928947407,53.724930520954594,53.85934900524964,53.96796892642124,54.048349728456685,54.097993435784254,54.11525107391142,54.103418556425865,54.06675609244801,54.00904665930383,53.93366745182545,53.84429138337034,53.74651760734842,53.64789603756159,53.55611095477094,53.479247752359576,53.4254869903224,53.40109732624346,53.40904768493401,53.449655219611344,53.52018529027026,53.620595553325046,53.751091167746296,53.91000353969182,54.09326697144035,54.289044875566226,54.49345682019357,54.700826672060906,54.906024127122215,55.10413948115952,55.287951577985744,55.461310258076594,55.63750860561324
32.24717874855248,32.479313761464354,32.68792274559086,32.87530391539657,33.044866898796954,33.20070407925614,33.346995821359116,33.48835239867336,33.63313487130326,33.79181982196189,33.97532016987103,34.192523041707176,34.45123794150987,34.75452813008226,35.106553594893604,35.49819627244395,35.940699455487554,36.41143373715086,36.94270503254294,37.5008943255875,38.07016426974375,38.63454245276208,39.17657370195955,39.70541939392224,40.16018316691142,40.556421260834625,40.88920676885414,41.154457173068025,41.349699125546,41.485782411770536,41.577423721184395,41.638333623011945,41.68082733720195,41.71673631237059,41.75790384531278,41.817800625711314,41.91113313541387,42.05073051193037,42.20417813410687,42.44787888619311,42.7726531937663,43.178861373028575,43.639586076210236,44.06622118960957,44.40237991546323,44.668177560907104,44.889615233556405,45.06427150436151,45.181708472617274,45.22337177349525,45.206881895292796,45.1485630867628,45.05850287999591,44.94577645640615,44.80737741616726,44.665002719596096,44.52831871555974,44.40637878008199,44.31472774106793,44.26000558208123,44.25907051230533,44.32619235134942,44.461912925811106,44.61957967214366,44.83815894906947,45.08973070914409,45.31263722906536,45.51337438108694,45.66676837151217,45.7543807505213,45.78403532714738,45.77027894690564,45.69203681550856,45.564285012967765,45.4064918945907,45.226544525675735,45.02964650662084,44.82685624899223,44.63339148089922,44.46736307468265,44.348567591829074,44.298107775542945,44.33361563965452,44.452434921499965,44.64213308703715,44.885969168542914,45.166529383271794,45.469072877845726,45.78158148601364,46.092543393533944,46.39425617570423,46.68885460910104,46.96018427060838,47.1776815866577,47.32654016751002,47.415754750368976,47.45378252635066,47.44086465777038,47.3733989481567,47.26755501680583,47.1413533304756,47.026318494001636,46.94784564163377,46.91296556417013,46.94415157365833,47.032247428536145,47.2491445503701,47.572015087927724,47.90086945891844,48.24485988427018,48.575164543415106,48.86654622094927,49.093430628567276,49.23746769967837,49.291691398270366,49.271641406576904,49.189477739683234,49.056331853821405,48.88459737169269,48.68836677574567,48.47740420291124,48.3040610734971,48.16380863526961,48.0850249611177,48.07631444643517,48.15638621142595,48.32323524268989,48.56118709188175,48.84913805230051,49.17504310603935,49.530197738751205,49.87755296759394,50.21308310551916,50.49844706366016,50.74759521649034,50.94481787648656,51.06915075296689,51.107150555115574,51.07658452810637,50.996253222368125,50.88651802465141,50.76354256847027,50.644124673821494,50.542622105048295,50.46991250577932,50.43579884740853,50.46482766962055,50.559493209541436,50.73492939761312,50.97683044807387,51.2274576668822,51.465708273442225,51.681630192144205,51.86536287622388,51.9862758986803,52.05561460787778,52.044538618342436,51.910566047248594,51.738034479211514,51.57020617662215,51.33918884070199,51.06604681627548,50.78736578638242,50.5437905447465,50.373510636312965,50.29651441654499,50.30642644566402,50.395500637521096,50.55644232666436,50.77032739710456,51.003821702499934,51.23365146436467,51.44359956759444,51.61329118393437,51.72732419675243,51.78158344293599,51.7765308181552,51.71174643658806,51.593520148111395,51.43376766607616,51.24121194373589,51.02830540368236,50.80883247778129,50.598459545225644,50.412998424725195,50.26738604038745,50.17645254870713,50.156767894924656,50.22404007534539,50.377129244790076,50.58678874272206,50.82111844134935,51.05586215853967,51.27374830627712,51.46033704272659,51.60859744556133,51.70875842964188,51.76340588567159,51.774157139074404,51.75042067913505,51.69088982059108,51.609020665674386,51.50892189595733,51.402732495354016,51.303878554368126,51.226030832653,51.18275132120953,51.187586973327996,51.25412722094317,51.394361256524185,51.5991240405092,51.848492710385905,52.1147523830543,52.379336177207016,52.6295811600231,52.856452567292045,53.04919119953144,53.19505517860274,53.28501531436433,53.32568506023945,53.32536117222319,53.29216924901765,53.22325764301922,53.12307759464847,53.00914398022271,52.88605315236976,52.76409450873381,52.65414354640116,52.56696527445346,52.513141859444474,52.50308850909206,52.54679957218647,52.64947339333994,52.79908291221707,52.97920952759071,53.17394052552047,53.36813187319869,53.549112991634516,53.71166122849016,53.852183654777804,53.967273772944736,54.05401631179217,54.10945660678049,54.131571724130104,54.12355416014675,54.089617737292535,54.03347898961781,53.95842526512111,53.86805899210763,53.768040518014246,53.66604509316477,53.56986258669351,53.487690542553906,53.4279099188276,53.39689449707666,53.397812451173834,53.43147593420987,53.49558425891389,53.59034898864765,53.716279150163004,53.871989515473096,54.05354268255326,54.24874623251764,54.453723438893014,54.6626852138783,54.87040971057555,55.07190734652759,55.25973066868659,55.437862633786956,55.61956322839151
32.18027136139934,32.416314938634706,32.6283458587488,32.818405979675696,32.98973625278816,33.14625496544921,33.2919302403524,33.43122174467994,33.572589138962805,33.72660301098249,33.90429081674374,34.114856467454004,34.36642722311462,34.66249042358624,35.007842669336554,35.39342058292471,35.83127487612413,36.291677811914504,36.82056774239813,37.37868607314298,37.95023494135468,38.51881562497773,39.06987354155792,39.621328252993486,40.08728304344253,40.495106680531705,40.839310761202796,41.11524457677001,41.31995559585037,41.46405533078758,41.56204040490673,41.627300462241266,41.671705671881476,41.70672544799451,41.744582408013464,41.79929989613643,41.88610918603697,42.01830232503894,42.155238224404606,42.388950172696774,42.706706993597635,43.112541584651915,43.57835327671023,44.02191860573661,44.36774805793685,44.644100217261794,44.876646876074894,45.06211806234416,45.19020417000801,45.241811354715,45.23388570061629,45.18169278869574,45.094545333017784,44.981859062362986,44.84067799325568,44.69361918297907,44.55064984903386,44.42125435667653,44.321673502012125,44.25909501528111,44.25105524477014,44.312320951783356,44.44392746475265,44.59241016905398,44.811827129486055,45.071519372552366,45.298484198839205,45.50549440694324,45.66722123266833,45.76413509698247,45.80174911995524,45.79531826534897,45.723618505449316,45.60066081816733,45.444971396960206,45.26413087296376,45.06375651716671,44.85535663396159,44.6545375079344,44.479783673786905,44.351269906141674,44.290511454433364,44.31567290286513,44.42483403169231,44.60631191124517,44.84388603865101,45.12033454669939,45.42089360497362,45.733454835744936,46.04637899057961,46.35204577855271,46.65352421725074,46.93500595083748,47.16419650352554,47.32374923333374,47.42125626683602,47.46542213702275,47.45700646768404,47.39215002492122,47.286237319611345,47.15634893381525,47.03384389615346,46.9459896581718,46.90077744797557,46.92120976949037,46.98993617597421,47.19887834636206,47.52792926066854,47.85762445752782,48.20675362355335,48.54541137884406,48.84746997193136,49.08619008925615,49.242070324485205,49.307137269338696,49.29593441458866,49.21972450561239,49.0896503287536,48.918353159590296,48.72018087632812,48.50437813360689,48.3241149981736,48.17453685276378,48.08539945703237,48.06450106120571,48.13304136112555,48.29077900173162,48.52261178686741,48.807431555361305,49.132879644005385,49.49011136021063,49.83931696890289,50.182266808137534,50.477732300646984,50.73630926262546,50.94374541082453,51.07803537376447,51.124852071598994,51.10129588105559,51.025846286287994,50.91855222633032,50.795160265614804,50.67182990400502,50.5633653962875,50.481714862053444,50.43755243351475,50.457128747867515,50.5437243713434,50.71382302503296,50.95428453157371,51.20710499769057,51.450572117967674,51.67411497585067,51.86756819852207,52.00200258415657,52.08434165281875,52.079008560382235,51.95342255318912,51.78465252362453,51.61613235717256,51.38507137523261,51.111381647614586,50.82966983939181,50.57871783720957,50.39627041618895,50.30517793518475,50.30224750030734,50.38199613299819,50.537417965478134,50.74947715666397,50.98438807742008,51.218340799040476,51.434816603186775,51.61301302436137,51.737152756586504,51.80151119933422,51.804908636342525,51.74574053996253,51.62995602263506,51.470006975082946,51.2751067795193,51.05834389117872,50.83369815089369,50.61698772265425,50.42430346202777,50.2709274614406,50.17210951883341,50.14475088619306,50.20501080032843,50.35253701410641,50.559062504254534,50.79344907973908,51.031135320116014,51.254067948177344,51.446958402318344,51.60252072254469,51.710762376742885,51.77353007764534,51.79137587281198,51.772958792269556,51.71598731417219,51.63370285414347,51.530408172780625,51.418811864439775,51.312919382113705,51.2269858017058,51.175170320812214,51.171648589895725,51.23069084382091,51.36509732273572,51.56622423467325,51.81447499603007,52.08213355015246,52.350675906067096,52.60689736766399,52.841284233853486,53.04259965536248,53.19744792069173,53.29604648520682,53.344262135096095,53.34966798972045,53.319911284132296,53.2520253358236,53.15072331049688,53.03412004100055,52.9069602220897,52.779823443431,52.66388246404848,52.57021733649109,52.50974538622474,52.4932375328048,52.53108241815994,52.62889665741206,52.77500412611132,52.9532442244533,53.147880821604446,53.3438971120307,53.528621176521625,53.696400281910975,53.84312402602379,53.964880930232596,54.058254579254516,54.11980885856592,54.14712760552379,54.143287317873934,54.11244478347662,54.05823960902704,53.98385775969017,53.89281854846683,53.790835268641814,53.68569253176208,53.585273920405214,53.49787656686255,53.43206230278774,53.394304685157174,53.38797969711393,53.41439988411265,53.4717268389382,53.560455772594956,53.681426489333404,53.8335588310372,54.01302594388315,54.20734009814696,54.412602775682416,54.62291673484651,54.83297551543327,55.03771820762372,55.229506202239975,55.41239066431729,55.59955541971899
32.11239550355412,32.35257831911192,32.56835260631508,32.76147454677999,32.9349773856172,33.09256608502563,33.2379622610274,33.37544948145482,33.51357937102584,33.6630107297957,33.83487964064548,34.03870822867827,34.28294462781778,34.57150661130889,34.909797748680724,35.288945152936975,35.72171147030169,36.17173628856082,36.697769146511206,37.25530274045527,37.828612697162846,38.40090919913657,38.96052790748837,39.533795805933245,40.01086163199571,40.43038681892175,40.78629514189959,41.07334213882682,41.28807567703237,41.440819674910344,41.54579681649061,41.616028580620096,41.66289604910198,41.69746458696109,41.73230907604898,41.78198164360604,41.862211395295596,41.98670133310737,42.10724758292044,42.330458335034706,42.64048830073342,43.045084613687386,43.5151412090606,43.97462195951546,44.32985769398249,44.616877640671476,44.860711740271555,45.05727228507383,45.196377221851954,45.25847784459539,45.25969842237699,45.21417036889326,45.13038493906433,45.01806728393679,44.87445694199495,44.72293965218808,44.57381755793955,44.43703985006654,44.32949581895813,44.25896053997186,44.24358484471484,44.29861590444123,44.425633689200176,44.5649469353578,44.784634027027444,45.05152896183282,45.28221588350532,45.4953158686648,45.66543760453637,45.77193627081473,45.81784702629534,45.819102020287076,45.75447630161672,45.63684880945622,45.483774068219994,45.30249818959037,45.09906144535393,44.88541702798232,44.677537022393615,44.4942470685946,44.356065600558125,44.284887304813246,44.29939085325882,44.39842535121077,44.57111273338498,44.80180804371261,45.073524698653294,45.37150626155267,45.683578405867955,45.99800241381078,46.30728440184284,46.61549491893779,46.907224978064235,47.148423331331145,47.31909898599867,47.42533242529584,47.476112707051975,47.4727372495495,47.41108870414899,47.30568260365742,47.17263073557978,47.04303002961573,46.94587190330891,46.890194098691644,46.89954171077132,46.9489294509787,47.14911524557561,47.482806313361536,47.81260357689117,48.166319694782295,48.51301786691775,48.825661905192185,49.076351347781674,49.24440783847993,49.32079897727129,49.318986118001355,49.24927968925069,49.12282057380276,48.952487559885064,48.752844093207365,48.532713771673755,48.34577282218415,48.18705659966972,48.08745459016976,48.05411021344605,48.1106505895053,48.25872467208515,48.483848949127,48.764961956187456,49.0894096320875,49.44819452303048,49.79895777910366,50.1489228560396,50.45447369392801,50.72256706447229,50.94045091533096,51.08509547505033,51.141269465169046,51.12531111183861,51.055333422662954,50.951030073616785,50.82766343412255,50.70070028473068,50.58540094439115,50.49477398191344,50.440405609115224,50.45011970379846,50.52812027176375,50.692217503925114,50.93053872969831,51.18500839594724,51.433319940064756,51.66430954256756,51.86748202920011,52.015758115409405,52.11133130013964,52.11222000185803,51.995662111707766,51.83105670312786,51.66201678179614,51.431379809326614,51.15781580668248,50.87368263774911,50.615717492725466,50.42108461138082,50.315523859479136,50.29919602773173,50.36899480668697,50.51820991677742,50.72774899216072,50.96349905265501,51.20116204631395,51.423912571457116,51.61058403704907,51.74501643275006,51.81979910303616,51.83200860851943,51.778791153200785,51.66581581191687,51.50604900645199,51.3091914580028,51.08890956093466,50.85936829726381,50.636529269229634,50.43674292936442,50.27562022595451,50.1688073424457,50.13351107051102,50.18631950761029,50.3277109187743,50.53050143967917,50.7644273676081,51.004688678789925,51.23244850819272,51.43156693152001,51.5945103168262,51.711091480862024,51.7823440632986,51.807737219278664,51.795089440487466,51.74115510232984,51.65881686197282,51.55262101024098,51.435834444002396,51.32302609818817,51.229024616529436,51.16858076460325,51.156492838921736,51.20770132820322,51.335798849404625,51.53276618080192,51.77936753006897,52.04796515140584,52.320080414182435,52.58201199180536,52.823786345044475,53.0337058247069,53.19772214692283,53.30529219569039,53.36146701210563,53.37302131751921,53.347036436736396,53.280521280175954,53.17847584358576,53.059496326556676,52.92851679606778,52.796390588587094,52.67457118944954,52.57444022704744,52.507238935872266,52.48408408331681,52.51574952062496,52.60827327193796,52.7503799358985,52.9262281922496,53.12031815137716,53.31781893462162,53.50610284291634,53.679079617898836,53.83209929657146,53.96072052809211,54.06099862530806,54.12899062490787,54.161867420397236,54.16257657630334,54.13520689295085,54.08331029412927,54.00995952718896,53.918577739404576,53.81492247740751,53.706870909923396,53.602387959292564,53.50985725609052,53.43800090453933,53.39338661894484,53.379607016006254,53.39847985599729,53.448657954524215,53.530951011046525,53.64655739834245,53.79472428094421,53.97171581279994,54.1648138886236,54.37007073730981,54.58148605179792,54.793676082149446,55.00151762288122,55.197218635822054,55.384829051925216,55.57741167099997
32.04351098731699,32.288067421325806,32.50791535706471,32.70449492576677,32.88059082389863,33.03965371562735,33.18512313444878,33.32108014902806,33.45616141562564,33.6011079892844,33.76715856487891,33.96415489005335,34.20086913717323,34.481655617442044,34.81249203826849,35.18484060722905,35.6120727397431,36.05181126814066,36.574527992489,37.13097286857113,37.70553134129801,38.28107114336173,38.84874850390335,39.44274385163067,39.9308258784289,40.36216224640261,40.730061553750666,41.0286592111363,41.253982546739856,41.41601671568938,41.528654695781135,41.604501243145435,41.65440341511568,41.68897952832345,41.7211280045381,41.76590407019295,41.83950580231183,41.95599177023303,42.060428383137655,42.27266035591079,42.57427043620066,42.97672637777394,43.45012729969073,43.92427060198695,44.28862461556829,44.58642102453043,44.84171691166331,45.04964150800328,45.20013826396259,45.27329377059718,45.284256091039296,45.24594565133514,45.16598495370117,45.05437510706236,44.908705324517506,44.75296811772883,44.597836844881236,44.453761159461266,44.33822787732023,44.259640700914424,44.23669682992955,44.28510607094175,44.40704621279814,44.53733112651581,44.7566846497606,45.02971699683921,45.26377227129382,45.48276414448651,45.66133575717938,45.77770301221683,45.83225173192235,45.84155722909784,45.78454996527237,45.67280188853741,45.52286783998743,45.34163069042416,45.135562958934706,44.91705713493787,44.702427108149614,44.510805467537196,44.36301812773225,44.28130459622451,44.28483802056366,44.37327050422094,44.53658518223239,44.759768980155165,45.02611514301518,45.320905991902244,45.63192645918568,45.947367692777604,46.25990860620819,46.57469048413753,46.87675843786,47.13027921360371,47.312512185509576,47.42791436316675,47.4857985391583,47.488018512226006,47.430197479653955,47.325895865737635,47.19022952734955,47.05393444072567,46.94756501681599,46.881295290373366,46.87922802242603,46.90948308979393,47.10009795665836,47.436659125608614,47.76578912568888,48.12351230641951,48.47791711577847,48.801040338691514,49.0638254269577,49.244391353735665,49.33259377705229,49.34072385119915,49.27808395829521,49.155799379632725,48.98697543164583,48.786348682368725,48.56242805223842,48.36906451864262,48.20141698729665,48.09124489717829,48.045201024009344,48.08926823885944,48.22711647317632,48.44492812792477,48.721741357149426,49.04462609203348,49.40441869067784,49.75648684215847,50.113041197669574,50.428599629711655,50.706290179021636,50.93485532642799,51.09025810897887,51.156342755823545,51.14858654285245,51.08468926699121,50.98394540756718,50.86106370110424,50.73076294214584,50.608769695228716,50.509140917465444,50.444417830278,50.443854730455705,50.5127244812789,50.67013683548527,50.90559099358297,51.16114216738637,51.41390559135061,51.652153169483114,51.86503360525948,52.02739389651075,52.136400284976986,52.14411022646435,52.03723838707023,51.877210044316776,51.70782698771728,51.47809738151182,51.20535771668605,50.91943791596842,50.65484479629874,50.4480220959644,50.32762344431018,50.297337314619035,50.356548681269125,50.498848836428174,50.705146827407496,50.94113366474479,51.18207398084903,51.41082923655679,51.605935914682334,51.75084338605999,51.83637684712663,51.85776431747065,51.81083660195919,51.70104831696808,51.54185682723023,51.34344645770708,51.11999902188613,50.88585410261945,50.65710853076683,50.45035207342269,50.2815073943966,50.16659234777051,50.12309213113107,50.16799987251067,50.30266816096343,50.5011024501827,50.73402951562325,50.97648064407927,51.20883409331548,51.41409683656994,51.58449527742951,51.709675874264526,51.789782411425286,51.823185207889566,51.81676761296956,51.766364897921925,51.68434869248943,51.575561321972046,51.453815564800365,51.334226632466674,51.23218498339875,51.16302657612693,51.14216543840296,51.1852004621606,51.30649558735307,51.49876427636477,51.74316610894684,52.012224578072264,52.287507481079665,52.554865364813985,52.803885574927435,53.02242784043014,53.195793295154566,53.31267181487585,53.377227455942716,53.39535924589829,53.37349102739632,53.30870390919234,53.20631083709616,53.08526284350857,52.95072704906102,52.81381307045832,52.68623758935846,52.57966950193809,52.50566193786113,52.47566689376998,52.500833509580374,52.58762389508208,52.7252146300399,52.8981470759275,53.09121951458764,53.28984810277914,53.48149698959962,53.65963117313558,53.819038644004635,53.95472269633057,54.06218254441713,54.13694233957369,54.17573987105512,54.18138048213085,54.157873727665844,54.108672821522255,54.03672515927377,53.94534425187746,53.84032276248774,53.72961278421864,53.62124770674212,53.523684041042856,53.44578248641894,53.39419902689948,53.37275200110276,53.38376863654141,53.42642252985278,53.50186980988194,53.61169609027512,53.75549865975429,53.92961134667359,54.12115502011691,54.326103230523245,54.53835798156488,54.7524659511781,54.96325115073335,55.16280842660905,55.35511249886838,55.553058473638764
31.973577624988145,32.222745763706214,32.4470064797727,32.647452425693295,32.82657709424692,32.98753413489634,33.13344411168114,33.26815828742977,33.400391120895414,33.540959800331464,33.70119951274665,33.891273016252626,34.12027973273482,34.39301636617754,34.71599874344216,35.08117757054927,35.502422186171174,35.93210485170479,36.45106302793835,37.00592499853729,37.58122467788989,38.15954942577621,38.73474703495527,39.34809418897486,39.847082728600036,40.29033353337215,40.67051163956213,40.98110514559627,41.21759938262077,41.38958772467521,41.51057578262339,41.59270171481431,41.64623271617476,41.681296071134724,41.711083348599594,41.75112537797,41.818058446207715,41.92623787051326,42.01500279853952,42.21581321802889,42.50832672102629,42.907702794550545,43.38348897503001,43.8708038841919,44.24396461466244,44.55264156223296,44.81956947576703,45.039133066585315,45.20139793215336,45.28618166018116,45.3074947370676,45.2769684600012,45.201308632493905,45.09075651767453,44.943414202955815,44.783708570106995,44.62272271246328,44.471444184069924,44.34790286251275,44.26117404286975,44.23042871820439,44.271820312903735,44.388179649191045,44.50970389798869,44.728084005752436,45.006040997425295,45.24309335043474,45.46776461264334,45.65483396066043,45.78135406138756,45.84488592259097,45.86261090915915,45.8137792576779,45.70847295711385,45.5622206438799,45.38151259033377,45.17326272566125,44.95029665871168,44.72924484907512,44.529511079046145,44.3721909403179,44.27983259820908,44.27208293450773,44.34943111488843,44.502778886563185,44.71780264440614,44.978121183666666,45.269087940341755,45.57847325850107,45.89442885703025,46.209854952282306,46.53103468282528,46.84352341579614,47.109681293872384,47.30391159187121,47.428933217867005,47.4944239360617,47.50281176457277,47.44945884525014,47.34688210264555,47.20917610070496,47.06661467582048,46.951141638463845,46.874160797075746,46.860349329379325,46.87185292866422,47.05206918825792,47.38950057701165,47.717163412601344,48.07828566692749,48.440042233568555,48.77352359038906,49.04852334959813,49.241931982325454,49.34243892366588,49.3610749485662,49.30607798044306,49.18854353690726,49.021791633941426,48.82068689979757,48.5935379104275,48.39402006066283,48.21766712695388,48.09682491470634,48.03783261374872,48.0689486514822,48.19599862443099,48.405878872524966,48.67778186061766,48.998522045591066,49.35875532661977,49.711915602029585,50.07461178147156,50.400038494206285,50.68740016326429,50.92687958053778,51.09345032770454,51.170011963560334,51.17107849649413,51.11388845477098,51.01729206923793,50.89537269367064,50.762045002397926,50.63351259466971,50.5248667208156,50.4496485530712,50.438388020881554,50.497580570365415,50.64760502090912,50.87943927436301,51.135480617742125,51.39228292344242,51.637585133785635,51.86015216370168,52.03676133153253,52.15936534246732,52.17461651789573,52.07810504354226,51.92307557378661,51.75353051216034,51.525207330316064,51.254015800832164,50.966969408563834,50.69615503293393,50.47715174401555,50.34154794455992,50.29673664765098,50.344709779426374,50.47936538029637,50.681674586216914,50.9172709502295,51.16103537730966,51.39550836263713,51.599000349946124,51.754561777333194,51.851174124690466,51.882109345980936,51.84181521189415,51.73560233879986,51.57739350446459,51.377852257152895,51.15160888296911,50.91316675268841,50.6787498530809,50.465166140890155,50.28863202723433,50.16551086303439,50.11353775130573,50.150085570349255,50.277425942843465,50.47086243695184,50.702231734451296,50.94646962550198,51.18316881053783,51.39448232370645,51.572404653378236,51.70644568921558,51.795779690819344,51.83766386805969,51.8379482988966,51.79158841380627,51.710284349020334,51.5992300216075,51.472770557592185,51.34654891482437,51.23650460858866,51.15855167892748,51.12871210633637,51.16323003376356,51.27721728740318,51.46423291883138,51.70586652910787,51.97488922140958,52.25291488628542,52.52539781905662,52.78150859756469,53.008683835397704,53.19157680324537,53.318104711824006,53.391471231282,53.41661986513652,53.39922137667848,53.33653165598878,53.23420393420917,53.111409598473706,52.97359515582641,52.83210801530091,52.69890953052925,52.58594071697867,52.50505382166536,52.4680246973062,52.48636701502509,52.566969185008894,52.69951249699685,52.868986520434795,53.06055191098485,53.25993537831098,53.45474261535239,53.63798688430297,53.803871245907196,53.94681756475528,54.06174043104604,54.143604436330754,54.18869365980219,54.199657582052396,54.18041494957221,54.13430896780373,54.06414924760092,53.97312577284214,53.8670567420589,53.75395071121773,53.64189616614037,53.539408352524575,53.455463810763064,53.39680063748092,53.36747224565542,53.37031901242266,53.405065489104864,53.473247274980764,53.57686677821632,53.71589476202753,53.886711602874044,54.076350908796265,54.280676162070776,54.49349734097977,54.70929966297322,54.92286434961342,55.126216031777126,55.32317570740441,55.52642231903965
31.90255522886778,32.156576864682954,32.38559834321411,32.590332355616894,32.77293672327663,32.93622362047453,33.08295644378914,33.21672843669001,33.34632433496842,33.48263117381973,33.63707440755134,33.8201391719495,34.04125539605645,34.30566778170719,34.620391069544105,34.97802666764598,35.39282331130872,35.812819140304015,36.32759300046609,36.88038767140052,37.45592651106821,38.03659201450312,38.61873520479656,39.24976861685495,39.75953912836706,40.21480125022822,40.607547042140126,40.93058929410453,41.17884936232299,41.361473973418384,41.491521816862495,41.58061326062377,41.638388898531396,41.67444001444799,41.702219263352234,41.73770376900999,41.79793536610529,41.89750386804546,41.971193002609326,42.16017390409294,42.44293047623728,42.838249781656145,43.31540366150788,43.81416115717115,44.195793483233054,44.51545044717332,44.79417651809963,45.02565429627269,45.200066862237776,45.297064040808095,45.3293503909263,45.30718861887123,45.23631923100817,45.12718550170812,44.97857463944229,44.81516499982832,44.648490163290106,44.49011482310179,44.358553959949965,44.26359911059878,44.224818027329455,44.25878749194594,44.36904861202338,44.48220640523713,44.69893710306988,44.980458483444856,45.22011910915821,45.45024265137019,45.645850485042644,45.78280815852568,45.855672284055885,45.88219007784887,45.84210394009491,45.743814916888454,45.60180041151477,45.42212810418782,45.21216241328584,44.9851553031872,44.75802732904291,44.55041611155289,44.38364749096888,44.2805405803089,44.26119412481913,44.326968807378826,44.46974347515318,44.67594283289298,44.92955812448937,45.21604725119055,45.52319306661711,45.83913993611888,46.157060000698756,46.48445128497644,46.807436997444036,47.08654671566636,47.29321996508835,47.42832012681494,47.5019332004821,47.51707851544901,47.46885529475154,47.3686463111748,47.22950124722639,47.08112828123741,46.956674408023304,46.868870392853815,46.84298625655607,46.8362948038339,47.00527164902188,47.34134354717255,47.66670874630896,48.03059398476872,48.39932632843035,48.74302997824458,49.0303561385168,49.23694083632239,49.35025167209624,49.37996674448667,49.33320242339131,49.221009836290186,49.05691102584067,48.85585100147928,48.62606028136764,48.42066942135867,48.23585612995066,48.10424917940232,48.03206410351739,48.04974616966784,48.16541534527503,48.366730732191854,48.63309556896264,48.951090514508046,49.311175894323355,49.665255502679244,50.03362455588975,50.36871867362027,50.665818574191086,50.91644461408249,51.09459918338172,51.182217108377216,51.19274329516068,51.142905621500454,51.05106389968543,50.93060203893249,50.79457359163437,50.65967058858365,50.542002444070086,50.45615723356289,50.4337737681183,50.48273210949975,50.62464606139234,50.852081523173744,51.10799805274863,51.36840578795736,51.62054471266338,51.85276694152823,52.043711824546705,52.180043207747154,52.20367615984665,52.11821574538953,51.9686163181327,51.79909489234968,51.57269289426714,51.30379848232771,51.016310850049464,50.73970348763564,50.50854242961006,50.357368615110424,50.29745931350937,50.333530123840404,50.45979020424798,50.65733619240166,50.89188994564919,51.13800501035977,51.37789171384948,51.58970903552533,51.75609976738657,51.864120628812515,51.90497727683504,51.871665308662045,51.76942667842348,51.61262210520198,51.41238933486091,51.18373575311956,50.94131743319847,50.701477581986886,50.48122037845434,50.29703718493509,50.165609216463885,50.10489161428754,50.1326102764457,50.252001466584076,50.43977830117331,50.66901023475904,50.914614032575976,51.155396766852014,51.37265759916791,51.55816749369598,51.701331057980354,51.80027047027471,51.85111722920413,51.85858648744937,51.81679736284073,51.73660983489254,51.62362802278105,51.49271475313636,51.360020875136385,51.24202119837403,51.15519999654918,51.11617856071888,51.14183183108261,51.24799370037713,51.42918650567129,51.66746458699628,51.935936472675664,52.21626040932632,52.49354968690007,52.75658208701865,52.99239194247505,53.18498810905371,53.3215102555957,53.404126102798166,53.436741265512765,53.4241738051493,53.36396295368133,53.26213077810579,53.1379265980696,52.997125291120916,52.851292549371074,52.71261487971602,52.59328942798476,52.50545401675908,52.46119622706734,52.47238266695801,52.54632979988285,52.67327782523069,52.83873217071939,53.028282340317816,53.22803152302486,53.42577871895561,53.61407868808284,53.78652627986298,53.93693526317356,54.05960637965915,54.14891734894641,54.20067748894315,54.21736642276387,54.20280022062056,54.160200509571474,54.09222638382666,54.00192998925521,53.89514503429736,53.779917247490566,53.66437634087385,53.55708162134073,53.46710163990828,53.401250179149045,53.36382534291617,53.35818377031863,53.384631756461424,53.44511851222258,53.54209367525102,53.675925382324046,53.84301563877123,54.030388970831034,54.233765438700445,54.446868946874915,54.66413175798881,54.88030277795474,55.08738190850245,55.28895337979093,55.497429698606915
31.830403611256084,32.08952424268584,32.3236633161639,32.53312002459484,32.71967023760227,32.88573845000385,33.03369138183739,33.16683513683886,33.29401690597788,33.42618712063211,33.574855172595605,33.750829921817314,33.96387510869197,34.21968878822283,34.52574222191667,34.87545852326748,35.28333961687857,35.69415623498916,36.204336657679036,36.75458942820757,37.3298706449627,37.912446877665495,38.500924717579636,39.14768893416007,39.6681020235879,40.13546596736869,40.5410694042908,40.87702100855893,41.13765566349443,41.33161673346945,41.47145453834351,41.56821914557083,41.6308769084378,41.668437157316376,41.69457990391481,41.725697445385784,41.77920260112663,41.86985399692697,41.929221168830345,42.105999396806816,42.37835502286059,42.76860325672969,43.24604878555372,43.7542817719655,44.1440270132483,44.474758872745845,44.765445124177994,45.009112532518195,45.19605569002929,45.305863439938776,45.34975908307981,45.33655595192501,45.27098000480956,45.16363604509793,45.014177696109385,44.84734139739849,44.675154199966094,44.509798975766095,44.37021435504621,44.266954448862485,44.21990227509487,44.246036469687105,44.34966771493958,44.45497980372179,44.66934894977987,44.95292697475164,45.19478953569429,45.43012363890198,45.6343036003891,45.781984043829944,45.864533502071794,45.90022175254484,45.86946377378505,45.77878066956422,45.64157507450942,45.46346144685493,45.25226368956068,45.021652772247826,44.78881163192573,44.57357277348886,44.39745123233902,44.28349781206592,44.25224012122593,44.305945205857775,44.43752857677817,44.63422334204313,44.88044126936492,45.161779068768034,45.46606014633677,45.78145495959364,46.101460312091085,46.43486406056631,46.768416268375056,47.06079262251482,47.28036006516574,47.42600622742883,47.50827063513947,47.530780273713894,47.48836932197213,47.3911934881189,47.251235758494225,47.097532803313676,46.964235965265225,46.86550385176259,46.82721942888112,46.80306455154731,46.95994804759786,47.2922009156932,47.61440743549214,47.98039146840571,48.35570250850617,48.709477820217785,49.009234816527595,49.22932902779953,49.35594927732754,49.39732657334471,49.35939795483709,49.25315506844532,49.0923084664124,48.89183324339921,48.66001210018544,48.44904257384397,48.256033107596245,48.11357222791463,48.02795461416849,48.031715135710584,48.135410855134275,48.32751325618967,48.587694584554754,48.90232452053219,49.26165185725568,49.61651798806971,49.990069469368294,50.33456855416203,50.64146696879281,50.90347136348429,51.09363172816484,51.19289821027203,51.21353726124912,51.17171540267785,51.08525473996606,50.96676336400054,50.82837583600258,50.68728462284002,50.560599139335,50.464003327821196,50.430066165208245,50.468222669158386,50.601283958130615,50.82351569115047,51.07866877814007,51.34222803651259,51.60097118330464,51.842807175740624,52.04809677962525,52.19825061595306,52.2312264360117,52.1575241568778,52.013795303950346,51.84448766550966,51.62053731189293,51.35471418437955,51.06749597493938,50.78554544540839,50.54226302682379,50.37515671084375,50.29957059887597,50.32306173719291,50.440153964148976,50.63213556977435,50.86496968754396,51.11294165466332,51.35792105434517,51.57799366410486,51.755385517037,51.875146052577634,51.9263016928177,51.90032521791928,51.80247013685012,51.64750569648932,51.44703816935188,51.216376241273444,50.970317329877446,50.72531606329987,50.49855003280281,50.30676592796636,50.166933736285486,50.097197403329,50.11560766611972,50.22641193435497,50.40784694403384,50.6343412272133,50.880872274819154,51.12546206925024,51.34855686919261,51.541712847406394,51.694262112824056,51.80318931858533,51.86348932073796,51.878637167808634,51.841963457883146,51.76331115343309,51.64875623912634,51.51366348219138,51.374670443277914,51.248772459029766,51.1530154525363,51.104610519547414,51.12104764218828,51.21885457709709,51.39363943435408,51.62795607905624,51.89534372312836,52.17750182972898,52.45926130071106,52.72903271735167,52.97347029452764,53.17594265043804,53.32280781525172,53.41511983516585,53.45566153730587,53.44829463337515,53.39095623538603,53.29006701196709,53.16480384891373,53.02132162970154,52.87138379892505,52.72738150367284,52.601751190771964,52.50690195261634,52.45522021619528,52.45891309537801,52.5257263978684,52.646514903202664,52.807369671729106,52.994377802335585,53.194087298728505,53.39454429919027,53.587838521157,53.76693292345586,53.92500592139269,54.05571448472079,54.15282151118802,54.21164006078273,54.23446555096118,54.22499920276146,54.186329223423215,54.12095115960733,54.03176458807331,53.92460825737954,53.8075449496071,53.68873123432908,53.57675527829634,53.48075273619107,53.407606380363625,53.36186888613697,53.347415696906985,53.365166256103365,53.41751862748697,53.50740099446414,53.63560331520396,53.798522511735094,53.983256622390584,54.18534696716029,54.39843761608269,54.616916776678906,54.83551199419057,55.04624651396124,55.252380218285595,55.466007103744836
31.75708258445326,32.021551416144696,32.26117376739713,32.47580074168441,32.66677816383835,32.83609490112628,32.98568017689052,33.11852292790642,33.24352468205704,33.371692651651415,33.51461373118208,33.68342183052949,33.88821785219525,34.135158309916285,34.43212540590221,34.773543762162106,35.17403460460358,35.57631823681102,36.081512747184014,36.628758810005166,37.20329088370307,37.78736198338639,38.38152727745693,39.04177693977935,39.57267836012049,40.05222825519139,40.47098036882027,40.82030964085725,41.09394146378299,41.29995727637894,41.45033568691156,41.55550263465253,41.62370169214614,41.663313298793,41.68820942540607,41.71516460917018,41.761926190393766,41.84335249125516,41.88930947068587,42.053546678874376,42.31487368192319,42.69899913741014,43.17560177359693,43.691105079615795,44.088580996676306,44.43047803234481,44.73328237951905,44.989415110774594,45.18927505134138,45.31250238503397,45.368656843992504,45.36502028314236,45.30525420946366,45.2000821337788,45.050214435089536,44.880241753323205,44.702729825095666,44.5305225412721,44.382917233215785,44.27127860242181,44.21571897929072,44.23359610774599,44.33005157158416,44.42816524890336,44.63942455394935,44.92340399119941,45.16704461827307,45.407332953473656,45.62011157676289,45.77880045749912,45.87139226239337,45.91663295062495,45.895798520009905,45.81332311684407,45.68151256448122,45.5054968332037,45.293568222238,45.05980876977702,44.82163484159631,44.59903327328553,44.41366561708217,44.288773563022026,44.245289453456216,44.28642193449086,44.406183820213954,44.59267796828406,44.830785922174954,45.106278537393564,45.40704876046303,45.72132795700471,46.04299244709285,46.38219677957027,46.72637831416054,47.03233615794692,47.26525465210811,47.42192265712697,47.51338054275375,47.5438785482267,47.507983420725935,47.414528630271505,47.27441042608885,47.11588578838652,46.97389894996044,46.86414094785712,46.8131294712793,46.772418008048746,46.91634109263346,47.242085562175525,47.56024178883126,47.927632326300966,48.309103881938356,48.672785434268434,48.98507040644437,49.21900766882996,49.35944899434396,49.41308176952451,49.38460524247745,49.28493602403645,49.12795881472544,48.92862588154272,48.6954103020075,48.47916949123257,48.27824717119992,48.12484859689165,48.02556326655522,48.01490989190466,48.1060293734346,48.28825599378268,48.541591009764524,48.852217085411255,49.21015467888383,49.56571450216321,49.94393647035133,50.29751652203991,50.61426690406028,50.887880765165356,51.090475014208295,51.201995289242575,51.23341671715647,51.20029243380138,51.11985843113629,51.00386829598552,50.86347886164997,50.7163956433083,50.58070785871651,50.473246291914194,50.42731940519369,50.45409581981781,50.57754271231964,50.79373972942852,51.04746709965057,51.31370352072527,51.57880382289767,51.830202103340376,52.04976760084007,52.21380430222153,52.257204630085376,52.19598394227273,52.05857555783485,51.889676368864684,51.668723821721215,51.40677133019459,51.12055851774775,50.833736191256754,50.57838240973256,50.39498348664192,50.303135790432556,50.31335664216559,50.420487315865316,50.60607664214767,50.83648921245388,51.0858040848842,51.33553814827552,51.563785928369605,51.75234718710139,51.88418008907066,51.94601617671366,51.927733265322246,51.834681515091006,51.68200734537357,51.48177923914649,51.24952695636674,51.000177628453116,50.75028964283488,50.51719035062311,50.31786131679555,50.16953075072576,50.09049880168264,50.09911141469101,50.20067454832577,50.37506526672016,50.59820092248085,50.84520276174943,51.09330882472473,51.322114340018956,51.52296976353308,51.685168986011895,51.80447080454513,51.87472417207623,51.89805532915514,51.86705841179137,51.790374307968975,51.67461558427708,51.535632075515736,51.39052554912409,51.25679609683075,51.15204197043308,51.09405370081893,51.10091925515107,51.18982966838524,51.35760610234932,51.587336801731944,51.85308836402551,52.13659692702005,52.42247299285639,52.698787162626154,52.95183702442096,53.164355865256844,53.321916759852904,53.42438019305972,53.47331877079467,53.47153018192246,53.41746993421895,53.31798827897411,53.19203135762359,53.04618834632526,52.89239889021905,52.74323726915377,52.61136156115589,52.50943705871123,52.450135397831886,52.44599093028399,52.50517963712998,52.61922801937414,52.77488466841182,52.95880529678712,53.15805346722962,53.36097835483724,53.55919832020725,53.74502035426968,53.91095966921998,54.04999884069525,54.15525735682292,54.221530077625616,54.25091351334025,54.24698155794553,54.21267688595673,54.150318166599185,54.06263725625304,53.955467029481824,53.836866374137195,53.71500384989259,53.59848075419643,53.49647386194801,53.41592796958455,53.361660468569774,53.33806757886533,53.34671391221165,53.3904827266535,53.47281294894066,53.59494135522736,53.7532312791356,53.93494127964428,54.13539665419834,54.34816816543547,54.5676092594975,54.788437556754204,55.002750305329684,55.213390925146065,55.432081025857705
31.682551960759483,31.952621903489355,32.19810206568879,32.41835981594293,32.61426102859941,32.78730925148376,32.938954080013175,33.071836349922755,33.194903511339156,33.319212777760555,33.45642200661339,33.61799146275939,33.81436260812017,34.05215527097939,34.33961382684307,34.67235300907819,35.064971776206534,35.45950724682038,35.95934001658787,36.50312435784008,37.07642103141906,37.6615852997889,38.26075458858087,38.93195443260188,39.47317508382279,39.964988684094195,40.39718157853467,40.76036454289736,41.04762994083657,41.266436873697394,41.42812700241172,41.54244699286589,41.61686819590864,41.65909423793096,41.683151982944786,41.70616346243604,41.74617217302877,41.818063585127405,41.851680081659175,42.00307273299957,42.25275977445205,42.62967334133645,43.104240052066935,43.624570431162866,44.02937122548524,44.3825191193645,44.69759536963968,44.966469366494664,45.17963558198753,45.31690340355444,45.3859797041288,45.392531436503035,45.33910510053613,45.23649775368553,45.0866759185152,44.91387005810817,44.73123204128319,44.552311418829014,44.39669577987297,44.276610116037716,44.21230565770715,44.221495267741396,44.31021479560158,44.401903896242516,44.609268923645224,44.89184705264192,45.13682434512462,45.3817959733201,45.603192684227096,45.77317613973199,45.87617125077532,45.931350689467074,45.92104794003113,45.84739516043094,45.72158081304754,45.54821847810278,45.33607767907004,45.09964299965822,44.856534041927404,44.62684981937433,44.432354097852134,44.296437102719196,44.240410651238065,44.26846061744368,44.37575883423635,44.551340508043204,44.7806073868011,45.04954080138655,45.34613317179887,45.65871295790225,45.98159296633763,46.326373211963656,46.68124022037187,47.00109446549184,47.24782648592027,47.41600055332766,47.5172072260449,47.55633484784663,47.52768008482695,47.43865673442615,47.29905604159064,47.13624478279313,46.98573600187978,46.864861455192404,46.80079700867547,46.74461100958256,46.87469349277625,47.1910103662214,47.50419411500672,47.872270766916955,48.25946355686922,48.63287113835625,48.95777393108101,49.20588787148674,49.36066807812966,49.427159667410194,49.408764954009484,49.316309493727374,49.1638369298486,48.96622117189519,48.732271821960445,48.511080146638356,48.30254743207094,48.13813282298179,48.02494918153072,47.999384780544304,48.07731511960183,48.24898849423513,48.49479694696238,48.80076123089303,49.156655822674864,49.512856488922,49.89521550728303,50.25749096346233,50.58413993698427,50.86959375554782,51.08505609366651,51.20944836528671,51.252337985279766,51.22861135036922,51.154868814252445,51.041928461998204,50.899909794723975,50.74704459585802,50.60237965432077,50.48394558190999,50.425587681116944,50.440395131954524,50.55344632515507,50.762751589143214,51.01436732301431,51.282786092212575,51.55398190863077,51.81488096132898,52.048575692263135,52.22652100168913,52.28154802576218,52.23354876584006,52.10292010638154,51.934628539639085,51.717235662279805,51.45997834297968,51.17553221298863,50.884331010185306,50.61696945241219,50.41692019738701,50.30822017486092,50.30446686144013,50.40082091526298,50.57916333333426,50.80642755691899,51.05655107568638,51.31068475979186,51.54701752100448,51.74691293839663,51.89115243137642,51.96405431130768,51.953827776527326,51.86600961415738,51.71609011890161,51.516593022765456,51.28318450733543,51.03090951465325,50.776422666406994,50.537176578602796,50.33036641189013,50.173446588011224,50.084839492601,50.08315519747921,50.1748065106662,50.341430170418974,50.56056553122849,50.807563902884674,51.058881140267715,51.293264217885216,51.501867291099636,51.67398180980906,51.80404949694807,51.884765812633994,51.91679596066971,51.892053937423256,51.81778530182723,51.701206971866924,51.55863586386794,51.40761412255005,51.26612981805186,51.152323473783824,51.08455382253036,51.08148845804148,51.16094872506369,51.32110090712656,51.54560255146761,51.809147786625,52.093503480726156,52.383125095702844,52.66577209690445,52.927410265020484,53.15014319136855,53.31875645846007,53.43183494115443,53.489651056258005,53.49382677135763,53.44346248329611,53.34587022230791,53.21959913081668,53.07172961574907,52.91435494950934,52.760210042912874,52.622156094952125,52.513098764517814,52.44598050511904,52.43364880167484,52.48471017583206,52.591421462206405,52.741262805715344,52.92153182342144,53.11988079033595,53.32501988467752,53.5280900219154,53.720717749888294,53.894726636462714,54.04239354204691,54.15616531961847,54.23029624177656,54.26666885659698,54.268716948123384,54.23922527376975,54.180321996458574,54.094555680751036,53.98774196878061,53.867914077650774,53.74323719095089,53.622309479846045,53.51432177951562,53.426273675271595,53.36325768346652,53.330192202871274,53.329319648967214,53.36404591560178,53.438353751765504,53.553952296954414,53.70714099834267,53.885430358761504,54.083890406562666,54.29602541176555,54.5161637468986,54.73902502407897,54.95683373978395,55.17192020262994,55.39557795634982
31.60677155247496,31.882699223149636,32.13442057981392,32.360782556427665,32.56211935849996,32.73939777871823,32.89354434226996,33.02681994291794,33.14820924195744,33.26881250984238,33.400351922192165,33.554615383180405,33.74238835802058,33.970758595603975,34.24828069008159,34.57195688876405,34.95621463341028,35.34392536606807,35.83803721349743,36.377914612759064,36.94949489224038,37.53536479499605,38.138818355103886,38.81814321151681,39.36949914055271,39.87364782447495,40.319574676240144,40.69709506657704,40.99864427230306,41.23099679697537,41.40479022468911,41.52903548520794,41.61038136597747,41.65580577378339,41.679451731649756,41.69875220725615,41.73200658815367,41.79405151264107,41.81655517523355,41.95483454188626,42.19228662147413,42.560861786147576,43.03214104739312,43.55461717764752,43.96631349164324,44.33079332719923,44.658291180056764,44.94018263513119,45.167047917781225,45.31898902296098,45.40166369395309,45.41903923598686,45.37249593359254,45.27285689075297,45.12355320851881,44.94823030225909,44.760675851133094,44.57519150764611,44.41158318043211,44.282987534471154,44.20969982813424,44.209762811292066,44.290172000636325,44.37633690119995,44.578987066934445,44.85821367893295,45.10406870447904,45.35343807667627,45.58346519284483,45.76502983072733,45.87879315297231,45.94430198644906,45.94515179511034,45.88094970202783,45.76174775182577,45.59161059642077,45.379793727808995,45.141175165774854,44.89354631679175,44.6570746201867,44.45358012730278,44.306557700699344,44.237672244299574,44.25212287888188,44.346303247621144,44.51024475774804,44.72992096712499,44.991561005066345,45.28328764314725,45.59356399183642,45.91719843045896,46.267317127721824,46.632919072580414,46.966984688678764,47.22799832660693,47.4081710534492,47.51969498773286,47.56811068143289,47.54744180808915,47.463582797376425,47.32520339657999,47.158667332870756,46.999819760794075,46.86774514782344,46.79030266599445,46.71989939239305,46.835247956673896,47.13898820743273,47.44624672269892,47.814260998716186,48.2067146414411,48.58965325044098,48.92725641325136,49.189880747842956,49.359523783668834,49.43948760138596,49.43181775713031,49.34723226818189,49.19991767085076,49.00461137044197,48.77061359517091,48.544804513175144,48.32898300151859,48.15347944283345,48.02617147994813,47.98519414392376,48.04931231306183,48.20974030681128,48.44732449851876,48.747949978725266,49.101126752095894,49.45795539230831,49.843896528607544,50.21442026463767,50.5510076245556,50.848531271053865,51.077302018693906,51.215197458402216,51.27025738801602,51.2566467878796,51.19027973037098,51.080955489149325,50.937695761372005,50.779272426358666,50.625665578253916,50.49616065387667,50.42492518602028,50.42716417604502,50.52901879783264,50.73054922142987,50.97934375396544,51.24942960259167,51.52644471769217,51.79677298670794,52.04437245796638,52.23621744949238,52.304193906736664,52.270172291845505,52.14679197618573,51.97931171505725,51.76605607209655,51.51434364594172,51.23245079517612,50.937385187198586,50.65809302893853,50.44103809796104,50.314889038842814,50.29644441769828,50.38118541820792,50.55139956714677,50.77476375747938,51.02514140173379,51.28330265304554,51.52762013469441,51.73901093173963,51.89599277257979,51.98034967938449,51.97854707719092,51.89640323506041,51.749717084120384,51.55145999872949,51.317345503115455,51.062524174205684,50.80373947983123,50.55854396342943,50.344324273717504,50.178727576368416,50.080263159336596,50.06777268980404,50.1488250235459,50.306938556317,50.52141126412302,50.76791410774285,51.022123122871385,51.26194070902977,51.478334479129714,51.66063071648073,51.80185996458806,51.89355827182634,51.934814051533046,51.916921747636664,51.84553013833487,51.728531315529565,51.58269017800647,51.42596409343097,51.276811328967995,51.15390388613277,51.076156602678616,51.062797038930036,51.13224149795465,51.28413824615536,51.50274912470744,51.76349938218465,52.048179270373915,52.341157941617176,52.629914194248954,52.900108149191645,53.13322006663166,53.31324628013403,53.43741184412464,53.50459648397473,53.51513072224707,53.46889231573358,53.373688485149515,53.247497175110496,53.09794961272995,52.9372691030521,52.77832769170424,52.63417034797631,52.51792649951015,52.44279427119863,52.42191933954942,52.46433867213911,52.56309952016076,52.70648972858755,52.882524381987565,53.079520029855196,53.28660788749204,53.494445562963264,53.69395428789556,53.87623695292823,54.03283268324007,54.15548583334204,54.237887255540265,54.28169012742727,54.290175035245625,54.26595616346001,54.21095724084174,54.1275275485239,54.02145369345229,53.90072061671777,53.77347426089051,53.6482928860502,53.53435325123043,53.43870222588465,53.3667181240792,53.323842355602466,53.31302839055097,53.338243300211346,53.404047616023625,53.51264893494518,53.66025072672624,53.83471127591162,54.03080413100131,54.241974171905355,54.46253477933624,54.68721995459813,54.90843727450022,55.12790275299488,55.35642438662546
31.52970117189988,31.811746893555366,32.07010167854752,32.303054272195915,32.51035368015454,32.692376760471646,32.84948221472553,32.98351824692206,33.103497722045134,33.22055685877975,33.346475401221056,33.4933701564659,33.67237408345036,33.89104720798183,34.15819920096013,34.47242602596802,34.847826677937654,35.22977469560487,35.71782308551952,36.25335811580885,36.82274627029678,37.40894843713092,38.01593028117839,38.70026507541326,39.26155747616822,39.77810624673151,40.238061304742814,40.63041056379413,40.946907635830385,41.19357831776338,41.3802870935888,41.515251376675735,41.60424614860484,41.6534737054034,41.677152826639734,41.692989045703364,41.71949547489055,41.7713805078935,41.78415692489225,41.90908908823832,42.13372754401639,42.492800389482476,42.95948218600491,43.48118467011059,43.89932358711847,44.27521184924328,44.61527689628724,44.91046225213695,45.15142269453591,45.318681770714335,45.415644843929776,45.44449350557363,45.40538996419851,45.309133530915894,45.1608373672328,44.98332647628167,44.79107625724975,44.59918870693262,44.427612620307485,44.29044940248306,44.20793900836212,44.19842760001674,44.26993780033287,44.351605419236314,44.54868399188394,44.82246138992625,45.0687176845664,45.322184641777085,45.56084737267917,45.75428027068386,45.87918065473905,45.955413858948795,45.96804984650915,45.913939643337656,45.801981312433284,45.6356574030263,45.42471803620713,45.18442497201035,44.93270875006212,44.68975988415409,44.477407158087885,44.31920462650438,44.23714276236883,44.237470342971044,44.317866689144154,44.469424513825984,44.67874196702825,44.93233429275235,45.218486437311135,45.52583508835738,45.849745400090406,46.2049522968201,46.581331956357545,46.929923971036864,47.205692934172866,47.39836529490988,47.520788130537596,47.57916755784469,47.567251084326536,47.48931181591593,47.35288328263729,47.18321098495661,47.01622286647417,46.8728717998053,46.781727068161125,46.69853899272458,46.79824719297397,47.08603196541143,47.386381920588256,47.75355723016116,48.15079024379633,48.54305008848235,48.89342887576929,49.17089740997166,49.355933365945624,49.44999290583594,49.45370431953699,49.377661138063836,49.23617589680068,49.04378873316844,48.810452556765476,48.58037256395682,48.357602990852115,48.170942993095004,48.029289282660685,47.97239232433727,48.02206517324047,48.17054098077537,48.39918576680413,48.69377635065574,49.043538930613956,49.401022656284404,49.789969482769045,50.168232811774274,50.51479152376509,50.82461424810565,51.0671398414449,51.21918258858694,51.28713124776226,51.28437338183075,51.22608502054827,51.12096100454961,50.97686388774146,50.81312008067974,50.65061668262208,50.50995096388233,50.425386112946036,50.41444652256578,50.504284131547976,50.69713057742378,50.94237069823811,51.21358790347973,51.49613152727019,51.77580741647877,52.03700930202177,52.24271038076781,52.32507955670335,52.305808184554785,52.19015419384273,52.02369343234354,51.81516828969927,51.56987566228757,51.291347998824335,50.99295400730117,50.70182201338739,50.467408443246086,50.32320766906004,50.28934133362168,50.361611480566125,50.522789267397854,50.74147685067515,50.99153383769037,51.25333359218789,51.505525462124275,51.72856932794725,51.898630805765585,51.99483586372884,52.00182949296942,51.925811178811365,51.7828513080768,51.58636064555931,51.35200655264283,51.09503279283819,50.832264428922656,50.581327751790546,50.35977796274511,50.18542004402387,50.07681348514196,50.05299756698516,50.12274728913458,50.271587325601,50.48071433183124,50.72621178584183,50.98297887952802,51.22807801969095,51.4523003766469,51.64504583829212,51.79783677625906,51.90104557906834,51.95206459092597,51.941633555289435,51.87359482081893,51.75658952889869,51.607810348689846,51.44560339164196,51.288878335854044,51.15682713102418,51.06890775926068,51.04488678588725,51.103737737880266,51.24673251690528,51.458772317895615,51.716120541962326,52.00058207548998,52.29651186296615,52.591140128722024,52.869848809799954,53.113501928904604,53.3053055939356,53.441038666645014,53.51809314422368,53.53538835515717,53.49371786464739,53.40141871068,53.27571549712252,53.12485251202491,52.96115847710358,52.79761808228193,52.647439876044004,52.52395969316233,52.44061542921252,52.41083517390667,52.44408578421553,52.53426648169855,52.670551081976285,52.84174997223452,53.03692194759506,53.245681362061745,53.45819688003262,53.66465914587534,53.855420748423796,54.02125035873907,54.15315933176097,54.24425182122143,54.29593587252703,54.31132548126284,54.29285133162529,54.24221849140502,54.16156054652827,54.05662282167326,53.935318547908096,53.80575806309798,53.67648240361394,53.55662503942897,53.45327234988352,53.37209938365973,53.31907082373651,53.29788506114386,53.31310998636178,53.36991875479998,53.47104406375983,53.61255952165628,53.782771447264,53.97611373426228,54.185979262687205,54.406676897264404,54.63296790674495,54.8575013666547,55.081273278498536,55.3145468080889
31.451300631334426,31.739728433136353,32.00511773066461,32.24516027230499,32.458964520177645,32.64626247438596,32.806798948444495,32.941975801965214,33.06082479973548,33.17451083545552,33.294864367002674,33.43433234728927,33.60439876596338,33.81310003230483,34.06944256482103,34.37383104543841,34.73987141151145,35.1172573364816,35.598916380260974,36.129683408036215,36.69640896971796,37.28258419431656,37.892302070956816,38.57824182318036,39.149257036527246,39.67826452126174,40.15254310684882,40.560220386446446,40.892343209066446,41.15412270761199,41.35457934895591,41.501077932266256,41.59846749004291,41.652123831844094,41.67629942303349,41.688932179850475,41.70870487236144,41.750114804982076,41.754707504118585,41.86609335475967,42.0773558631058,42.425725068980086,42.886440894331685,43.40421225959293,43.82831730387904,44.21568587889093,44.56845960384798,44.8772155529647,45.13267054806508,45.315904174275325,45.42785918452326,45.46884406924315,45.43775044791966,45.34530166010914,45.198519456789626,45.019162570681615,44.82244826223754,44.6243289158978,44.44481728491339,44.29903426483442,44.20706071618089,44.18751849553421,44.249526808335695,44.32785060581231,44.51846470656063,44.78454770547558,45.030711273616795,45.28796104685744,45.53525749379322,45.74084619980039,45.87725644183023,45.96461332434412,45.989681855489195,45.94631788606337,45.842249426487456,45.68034311278799,45.470852272016685,45.229412122248156,44.97405842561125,44.724957819707946,44.50389864286134,44.33444714967627,44.238890735173904,44.22456463387676,44.29049878758115,44.42891357270452,44.62708569039251,44.871855808763925,45.15170381709353,45.45548027701528,45.77917043586552,46.13920248923385,46.526395957274616,46.88982945609533,47.18083306862284,47.386514415128005,47.52043095717905,47.589466985941264,47.58709040735314,47.515848786838234,47.38212649134291,47.209933285387926,47.035017958690915,46.88032118519298,46.77515084010032,46.68078564682142,46.76393391032405,47.032154519759374,47.32458201735512,47.690113669714336,48.091623472077224,48.49297997044011,48.856202341448665,49.148848969945945,49.34981407994426,49.458602915144304,49.47436530892663,49.40755289403699,49.272586466767244,49.083745516059956,48.85180564187079,48.617814272097206,48.38845651138079,48.19057801041487,48.03436171052149,47.96103366407905,47.99561791956358,48.13142006539165,48.350392854188954,48.63823336843222,48.98386382169617,49.342069724812525,49.73342431821167,50.11885699108056,50.47541319160355,50.797763623125334,51.05449661407387,51.22134377583871,51.30291588691553,51.311765767720836,51.26227852584074,51.161956635309835,51.01744129997979,50.84862850469073,50.67728401953143,50.52537596799505,50.42702465493648,50.40228574199329,50.47926632749681,50.662493608260256,50.90342246156646,51.17521484649391,51.46298161455308,51.75191348764296,52.02633762850123,52.24581653065195,52.344142259356765,52.34041010823359,52.232969785947844,52.06774122872233,51.864555553615794,51.626582815224126,51.35225755844738,51.051092755497606,50.748225279834614,50.496102488124194,50.333241352194364,50.283209631892035,50.34212975820354,50.493336357900155,50.706545873046316,50.95568715822004,51.220719341370256,51.48066519597901,51.71551628783641,51.89899622401867,52.00744644712548,52.02361334951922,51.95418224642144,51.815455857817796,51.621275441775616,51.38716426485349,51.12844655627856,50.86202185949633,50.605563190373694,50.3767705394404,50.193570319204085,50.07453415326961,50.03886350434228,50.096590509601874,50.23537337945765,50.43845094501994,50.682415346699536,50.94139251722977,51.191610356107084,51.42369403267485,51.62715730750841,51.791914500755,51.90717176377503,51.968502568029244,51.9661610732394,51.90196535260641,51.78538252560797,51.634011706676546,51.46655994705823,51.30236854498488,51.16113713200234,51.06285301027347,51.02779948698362,51.07546719566269,51.208898116845894,51.41366792747634,51.66698865721589,51.95066967560095,52.24912719211653,52.54937657438603,52.83655037971087,53.09090421604586,53.29485376892559,53.442643173390195,53.53007912728369,53.55454599065435,53.517897563153575,53.42903654208039,53.30424410347025,53.15244248839092,52.986040197920005,52.8181090814,52.66200023497081,52.53123777494844,52.439482712302585,52.40042893474546,52.42397217022584,52.504926635281045,52.633432510829415,52.79917559391129,52.99203730536329,53.202179307167604,53.41927590980529,53.63276150141145,53.83220815275672,54.00758066300824,54.1491262486426,54.24933864112479,54.30936463859218,54.33213794812564,54.31989255486334,54.2741003398047,54.196662361720776,54.09326997161992,53.97174042779164,53.84013160095979,53.70692946334229,53.58119390644778,53.47004277572803,53.37945905546008,53.31593039395104,53.283934584926826,53.28868107993267,53.3359913811795,53.429150477958416,53.56406644050271,53.729598288987994,53.919795123093664,54.12800550094346,54.34854464113711,54.576214438952775,54.80396647342356,55.0319664813985,55.269871712144436
31.37152974307881,31.66660736032243,31.939441104940208,32.187085865812165,32.407952405183806,32.601071198103114,32.765525794491495,32.902237148077454,33.020246323161714,33.1307394507526,33.24559074283967,33.3775785203239,33.53854138711349,33.73699599276479,33.98208398700665,34.276242571923575,34.632412335854525,35.00657538974906,35.48153584532862,36.00711903048791,36.570716794633654,37.156520034676056,37.76814542859159,38.451995253707224,39.03250476748771,39.57402321846348,40.06292172536429,40.48643388643179,40.83487416965914,41.11257123807174,41.327628730635524,41.48649841697658,41.593050336543904,41.651781952158586,41.6769356759498,41.68663981177036,41.699700819688395,41.73031863800417,41.72842908639583,41.82610432415417,42.023444899769345,42.35987174227937,42.81319459880289,43.32363929713533,43.75321043389313,44.15212660953648,44.51774638825588,44.840349873067254,45.1107021141822,45.310578761104686,45.43824274619793,45.49204075097518,45.46954064032158,45.38133526426755,45.23659053932172,45.05574257596462,44.85480686870092,44.65063803375089,44.46323035966416,44.308780666286175,44.20710246938068,44.177064359463245,44.22895363828926,44.30521361638862,44.488434219031475,44.744430145434734,44.989989459860304,45.250692670152276,45.50661382625005,45.72464635827566,45.87294320000051,45.971827400012955,46.00998758331207,45.97803733190791,45.88252002560564,45.725651940574465,45.51819810298986,45.276156320371705,45.017632427311874,44.76272063527973,44.53311803427691,44.352354539756945,44.24298469244289,44.213467375764694,44.26424917170798,44.38874573081109,44.574967441099396,44.81012069742046,45.08291404529739,45.3824535873603,45.70541009841786,46.06999147493845,46.468028160903,46.84661828738331,47.153341489961605,47.372549551521864,47.51856777037717,47.59897047458182,47.606942270982906,47.543198706936906,47.41296381427725,47.23889178050192,47.05627767721512,46.89017307804151,46.77065460673688,46.66689519092793,46.73255081737179,46.97736875007847,47.26082932167989,47.623884525838264,48.02914743442612,48.439361214273994,48.815487833103376,49.12364653983888,49.34108318064885,49.46524496369523,49.493741392996334,49.43686432676516,49.30912423981926,49.12447397510188,48.894689785613444,48.65715961071016,48.42159267441389,48.21243903144141,48.04144788438372,47.95117250544337,47.97001477145704,48.09240710992441,48.30095786304366,48.58131405380249,48.92207288880958,49.28110804185491,49.67425098337959,50.06622118876491,50.432794185061766,50.767900332535085,51.039299388735266,51.22162104015532,51.317567627872826,51.33879858104809,51.29885408730479,51.20395400854074,51.059455124234375,50.88583864426115,50.705718641088076,50.54249512228295,50.42989500503394,50.39072540480405,50.453989386874795,50.62663626507465,50.86247334968466,51.13426428325139,51.426934256729105,51.725020437202026,52.012208841476735,52.24535263428133,52.361319298391415,52.37393172714764,52.275201779096406,52.11142264141798,51.91420110237393,51.68447352795827,51.41521320855934,51.111856716792474,50.79737170235602,50.527191487477396,50.345055374927554,50.27810133519106,50.32277090698617,50.46304476246634,50.66994986113299,50.917560137986754,51.18540166474394,51.452971028943495,51.699779972224,51.897018720423866,52.01811501235916,52.0438369724967,51.98146523890184,51.84749380039029,51.656184865899135,51.42281524868341,51.1627766502546,50.893036117367316,50.63128552586645,50.395345064270806,50.20322473013563,50.07346884697208,50.02540417719506,50.07037188711748,50.19829361907369,50.394597314355934,50.63648319983386,50.89730814296891,51.15247192451652,51.39244449623716,51.606895256394786,51.78402770686982,51.9118808553615,51.98408297202361,51.99047601434441,51.93062773702433,51.814911219291076,51.66130958272506,51.48886168955491,51.31731966263539,51.16687781261148,51.058038073713924,51.011576930289664,51.0474596221241,51.170649443446784,51.36743174989382,51.61608111920319,51.89839985023348,52.19894426143514,52.50455020530339,52.80013099178987,53.06534236591388,53.28181017416486,53.442153129034836,53.5404925234336,53.57254994930498,53.54138984436822,53.456517622531734,53.33307300077118,53.18072371658497,53.01193139175761,52.83982855581255,52.67788698057239,52.53980017434253,52.43943485361071,52.39073325206467,52.404018488334444,52.47508426936959,52.595119660094774,52.75476824676692,52.944816864967606,53.15604072159053,53.37761458896309,53.598190532087806,53.80652929573432,53.99175769051191,54.1433270177543,54.25309641755507,54.32193497231862,54.35258209778463,54.34706160977187,54.306597377697074,54.23284068105799,54.131415761468645,54.010018812938334,53.87663787786252,53.739685496040266,53.60811661462341,53.48907223187805,53.38885473273223,53.31447385292369,53.2712218860808,53.26499168680361,53.30228970824713,53.386980972101085,53.51477054063548,53.675179217252996,53.86182420424349,54.0680177035065,54.28809255140838,54.51690510965486,54.747773051982996,54.97991706395246,55.222325590196355
31.290348319433203,31.59234719354343,31.87304417014934,32.12881636177473,32.357317861787564,32.55681920926507,32.72569400393115,32.86434682528889,32.98181814045708,33.08930771555382,33.198726452034656,33.32318524024316,33.47488092845459,33.66281401355352,33.89619667285933,34.17973123017183,34.52551295268969,34.897930956458055,35.365900228329295,35.88589352421065,36.44590354917359,37.031003926332446,37.643672058235126,38.32144716588299,38.91120761490756,39.465282908734586,39.96909880309537,40.40896041564802,40.77442369525635,41.06886518069315,41.299396978472735,41.47149609580371,41.58799963436001,41.6524738654,41.67910574050743,41.686170143535826,41.69254935599348,41.71205624105714,41.705543845207245,41.78937897912575,41.97226797503396,42.29547632701929,42.73992072584788,43.23940513377863,43.6739187691289,44.08444523457425,44.46304433502785,44.79977254789736,45.08542802870077,45.3026280586632,45.4467315594182,45.51403337474953,45.50072379696989,45.417208329325916,45.27504167696154,45.0930704826364,44.88816707924424,44.67814195970111,44.48288502997407,44.31972715159926,44.20810178575156,44.16709405342257,44.20823290383807,44.28383560642592,44.45869753736337,44.70206622965743,44.946492231527024,45.21030488989653,45.47483464011279,45.70559948630846,45.86616361500464,45.976983103333104,46.02890679123942,46.00905088257426,45.922761041405245,45.77156810125432,45.56675719687889,45.324677270264424,45.06346783903676,44.80310053930087,44.56512878498848,44.37299606628831,44.249493163903864,44.2042401928004,44.23916747030041,44.34895478457316,44.52240252303054,44.74712410304134,45.01209138472569,45.306709048942594,45.628400948381,45.9972430239092,46.406145652814075,46.80020760842999,47.12314095819393,47.356401841509744,47.515142872851925,47.60763953262558,47.626789169029884,47.57136657300554,47.445426043020696,47.27014401663581,47.08007466181765,46.902507252405904,46.76831899299565,46.65712346128844,46.70434062276477,46.921687535970605,47.195106142243,47.55482400699541,47.96329523898535,48.38211213794374,48.77119637354727,49.09520123172353,49.329657923043605,49.469846385872856,49.51177323944316,49.46555222691215,49.34576407502554,49.165966366279584,48.93912192312007,48.69843855290955,48.457060591260664,48.236580592823096,48.05060692510056,47.94286319072443,47.94529994834668,48.05353166363786,48.250892895738716,48.5230114285143,48.8581375954213,49.218149051373814,49.612439426716946,50.01025379103571,50.38685606113054,50.73494531275706,51.021475217583486,51.21995440153461,51.33104279303118,51.365446457310696,51.335805545996806,51.24696475135306,51.102932486652676,50.92479144526049,50.73597159939822,50.56136788281412,50.4340513562807,50.379809081474534,50.428477310877625,50.58955649900225,50.81949766832686,51.09069006536933,51.387928730986566,51.69505750215748,51.99447434502019,52.241135426792496,52.376547957501835,52.406326705562655,52.316813199883725,52.15470520765486,51.964088174501505,51.74355622369686,51.480248683674326,51.1753011761903,50.84933015502745,50.56074669618777,50.3587150239414,50.274068466200454,50.303565582779946,50.43191840490905,50.631667851475235,50.87711155165444,51.147322326460305,51.42237465370266,51.68128854192692,51.89262798806604,52.02677514221461,52.06243868755826,52.0076089572638,51.87892820284121,51.69106939645056,51.45895611306858,51.19803426049408,50.92533154835065,50.65853000495635,50.41554459770377,50.214429605045034,50.07366124950186,50.01265326086318,50.04410862385109,50.16034494563584,50.349129650506015,50.588373754762735,50.85066986373763,51.11059693115758,51.35848081635744,51.584189817216476,51.774110963397455,51.91511688324281,51.99876079208989,52.014550091462354,51.95956797739971,51.84517652358172,51.689719307593904,51.51253654900712,51.33376939508048,51.17409309639589,51.054508667578965,50.99626090387591,51.01974476808664,51.13200089417749,51.32005958159225,51.56337531918208,51.843730378914174,52.1459034032887,52.45658769553642,52.760508778902405,53.03673181636714,53.26609417871416,53.439496298253616,53.54927142295229,53.58934655167549,53.56415314140733,53.48383759521511,53.36219219564279,53.209700371364036,53.03884918487261,52.86280437227364,52.695135668664264,52.549686320818694,52.44051058627877,52.3817807558632,52.3842453967058,52.444743672425474,52.55559817472021,52.70849493055038,52.89521138821571,53.1072046041115,53.33314485418782,53.560875415488205,53.77831430716388,53.97371553571442,54.13570207286344,54.255473852816976,54.333605420402264,54.37262759219042,54.374340272948686,54.33970419673841,54.2701031914966,54.17108080939585,54.05018625991808,53.91531989719264,53.77480193251292,53.63744992629237,53.510419446793385,53.40034400872808,53.314753987332075,53.25979188878674,53.242076912854145,53.26883794908783,53.344548340747956,53.464670879424546,53.61950164822836,53.80217688445979,54.00598068720865,54.22527516853223,54.45498547728452,54.68886155950917,54.92505972841803,55.17183493364896
31.207716172697815,31.516911451229152,31.805899295067018,32.07033706924999,32.307061416603425,32.513522785513764,32.68733482782811,32.828349373629585,32.94559609975481,33.05028064074206,33.15434341789027,33.271229071720455,33.41349637154053,33.59063301886286,33.81185382772142,34.08436764493149,34.41923676373978,34.79152613765938,35.25222827686983,35.76623543025121,36.322203037467496,36.90628383740879,37.51909366403988,38.186519358596755,38.785272524644746,39.35194416247294,39.87097598284819,40.32770932599292,40.710914963506,41.02294580702677,41.269845832312626,41.45605423374468,41.58332032974341,41.65422537062143,41.68285377182517,41.687581377219686,41.68731652039872,41.695391848238344,41.68627395403614,41.75617430237828,41.92409840992661,42.23277474083879,42.6667967018961,43.15144912056367,43.59035810155447,44.01255294739848,44.404260529680805,44.7553909129078,45.056758927434224,45.29197459441165,45.45326165464844,45.53477176454601,45.53126317343021,45.452894841219056,45.31386393184151,45.13115028120266,44.92254389647192,44.70686659295773,44.50381448125743,44.33191226553465,44.21009618308367,44.15763643903101,44.18737921862658,44.26385773138486,44.42935966962328,44.657413477997444,44.900159576847,45.16672308432512,45.4398382054445,45.683624324097536,45.856840372597226,45.98000745168247,46.04637924053288,46.039311439765356,45.96294040550363,45.818075809696204,45.61653122143602,45.37499467580976,45.11160174465862,44.846149740202826,44.59999434764985,44.39644099881232,44.258484679284905,44.19694470914951,44.21530331213425,44.30957453041815,44.469406240067585,44.68286116994595,44.93921009818142,45.22820069131233,45.54807954638846,45.92088090612147,46.340665518579186,46.75051456276456,47.09015423332454,47.33800242250995,47.51010056732323,47.61543566893176,47.64661359530803,47.60035738183774,47.47954396915361,47.303747540126835,47.106481552269315,46.91740348234119,46.768224623801494,46.65172629414726,46.67954603515061,46.86512375703769,47.12739478772481,47.48288632164827,47.893999993897246,48.32115105940908,48.72323898559421,49.063424157672976,49.315455562112696,49.47233451606136,49.52840151596422,49.493573385141765,49.38248083145493,49.20821494557844,48.98511898951726,48.74168107180922,48.4949093732304,48.263057231208265,48.06189795352514,47.93616006221649,47.92151766965837,48.01482327579626,48.20021005464458,48.46331851431543,48.792029404998395,49.1532041973315,49.5479795966679,49.95088318410132,50.3375203768007,50.69881950021342,51.00095115277294,51.216283879974405,51.34329770478762,51.391684032006886,51.37312674297321,51.29100049085755,51.14790051338207,50.96552785355826,50.76809394656796,50.58205370565664,50.43954790171907,50.36958034248124,50.40275410070098,50.55125226117838,50.77446972322723,51.044446044464905,51.3459043145137,51.6619539195108,51.9729855432036,52.23298164332197,52.38976552038256,52.437548707744334,52.357767074905105,52.19755646465733,52.014200008526345,51.80383932564679,51.54739771830645,51.24148141869569,50.904169511924735,50.59683936913734,50.37428558591767,50.2711630476019,50.28454444145085,50.399961209040946,50.59167888061314,50.83430017388702,51.10642309067066,51.3888077629414,51.65997015776204,51.885753720030046,52.03336041947659,52.079356820360296,52.03256220251852,51.90972213221746,51.72590951195062,51.49558346694494,51.23423057272481,50.95893249826138,50.68733187433092,50.43741220020672,50.227231272158804,50.07515504411151,50.00064443066635,50.01781792197236,50.12152426033084,50.30202416413697,50.53804542100405,50.80142178652815,51.06591958226862,51.32173204205935,51.55897112223863,51.76209883913186,51.91682387683401,52.01249101740879,52.038355017451046,51.98877207705957,51.87617935211355,51.71925621204156,51.53761245529005,51.35175544859503,51.182826906899834,51.05231050986554,50.98189319581286,50.99235238437249,51.09296686650757,51.27154721901582,51.508848648410414,51.78661904116969,52.08994495004397,52.405415719147534,52.71760187391396,53.00498800526409,53.24762515163436,53.43460044572119,53.55635391611856,53.604882118332306,53.586145887387,53.51097210331152,53.39159169470259,53.23937662748513,53.06681070352125,52.88706439753731,52.71378185506208,52.56093564385098,52.44274864344866,52.37360407613993,52.36467355350439,52.413909132910014,52.51485369965359,52.660322645010716,52.84317163691533,53.05560995351146,53.28579864216129,53.52074532919652,53.7474933168527,53.95338829308009,54.126191847737346,54.256419649215225,54.34433452953901,54.39224409329359,54.4017103209915,54.37341538858505,54.30845757999318,54.21228573357793,54.092275325300804,53.956220662336676,53.81233020356527,53.6692506037912,53.53414314893386,53.41398447669963,53.31682358385381,53.249689517225576,53.21997186396385,53.235660316786536,53.30186537845914,53.41376651423983,53.56255299808347,53.74082907049062,53.941859268882276,54.160047032962645,54.390401100275014,54.627172453178304,54.86732917705283,55.118326233906494
31.123593115172824,31.44026365180944,31.737978848468252,32.01163329729523,32.25718359624591,32.47119820449116,32.65047951724698,32.794289333129626,32.91163604918815,33.013723237200175,33.11251356370916,33.22178657942915,33.35446669792519,33.520531932884644,33.729128656935266,33.9902224409509,34.31364727072761,34.68756303440385,35.140738738557026,35.64837328965635,36.19984906364509,36.78260773602817,37.39462195015825,38.04713363073768,38.65460644255718,39.233907550076374,39.768454907428875,40.24258996936433,40.64427115205599,40.97475438862317,41.23893703200032,41.44015609579653,41.579017368946296,41.65706226687602,41.688223925021774,41.69093171489478,41.684068352026195,41.680389693645154,41.67084158636579,41.726747276615654,41.879209525474266,42.17200290137682,42.59399995337694,43.05971060853124,43.50244422313801,43.9363609414035,44.34130205773161,44.707112303551355,45.02460544619608,45.27854089581082,45.45776906235308,45.5542057443444,45.56112202526813,45.488368785881796,45.35304836609408,45.1699859621691,44.95795232298833,44.736837832730004,44.52605189892858,44.345374552853286,44.21312317916713,44.148720377907274,44.166407196299296,44.24542114672616,44.4005256238781,44.610429410308555,44.85093148405036,45.11987263167295,45.4015427923083,45.658639611841664,45.84489615853303,45.98082746243892,46.062344692454026,46.06877190518412,46.00302604951817,45.865159280768715,45.66752184441347,45.42712824089114,45.162071228050266,44.891920446417025,44.63777817491486,44.42275860687089,44.270027768314115,44.19164254897763,44.19270632598532,44.270638764773544,44.41599389609213,44.61732704245364,44.864244448467545,45.14688254401965,45.46438245307383,45.8408288915506,46.27150484376971,46.69745629391618,47.05430407535823,47.3172824319408,47.50338515651108,47.62232039235956,47.666398043631354,47.63017613022705,47.51534838425639,47.33975989731223,47.13557098834096,46.9349415419024,46.770452124079235,46.65095952574871,46.658409763176884,46.80769029288162,47.05767756680574,47.40802567825934,47.821194807304124,48.25639629662975,48.671526692058066,49.02822642976029,49.29839335284028,49.47263668864489,49.5435668902566,49.5208845921178,49.419249368176246,49.25121196898379,49.03269791993166,48.786917140522995,48.53518813163235,48.291923483245306,48.07538009051068,47.93111746221377,47.898712154817964,47.976311495663886,48.1489214421317,48.40222833295366,48.723719781007944,49.08628492369017,49.480861441676616,49.888037754170156,50.28470868906303,50.65944383132634,50.97765424645805,51.210549495472534,51.354288685539174,51.41748594063486,51.41081151929039,51.336072854164954,51.19438633056999,51.008088815023925,50.802136734703446,50.60461204687861,50.44643883439134,50.360082758300656,50.376843757540556,50.51172150273834,50.72736382011988,50.99548607215528,51.300800284498834,51.62563892626352,51.947593840098854,52.22070801900628,52.40090927072811,52.467551397958395,52.39802643075588,52.23994394964978,52.064519842976274,51.86533125701492,51.6166940469698,51.31045272931317,50.961958647123694,50.635540761208176,50.39183234753815,50.2694371020771,50.26573813886486,50.36717709867467,50.54996198508675,50.789084779348485,51.062645721526366,51.35220204934461,51.635752980546286,51.876325609400666,52.03780442692983,52.0945296965592,52.056273775677234,51.93983865556598,51.76068569092002,51.53269391924849,51.2713767726746,50.99386331291459,50.717726380677775,50.460990932247086,50.2416760597035,50.077993914053565,49.98941136192423,49.991516983650946,50.0818284643454,50.253257065915584,50.48545660807573,50.74950801833273,51.01837408408797,51.28212722236647,51.53116930372648,51.747925902866946,51.91694586555019,52.02522863716113,52.061862505168335,52.018226039330926,51.907920618520265,51.74993562682654,51.56411733827885,51.37131552945392,51.19312316766757,51.0514893185706,50.968515594170995,50.965312221803785,51.05356175790659,51.22189045860873,51.45247849814605,51.72702361652664,52.031009234067774,52.3509609501991,52.671328409690005,52.970026370463195,53.22632246198627,53.4273933361122,53.56167809321127,53.61910296984179,53.60732651542323,53.537896790002044,53.42126150456808,53.269756659705244,53.095833073959724,52.91263649835768,52.73386109558145,52.57358757291348,52.44618775826223,52.366235842893765,52.34532361689464,52.382584939284534,52.472871879842735,52.610218389896936,52.78864837287417,53.00119576857133,53.2355078895653,53.477729450796616,53.71399645460809,53.93071005707324,54.11473677614339,54.25588250905454,54.35408084642479,54.411401263044766,54.42915353049808,54.40772554489329,54.347911533504366,54.255051152191264,54.13631856565641,53.999383176681164,53.85232174000236,53.703575409456434,53.560302066759334,53.42983372989882,53.320735429166525,53.24095969557822,53.19871164601232,53.2027810244282,53.25894487979473,53.362056502451296,53.50432068298769,53.677756669084026,53.875618265359755,54.09236268515367,54.32309753705966,54.56264619016656,54.806660112114535,55.06172598237328
31.03793895915844,31.362367313714106,31.669255199128063,31.952690354967743,32.20768492732955,32.429861743839176,32.6151593232524,32.762211243819074,32.87999383689033,32.97970051581104,33.07330881279393,33.17493432804262,33.29787088916242,33.45258967981069,33.648094365843235,33.89736624297837,34.20880797537601,34.586243747742266,35.03165036099775,35.532535643472805,36.0790754318361,36.66022359031363,37.27046862074267,37.903211781194855,38.51911631450284,39.11107364194273,39.66143721964357,40.153511697660065,40.574415438554226,40.92423219703286,41.20663231738091,41.42378494695628,41.57509569822087,41.661010353216845,41.695260355216014,41.696279358633944,41.68287088999795,41.66711401137495,41.65946891567945,41.70135488454177,41.837874642703916,42.113396726272356,42.5217079067198,42.96412894872221,43.410092925847664,43.8557804099836,44.274076004697186,44.654844055280805,44.988878220799776,45.26224949032147,45.460189812996504,45.572285138124506,45.590263608049284,45.52360414924897,45.3925860418517,45.20958151604141,44.99440736139791,44.76808157822714,44.54963046840177,44.360152558316145,44.21722029179201,44.140374731670136,44.14533145050066,44.22866700791047,44.37230040819481,44.56107154644451,44.79874794136716,45.06967891017495,45.35986667076726,45.630564089739615,45.830253658566704,45.979370152980316,46.076742908264514,46.09738518053356,46.04298590506623,45.912802729340484,45.71973073356347,45.481097669392014,45.214913373084386,44.94046486637493,44.67854371943733,44.45201816000597,44.28419096071957,44.18839533645038,44.17142614062939,44.23218128406679,44.36218079498582,44.55051686488382,44.78716869838702,45.06270863661474,45.377246229070664,45.75701075017195,46.198580713957014,46.64094994541403,47.015513244299726,47.294173007220536,47.494940943135404,47.62825521176823,47.68612500781387,47.66082781496709,47.55287007990942,47.378238634529175,47.167415609803435,46.95520120514453,46.77508211875372,46.65507899233714,46.64117451549121,46.74940002310429,46.98593678816617,47.33019628529112,47.74481278734832,48.1877661675655,48.615970515752714,48.989519160058535,49.27838855021055,49.47068023800762,49.55721003001739,49.54744263850407,49.456044544258354,49.29494969248101,49.08187564948986,48.83417673216476,48.5779459777758,48.32323388558265,48.09111245691029,47.92778973301053,47.876927623251305,47.938025872504966,48.09703916057053,48.33973390617675,48.65318018691701,49.01740267441212,49.41107491018724,49.821645887450586,50.22834255490836,50.61673924251798,50.95151155079323,51.20269126802679,51.36397205768287,51.442826818692815,51.448853716004756,51.38219346838603,51.24241706436388,51.05251527552703,50.83815101591084,50.629102362548124,50.454778347339804,50.351359899409275,50.35077028259204,50.470962174817444,50.678154264739014,50.94376400005763,51.252555918130184,51.58604175941712,51.918150639777934,52.20413128898199,52.40991649223299,52.496288440470565,52.43755429403135,52.281835199856545,52.11503091637911,51.928040441008164,51.688171404178476,51.3822703930473,51.02276643470016,50.676922127282324,50.4114205954846,50.268942652307764,50.24717733088793,50.33356999762288,50.50649620143615,50.74142414270272,51.015931983178724,51.31248920559723,51.60856517109654,51.86427334926281,52.04004074735909,52.10789564181135,52.07869247775116,51.96924083993369,51.79537841187946,51.570284078915165,51.30948404607121,51.030148338125294,50.74974877068439,50.486323854292316,50.257810295905635,50.082221542580506,49.97898772995651,49.96522301105655,50.04125445886624,50.20280456650869,50.43056572549566,50.69487266614354,50.96789464285397,51.239595406302435,51.500714493945196,51.73152672339668,51.9154268788064,52.03692864052765,52.085044267472085,52.04791586754082,51.94040123643551,51.78177288270733,51.59207912784863,51.39248734393204,51.20502580224334,51.052090811691066,50.956169887020884,50.93865403120273,51.01379996584413,51.17108509681521,51.394242259646845,51.66490188451165,51.969036587726855,52.29315006275348,52.621606519096034,52.93176234982292,53.20210547883069,53.41780273410131,53.56518204450927,53.63195542677038,53.627653458632096,53.564587298467714,53.451191631856716,53.30084464278134,53.12593342244426,52.9395485414888,52.755408946037946,52.58768153748027,52.45086666386134,52.35970868612359,52.32621624504102,52.35077538001032,52.42963836023553,52.55814916495801,52.73159235789997,52.94390104807208,53.182204533081666,53.43175695787234,53.67775385023736,53.90561492215823,54.101277291848916,54.253811134639626,54.36280291775548,54.43006876339454,54.45665167806618,54.4426292573194,54.388472738986756,54.299397683412266,54.1823485375548,54.04485044361264,53.89482797262921,53.74048110562461,53.588954928729635,53.4479493615776,53.326542309947854,53.23364734802561,53.178331364879135,53.17022428509776,53.21579963931489,53.30953990142887,53.44479211911039,53.61293558698805,53.80722249347344,54.022176665559286,54.25302034607175,54.495223227650136,54.74298723586078,55.00196067045363
30.95071351695483,31.283185955372986,31.59970071582148,31.893493551324827,32.158565936468854,32.3895296811998,32.581405496909,32.73215964572804,32.85072531099457,32.948277487457524,33.03680108844724,33.13074888223425,33.24378792680609,33.386885183832824,33.568824159787646,33.80586967576223,34.10478237940781,34.48777037872542,34.92518189179882,35.41895103274732,35.96011594617025,36.53937936838823,37.14684537994557,37.754675608857426,38.37870908633961,38.98334300846988,39.549824562298404,40.06038386277795,40.50127100064859,40.87132050380637,41.17289342829947,41.406924052220965,41.57156026381933,41.666095428697055,41.70400721752667,41.70368251050999,41.68379017343604,41.65562903552506,41.65237811546044,41.6802541088605,41.80036708264249,42.05719213316433,42.450097988354074,42.86464349217737,43.313220001651565,43.77072254653307,44.202489456094426,44.59849350354892,44.94948788705881,45.24302290540438,45.46045993704312,45.588959769866115,45.618651177339245,45.55857491725537,45.43246802124679,45.24994093332532,45.03192401430503,44.800623728658415,44.574583375091365,44.37628482668415,44.222425038748476,44.13262836193838,44.12416659487518,44.213736470398494,44.34478903064031,44.50929740625909,44.74354893702749,45.016067298066055,45.314728110884474,45.59931649799014,45.81283555845293,45.97556254068452,46.08951364922596,46.12510416751657,46.082787903765215,45.96099037028014,45.77315955663825,45.5369226651958,45.27016526363374,44.99183520850797,44.722354433871104,44.48428892775949,44.301042786229345,44.18726469573333,44.1515123848423,44.19423588472532,44.30798224063028,44.48242578155587,44.70795711074285,44.97563299864773,45.2866074350125,45.66935025196087,46.12181021471247,46.58091266078729,46.9737045001538,47.268605285767514,47.484712229916155,47.633201636016956,47.70577698166955,47.69231743285142,47.5921398476931,47.419241298114926,47.20208805642756,46.978262246122625,46.78219523274982,46.66434053015683,46.628083000741206,46.690265827307606,46.912154760486494,47.249352351206085,47.66478704217217,48.115178990176055,48.55648147949202,48.94721346064079,49.25535840920769,49.46639249853371,49.56927160294367,49.57320431496438,49.49284121877002,49.339420372055486,49.13266911331851,48.88348981984835,48.623232022969994,48.357042974868676,48.10915417357716,47.926231216900966,47.85620829438426,47.89999595558377,48.04457531233152,48.275828255732456,48.580382086192714,48.946568893459556,49.338609950643935,49.751635970150986,50.16834353132747,50.570626670210494,50.92245011793287,51.19264921763502,51.37230414361571,51.467681301678965,51.48724717417273,51.4293739606315,51.292019840911095,51.098848180937054,50.876187842296275,50.65558410873328,50.464620633606785,50.34345533628356,50.32455767705109,50.42897222855103,50.62681536281877,50.889233679789086,51.201110492596065,51.54309165597312,51.88450734631279,52.1830681883856,52.416724468591745,52.52371349954652,52.47631369132682,52.32319775250203,52.16571646726269,51.99197530083337,51.761863524446596,51.45698969490267,51.08666174872996,50.72105472224181,50.43311561643881,50.26973172097558,50.228892673386035,50.29914382969823,50.461260566201396,50.69127703861368,50.96622363977909,51.26960092438414,51.5783348902297,51.8495266327013,52.040002963549114,52.11939298177317,52.099767109751504,51.99789175236751,51.8299681533497,51.60835055488098,51.348563578642455,51.06781191970856,50.78343429103838,50.51345402680985,50.27568030899174,50.08788161294489,49.969407210082885,49.938953206358846,49.99979914508008,50.15064287658306,50.373331182781776,50.63745983695283,50.91441546480496,51.194065642890834,51.46753682515998,51.71283586951498,51.912210946017694,52.04754601668914,52.10787201722013,52.07782756501624,51.97362211949302,51.81478331044242,51.62152575387458,51.41530859830428,51.21857873417146,51.05416070722389,50.944897862433,50.91240756339144,50.97369588778975,51.119126930079425,51.33411732417064,51.60021162465136,51.90396734338797,52.23190973087307,52.56835433499748,52.89011138120173,53.17489357122845,53.40575640436319,53.56680386029139,53.64338580968447,53.64708515012963,53.5910192718896,53.48137208318603,53.33264475147042,53.15712887523112,52.96782839368472,52.77846096224719,52.603256967025416,52.456824093387915,52.354055235828284,52.30737209610797,52.3184847435487,52.38513878577981,52.504081969943,52.67195435380043,52.88366479079465,53.12582050939217,53.38275702800753,53.63869563354779,53.87803698279936,54.08575382862127,54.25015422827521,54.370459290227004,54.44821625629351,54.484186540293535,54.4781211175197,54.430148883397,54.34534594541731,54.230397797565914,54.09266546651761,53.939900332250836,53.78002445463223,53.620160463304586,53.468388964987945,53.33429701287542,53.22779739874872,53.15886612644385,53.13801431188017,53.172442451579684,53.25621576854251,53.38395472262093,53.54634173095072,53.73663677005567,53.94944351463352,54.180115085744575,54.424844022805225,54.67624525054916,54.93895678955175
30.86187660086221,31.20268309521588,31.5292877673235,31.834028195423762,32.10982715027835,32.35021829421494,32.54924928928141,32.70417907888659,32.82388631963415,32.919519163022485,33.00306231397171,33.089306806677435,33.1922967924101,33.323497369142885,33.49139124411087,33.715803364050814,34.00163398454583,34.39234502840413,34.82155207856706,35.307847998526675,35.843204410777254,36.42032303837503,37.02396393191936,37.60144691261452,38.233291703925474,38.850616220055684,39.4335185781995,39.963115816615776,40.424761015987,40.81596058049428,41.137682104601105,41.38955667658761,41.56841601199385,41.67234329236973,41.71450866707253,41.713199372595746,41.6868922414625,41.64599900019289,41.649791359192,41.66370193227575,41.76696016631698,42.00362503969169,42.379347624709204,42.76119358993755,43.21174124251788,43.68109854444618,44.12644949744023,44.53796798380848,44.90634508078664,45.220783668520305,45.45851546495731,45.60417946354902,45.64624798870366,45.59325507583582,45.472685366411824,45.29106820452651,45.070517284314086,44.83449018323306,44.60094380441162,44.393809902718274,44.22877493782659,44.12551013033075,44.1029272430673,44.2007706896509,44.31809649928153,44.45506450960602,44.68527445926142,44.95896317358117,45.26604538272304,45.56481557679201,45.792564543946426,45.96933164292942,46.100596676599984,46.15188176783612,46.12239997723247,46.00970641845629,45.82780998139004,45.594622932185935,45.32786398357112,45.046083681247616,44.76927377087001,44.51964017967338,44.32065177457154,44.18831225099213,44.13301468739982,44.15683636317662,44.25341353690716,44.41304893678914,44.626583948337995,44.88560965966882,45.19240263153291,45.577771166892695,46.041110431607414,46.51726158356513,46.928800602925214,47.240510404999974,47.47264331957328,47.63712117396498,47.7253364590124,47.72464998067363,47.63318847918779,47.46282543440671,47.23966096798418,47.004204438891705,46.791872090992364,46.67899997545215,46.61937792757446,46.630300585093444,46.83631379244712,47.165448084466775,47.581050679917986,48.03855308242117,48.49297060608984,48.90122044358013,49.22922018481584,49.459700804607294,49.57969227673255,49.59812641216252,49.52961425078013,49.38461626369255,49.18509524654417,48.934886376687636,48.67109537852421,48.39340528775178,48.12956436136446,47.92649625617938,47.83659838764265,47.86225129416453,47.99154199978512,48.21050440336857,48.50529694230208,48.873795024794745,49.263456511490865,49.67793638847977,50.10463317531118,50.521027050826035,50.89039700003142,51.180363364295054,51.37924126573474,51.49202402509151,51.52598573485069,51.47762595801214,51.343221786359116,51.14712847712349,50.91629826596591,50.68411674150217,50.47601988623456,50.336412639400045,50.298229942113416,50.385749615074396,50.57332142009328,50.83184896296686,51.14640328508473,51.49671785293301,51.846515363775346,52.15733545235364,52.421270483498894,52.54978023945201,52.514267649237624,52.36399914481058,52.21655973415482,52.05714425969743,51.83780414228826,51.53466591988381,51.15371346328894,50.76800980096873,50.456982697082566,50.27185633076225,50.21091482222517,50.26390251871335,50.41423411592258,50.63860224174526,50.9134624554788,51.22346889839026,51.54499029876265,51.83201515280097,52.03762465828465,52.12896004210103,52.11944647268949,52.02575445991436,51.86443539385139,51.64688995608186,51.38862655611611,51.106878403479456,50.81881818842726,50.542424510267104,50.29533242718836,50.09501780839924,49.96070347762303,49.91272477172748,49.95745942417365,50.09674820680549,50.313711389451946,50.57721363775282,50.85787075617927,51.145466981155344,51.43156642963605,51.6917879100158,51.90724209659916,52.057035754826366,52.13031746727034,52.10794713508423,52.00758418132644,51.84898224079032,51.652485146231854,51.439816998845515,51.23382588699615,51.057744723165996,50.934741308477854,50.88660256919211,50.933263921213,51.066011754845576,51.272081082975305,51.53291061647238,51.83574183341793,52.16716662862022,52.51148999025982,52.84498890245806,53.14460610824035,53.391182111572476,53.566481630836485,53.65334043915045,53.66558002303187,53.61716835344871,53.5117928651735,53.365161160529475,53.18943655857652,52.99750392169952,52.80305270002478,52.620353291022994,52.46409877998381,52.34930812200676,52.28881182825994,52.28571731836099,52.33935880142342,52.44798380460088,52.60968512238329,52.82042599551998,53.06628775517866,53.330658838786064,53.596751934346685,53.84791033346098,54.068106820227825,54.244860492266,54.377008510535255,54.4658134036923,54.511739893777914,54.51419571715046,54.47294765369171,54.39291655638281,54.28049890225965,54.142871248782605,53.98759024967231,53.822262218815894,53.653977398944036,53.49121013338178,53.34405232462684,53.22345477192843,53.14035103658607,53.10617531786037,53.12888611114925,53.20208316116214,53.321795909688696,53.4779510077201,53.663825911938815,53.87411777283036,54.1043273145114,54.35144903280796,54.60636885843736,54.872640831072
30.77138802318077,31.120822251672628,31.457988722409162,31.77427959632186,32.061469095372566,32.31194386052659,32.51872195143426,32.67831408332481,32.79953271094228,32.89349055338879,32.972164412669954,33.05068466604555,33.14347646752829,33.26250515993269,33.415868824155254,33.62723793259244,33.8994262925129,34.3001697978292,34.72097966890931,35.199455081857586,35.72857462978686,36.303302568397115,36.902035980816486,37.44344749135524,38.08277111311835,38.71279384709797,39.312420910153,39.86161691107141,40.34480866221737,40.7580936986471,41.100960086130925,41.37166608505324,41.565667888996614,41.67977974328801,41.726808858972326,41.72488814696404,41.69224313319941,41.63828813947577,41.65193082035744,41.65195533749141,41.73792721475433,41.95293136349341,42.30963424221456,42.65371859304361,43.10557244041475,43.58681959711725,44.0458632142515,44.47317483151226,44.85936043779679,45.19545430713005,45.454292427203484,45.617894043153015,45.673017297708114,45.62761861092514,45.513229139479215,45.3329673201507,45.11020217402947,44.869706841160315,44.62874494177685,44.41276633117947,44.236307506816466,44.11904889846601,44.08162800872153,44.18991082112836,44.29232782218541,44.39833037633909,44.62386449629908,44.898291914955216,45.21373675634606,45.52698006634401,45.76936330080188,45.96060447709287,46.1099317516482,46.177670883195184,46.16179005708538,46.05893508873755,45.88368367557107,45.65421817424587,45.38804661676921,45.103262493025305,44.81936518308787,44.55814118528958,44.34308645547423,44.19159962639237,44.11598267707776,44.120016515848114,44.19848998769806,44.34238147490305,44.54302347397543,44.792592649228155,45.09456837926544,45.48219726494277,45.95639845021324,46.449913857276734,46.88072431261872,47.20981950233626,47.45867851482674,47.63997533447148,47.74478593365643,47.75783045522731,47.67604676597389,47.509048589741724,47.28020698424414,47.0331075575068,46.80419331840619,46.69931316446739,46.61530200463859,46.569517176063734,46.75839619272844,47.07843769353564,47.49353680872811,47.957806762260546,48.42534891836003,48.851451220949635,49.199891132019204,49.45053249061256,49.58841271908111,49.62216572076231,49.56633849935747,49.430529623377595,49.2391709842935,48.98839637579644,48.721585155747704,48.432375360880364,48.152402141125336,47.92863919313992,47.81814212245239,47.824821437511524,47.93795132530178,48.14375537083284,48.42789621871223,48.799092512379936,49.18560454117217,49.60047552864528,50.03713304385029,50.467861320786795,50.85527924924327,51.165773728004694,51.38473974643698,51.51582962442867,51.56506323909505,51.526961087638675,51.39605002685533,51.19739710995584,50.95853333902587,50.714759716922885,50.48903029826547,50.330275379235175,50.27181107897469,50.34129228552286,50.51764674229673,50.7715637012081,51.088373572784455,51.44684958729832,51.80402609623757,52.12674981602266,52.42349182064898,52.57444232445275,52.55137919435908,52.40420691400655,52.26754395558334,52.12355574080722,51.91602699221756,51.6153543529953,51.22399045245292,50.81785861834508,50.48308712409763,50.275368504349444,50.19327443327124,50.22784998848094,50.36539588713977,50.58335852676146,50.85759019442918,51.17402482030048,51.50845955751228,51.81166860264668,52.03283941435043,52.136535148451294,52.13767936757633,52.052792029621166,51.89876061190527,51.685898891453796,51.42968416422,51.14737213525303,50.85593570953859,50.57327836513153,50.31681297872201,50.103673812196064,49.95291020789663,49.88655490933217,49.91423219733367,50.041096767842795,50.25166475502414,50.51407817553572,50.798194723215246,51.09372847011953,51.392733439638555,51.66831741369305,51.90046435996585,52.06535284412009,52.15235233048053,52.1382605810718,52.04228833556945,51.88438500450951,51.68498523479559,51.46605025183065,51.250811184261686,51.06288857751432,50.92574201322598,50.861268799426874,50.89251846358344,51.011735367557854,51.20811092731868,51.46295663950138,51.76430039018346,52.09884743005735,52.45093161774854,52.79631035145041,53.11116245892723,53.37400762040384,53.5641534464234,53.661765635734724,53.68309651045489,53.64301018632613,53.54244398443661,53.398398044715485,53.22287359873667,53.0286029922873,52.82921971518631,52.63900993894708,52.472729456790894,52.34549997465789,52.270556099661405,52.25247739290849,52.292284052114205,52.38982166868069,52.54473542545625,52.75412366102905,53.00353820712291,53.27539156779178,53.55185288244136,53.81516906860742,54.04827670043593,54.237878628916725,54.38240912537619,54.482829867541476,54.539293515117045,54.550847647868004,54.516876736827506,54.44213013448515,54.33268440820591,54.19551079379414,54.03794915569862,53.867251160512076,53.690464464107805,53.51647046001107,53.35586103187975,53.22066439174574,53.122821201185346,53.074731516123315,53.08514341258369,53.14714113665773,53.25830309648304,53.40773932404422,53.588754735955206,53.79615398060386,54.025602590805555,54.27497871483462,54.533292761782995,54.80293928641862
30.679207596210684,31.037566943173047,31.385775949853468,31.71423306307639,32.013492298366,32.27472265777667,32.48985473443218,32.654609199072766,32.777720333052194,32.870256669439314,32.944179307844635,33.01495902501198,33.09740593371453,33.203987480394076,33.342330105263144,33.540244006135445,33.798222805031855,34.21144678805142,34.62368341043239,35.09400082378683,35.61646040732878,36.188565926577525,36.78127323078936,37.280599143968736,37.927054259776185,38.569776459994635,39.186433200965055,39.75579649804263,40.261337116987576,40.697661129815394,41.06268911273401,41.353235542614904,41.56332084107985,41.688430580505,41.740951948344865,41.73880703568772,41.6999088877688,41.63256068747109,41.65901867244004,41.64527130721137,41.71354154898152,41.90534702220845,42.241135267299555,42.542157852536356,42.994629387310326,43.48779689794056,43.96063769204512,44.40402138211304,44.80844459390266,45.16695734869438,45.44772685424605,45.63005333265791,45.69892235991822,45.66163950845816,45.55409040258143,45.37564227070358,45.15099368605561,44.90629960164943,44.65801997260137,44.43319265682867,44.24506026350825,44.11327352796295,44.06028350548233,44.181298020291564,44.26758800741889,44.33905252631205,44.55925903637049,44.833978900423155,45.157720501816605,45.48572870684488,45.74315451477394,45.94930806055273,46.11745863563225,46.202424415296676,46.20092607494133,46.10866059599255,45.940782306933585,45.715728095259024,45.450750247100785,45.163423852272466,44.87269212317851,44.599861214149996,44.368415358665494,44.19718844609966,44.10046598265195,44.08381013916726,44.14322689688463,44.27041854021695,44.457249950458134,44.69653599687588,44.99304123884366,45.382552316086475,45.86759135610132,46.37878662545127,46.82939838923908,47.176463715194636,47.44276211839648,47.64172562639571,47.76410789941563,47.791863853306026,47.720745499631775,47.55796831045723,47.323798744978255,47.06505137602291,46.81923953991616,46.7255359334469,46.6160979405812,46.50792847982035,46.67838427001086,46.9882753868752,47.402178536744856,47.87285834765395,48.35352743911648,48.797816904822355,49.167288505801935,49.4388148909337,49.59537359768646,49.64527903142754,49.602988823570904,49.47715270709596,49.29491326169309,49.044049790288625,48.77475046594977,48.47400773090283,48.177726633712965,47.932714370076894,47.80088371823929,47.787735934888985,47.88381539125197,48.07557417987307,48.34815137889024,48.72247280017738,49.10504398813202,49.51918177685593,49.965764693935604,50.41105041651491,50.81702391772284,51.148820328761744,51.38875590811946,51.53907273518864,51.60447352796223,51.577390976621864,51.45053168854716,51.24969502530361,51.002944113582316,50.74757249106352,50.50370606274176,50.32508712626547,50.245325088830604,50.29559819103176,50.45976563516325,50.708331746129986,51.026960632883515,51.39341609607053,51.75689094777139,52.091128014529204,52.42332576373648,52.59765341881441,52.58761135328648,52.443788597314345,52.31865237007605,52.19121816736961,51.9965658087486,51.69911027924167,51.29756159029771,50.870672429252956,50.51149418416578,50.28032026441889,50.17600216239027,50.19099016281361,50.31472491639304,50.525504668326185,50.798548620781546,51.12120038279975,51.4686708272955,51.788416675323255,52.02558081453121,52.14205662648041,52.15441459542327,52.07896752853485,51.93292428603204,51.72537396993277,51.47174758868188,51.18931746084431,50.89482210105994,50.606058651870576,50.34016829181924,50.113893307587915,49.946061076223366,49.86046082134256,49.870114365746865,49.983664770361756,50.18714968901621,50.44799755729377,50.73532157215122,51.03877915880703,51.35096798743271,51.6423589493407,51.89182176553285,52.07245227375109,52.1739483197086,52.16875390630596,52.07773549585574,51.921006932358516,51.71905394944094,51.49404606353456,51.269578549512346,51.069637988265825,50.917941764747866,50.836436004917914,50.851473912370665,50.956293564660506,51.14218424845862,51.39030747326493,51.68958334605138,52.026878809246774,52.38659735032911,52.743991166037226,53.07448199234992,53.35416069553195,53.55975739733096,53.668607720003706,53.69959304551472,53.668520413702886,53.57331544759285,53.43235957878544,53.257457121967796,53.06115347220209,52.8569975635474,52.65926634027174,52.482754856951054,52.342663423780586,52.2526255684768,52.218769255652504,52.24390018280005,52.329562561931425,52.47705602482704,52.684696786102776,52.93750380190673,53.21688439260854,53.503928607639104,53.77974728270301,54.02620390301294,54.2291573405321,54.38661968144567,54.499235309791686,54.5668291809087,54.58807150132862,54.56194381976099,54.493007297900704,54.38698687197462,54.25062710493873,54.091028481134806,53.915048042057336,53.72968038725574,53.54422753812779,53.36977592131174,53.219471182381554,53.10631172612126,53.04370711975395,53.04122715044314,53.09138875239918,53.19346369917334,53.33568258667115,53.51138805893724,53.715506678408005,53.9438864730603,54.195373526061296,54.45695166284372,54.72977864699596
30.58529513225217,30.952880688146962,31.31262181843144,31.653873904744664,31.965897285873222,32.23857096360713,32.46267888933979,32.63310896616056,32.758505034097155,32.849882522056916,32.91917892279836,32.9822064482501,33.0541641725227,33.14802325471885,33.270848292776876,33.45489220942816,33.698087023825494,34.1263781001216,34.52988205074315,34.99171376536114,35.50709554753275,36.07636108103931,36.66188738599042,37.11282366934411,37.76604808975691,38.42146462914349,39.05545709344177,39.64556392942729,40.17426955794554,40.63460414554967,41.02283092425546,41.33424831426961,41.56137981449572,41.6983216030738,41.756982090308895,41.75501424083958,41.709955544292725,41.628880878276206,41.67127708892306,41.64390682413953,41.694076490025516,41.86110793347575,42.17402812639361,42.4264507194566,42.87882787517275,43.38394164031041,43.87068001633801,44.33041497106358,44.753508184917784,45.135215320674064,45.43875477654938,45.64060715604348,45.723926430899596,45.69529175436969,45.595260217850885,45.419097046690865,45.19290682299687,44.94429436390965,44.688802082299496,44.45512742442686,44.25507072569202,44.10821288044029,44.03890834699419,44.17507344260118,44.24398206304888,44.27718847937868,44.491398067705774,44.76594950821986,45.09791488919778,45.4409802384934,45.71386087161734,45.935369410686874,46.12311708981374,46.22609526584357,46.239775962417674,46.158867155089915,45.999107543229776,45.77917239910884,45.5160119584386,45.226619967420554,44.92931804379576,44.64486953579658,44.39670701387342,44.20514033427962,44.08651423289814,44.04825102956153,44.087639568348486,44.197155277050236,44.369237640589084,44.59739373216219,44.887757770901125,45.278760090299116,45.77460623484301,46.30379703161791,46.774745592791035,47.14037418099342,47.424838433002456,47.642333558596874,47.78328485010397,47.82675517170336,47.76731547174183,47.60964214289042,47.37050888995738,47.10011566849506,46.837091380447106,46.757924118635,46.62200844404988,46.4455473759652,46.59626033297474,46.89491537294793,47.30690897211056,47.78362615656112,48.277417191173065,48.7402286072714,49.13132956114821,49.42447533995481,49.600515580245656,49.66742313482202,49.63954008248922,49.52447777083303,49.352339013869575,49.10187659327806,48.830640420439636,48.518356934467555,48.205596959980525,47.93877612928453,47.7848673944292,47.751024335561176,47.829146300006144,48.005953852237,48.26603388630317,48.64394733214929,49.021764800814545,49.4339835193201,49.890449682557936,50.35051527443257,50.77555805762452,51.12944318656408,51.391246073179175,51.56172799286963,51.64421044250859,51.62892725207244,51.506693897582025,51.30406316903629,51.04958164174139,50.78261451999217,50.52010137270577,50.320891450967416,50.21879597287682,50.24866528273635,50.39965240442701,50.64210694934966,50.96210374257019,51.33634661625114,51.70496132244879,52.05028678300977,52.42070959645598,52.61936718680273,52.62292715261515,52.48271173195829,52.3698682161608,52.2601399625915,52.07945432639547,51.785988983627526,51.37449575089917,50.92652248857438,50.54226916396878,50.286763633652285,50.159128665448215,50.15332696552403,50.262200240222434,50.46499944110339,50.73627949868726,51.06492727857292,51.42555226892921,51.76218906391556,52.015782441611734,52.14546280184473,52.16960095724147,52.10424402370233,51.966906894752434,51.765311800454725,51.514828015229554,51.23273872606837,50.93551260967884,50.64080843095165,50.36544469470657,50.12571997782729,49.940189757922916,49.83445970992834,49.82510283059994,49.92442842502918,50.120124600946085,50.37891589001916,50.66918550922553,50.980548096241485,51.306200205283716,51.613847085752695,51.8812583427152,52.07828903290012,52.19507714781234,52.19941311411374,52.11392657581898,51.9588633550958,51.75471922004305,51.52384214023214,51.290171906292365,51.07803867341741,50.91138235111405,50.81213393648739,50.810144665044206,50.899682142597676,51.07427843765299,51.31492089728972,51.61153103338841,51.95118744025091,52.318405320867,52.68794678407696,53.034484077569196,53.33156910163143,53.55323157383801,53.67381301252381,53.715028061327395,53.693674678760026,53.60439726125974,53.467049937496334,53.29320425452614,53.095183228197996,52.88642180092362,52.681161924471056,52.49421371360616,52.3408310993737,52.23504089287058,52.18459719505437,52.19419283842877,52.26717348410209,52.406597682303385,52.612084369522094,52.86811647621194,53.155066490820204,53.452909239747235,53.74157907021207,54.00182886172621,54.218645329416816,54.3895987254396,54.514999392393484,54.594328667750624,54.62586186918858,54.60815658944882,54.545568664805906,54.44343885013569,54.308263185602904,54.14687965678593,53.96570962578821,53.771683896847655,53.574538960983865,53.38584977960048,53.21992006801678,53.0908577172734,53.013126341837214,52.997150119287696,53.0348250657565,53.12726513392899,53.26175670234889,53.43169069771726,53.632130406696795,53.85912451970895,54.112573923664236,54.37728026387716,54.65308540420823
