0,154.22939393622505,334.7708245484512,157.72041556883434,336.1667058317471,161.25250464089353,337.4555696226119,164.79944792023045,338.70319433805673,168.33383546587933,339.9857554726256,171.8243093593387,341.3827846454592,175.23350964100933,342.96713202982664,178.52585579143474,344.78143634156925,181.68270864994068,346.822603740047,184.70562568925567,349.0576739607838,187.60882006765755,351.44646439546887,190.4101093385386,353.9541694789559,193.12891648099537,356.551199737129,195.78526825401622,359.21216302842,198.39835138117846,361.9156767938926,200.98373557634187,364.645713999615,203.5522038105383,367.3916801721357,206.11136838835654,370.14632277001346,208.66763639744462,372.9036545478286,211.22647788450845,375.65859760288123,213.79186249995024,378.4074476122148,216.366620210933,381.1475188123033,218.95308286539628,383.87654242339244,221.55353620601758,386.5922359010666,224.17023969021582,389.2922728393093,226.80542509592968,391.9742721953915,229.46129838555717,394.63578377381776,232.14003283392233,397.27428160859915,234.8437325869369,399.88718750706073,237.57448516178198,402.471803051978,240.33419486328896,405.0254730553528,243.12387226581208,407.5463698021277,245.94259526894487,410.034750344976,248.78756580046377,412.49308594059346,251.65465282375104,414.9255989162768,254.5391680850615,417.33742638185,257.43591748057395,419.73455160096984,260.3390956737333,422.1238901687392,263.2420454435599,424.5135060142329,266.1368528921095,426.9129732192996,269.0143322072507,429.33317969850833,271.86491137956386,431.7849933150675,274.6816209804519,434.27563811231437,277.465222011179,436.80323864717695,280.21812980328775,439.36424033722045,282.94288289708516,441.95518232435364,285.6421239874773,444.5726970140783,288.318582820042,447.2135068341585,290.97506099683466,449.8744186754708,293.61439719344867,452.5523374408223
1,156.62653962823353,335.4040325266983,160.18247113188036,336.625743104334,163.71474762567243,337.9140320775237,167.20967329173484,339.3003159978326,170.65888950727984,340.7966700942167,174.05543684754397,342.4089136630901,177.38592743716944,344.15335618263026,180.63009136130347,346.0532696448286,183.763541828924,348.1304720832121,186.76582374783246,350.39311836635824,189.63537446916058,352.82207202603433,192.38763865407375,355.38340708889723,195.04480510087754,358.0434217372444,197.627910525032,360.7755101698786,200.15635774675854,363.5583196789424,202.6479529304598,366.37420674774097,205.1193827695784,369.20782589413494,207.5864723610514,372.0452281737303,210.06359514493607,374.87386926228345,212.56048938875261,377.6850654293167,215.08194068250623,380.47425375460205,217.62922444811758,383.2398688271771,220.2026664141579,385.98115959579815,222.80219214101677,388.69772808513716,225.42752980972512,391.38935980742974,228.07834651279737,394.0559026148415,230.7543706666407,396.6971474798895,233.45541264180446,399.31280249874146,236.18137642737523,401.9024740189002,238.93226601722347,404.4656518960064,241.70818666804456,407.0016990568185,244.50934194329983,409.5098447440649,247.33615481366814,411.98903537496835,250.18925673402094,414.43792422088075,253.06918524618237,416.8552064864614,255.97544722554863,419.24076518197245,258.90625629383356,421.5961058691464,261.85850778870383,423.9245205636709,264.8276786476048,426.23132925140663,267.8068534530523,428.52521133888706,270.783140359318,430.82283396724324,273.7437110822482,433.1406655088384,276.687740211104,435.4794733944168,279.6161892757463,437.83776158315146,282.5300488323055,440.2140541461426,285.4303355520064,442.60689493511717,288.3180894588243,445.0148470088706,291.19437133921366,447.4364918131518,294.06026031826894,449.8704281416678,296.9168389454066,452.3152856481585
2,159.4046347067887,335.87980747976945,162.98959397177387,337.0135095884016,166.55137386553673,338.2177633916381,170.0692857317794,339.54428967594345,173.5198588057263,341.03681549563373,176.87752618486056,342.72762236050585,180.1137580688532,344.6402875344867,183.2038268050185,346.7810277409003,186.13634395869045,349.1331788382475,188.91983812002053,351.6602170429372,191.57354439350897,354.3234733194319,194.1204889083288,357.08916967273836,196.58377020739823,359.929746101927,198.9861234545903,362.82210479470496,201.34964327854215,365.74632293315705,203.6960672083752,368.6842938560546,206.04696101619643,371.61868491817347,208.4230393744026,374.53269862083226,210.8400534634491,377.41282261468274,213.30764289813493,380.24971796689454,215.8300638076899,383.03796377862744,218.40789386871126,385.775063835054,221.03770933902263,388.4622671756023,223.71359529191344,391.103614606659,226.42860892214276,393.7047427057215,229.17589017749268,396.27178017957664,231.94934867194442,398.8105226301689,234.7446731238881,401.32517352355086,237.5595499439017,403.81792021067486,240.39296471570586,406.2895760757187,243.2441905009498,408.7406650490721,246.11256337766122,411.1716660887469,248.99743654371633,413.58306386541005,251.89814994445058,415.9753844224281,254.81402434501427,418.3492032665039,257.74435177030193,420.70515834542914,260.6882126926714,423.0441821445229,263.64405640851703,425.3680469050932,266.60909101806334,427.6801762752878,269.57951971310786,429.98537382766233,272.5505811241365,432.28975610160836,275.51715663495435,434.5999091404669,278.4780832410123,436.917298173923,281.43375552399016,439.24138521953046,284.38457467162107,441.57163122902534,287.330945200634,443.9074997195769,290.2732746388174,446.2484565954877,293.21197321576284,448.59396995838074,296.1474535616103,450.9435099070654,299.08012667367313,453.2965529852042
3,161.35616409436386,336.7350449243728,164.97222349586812,337.7650117248933,168.54955748322283,338.92153668269316,172.0566403679385,340.27538130970464,175.45956122141973,341.8726080709955,178.7322654098789,343.72195473974676,181.85926231117165,345.80839777484687,184.83542858771256,348.10509866823554,187.66494720361766,350.58045981880144,190.361031063044,353.20074267210043,192.94348089588283,355.9332700848785,195.43512366471222,358.7489721714722,197.8591748602477,361.62315296208607,200.2385706600985,364.534459905187,202.5961660400134,367.46347216698246,204.95368472962076,370.392546348606,207.3299308589359,373.3064344997932,209.73874064991378,376.1934426609151,212.18992193408178,379.0445458513098,214.6888852123705,381.8538543644208,217.23642868656646,384.6191872337934,219.8294416615167,387.341938033789,222.46375084205823,390.0247634124218,225.13539595544034,392.6704177574835,227.8411652981947,395.28116721970196,230.5787099997798,397.85858224351585,233.3461012549532,400.40392698902093,236.14160360579464,402.9183681733865,238.96358603505027,405.4030563831178,241.81051199860863,407.85912730509204,244.68092457403685,410.28771003675814,247.57341759117492,412.68995413072196,250.48663535739405,415.06702460571887,253.41924540526443,417.4201310770081,256.3695662992978,419.7509961516799,259.3345376020375,422.0632019802589,262.30905579244927,424.36311889396495,265.28590853973463,426.6600149790439,268.25685844636337,428.96453626755795,271.21320600768195,431.28774860151134,274.1469251787807,433.63945799514255,277.05280617631075,436.0254736594581,279.93082595138804,438.44502802884773,282.78299009498306,440.8950127355352,285.6114054246409,443.3723811109952,288.41826168378316,445.87415348640195,291.205819063999,448.39741494791974,293.9763969185079,450.939311507362,296.7323636102142,453.4970449435485,299.47611481011666,456.0678799447782
4,165.62647692166232,337.1291833232429,169.1838550717084,338.3446739855175,172.6421330821861,339.817796867526,175.96677115252413,341.57170935421743,179.1397114985027,343.5873876435901,182.1604840299734,345.8250650817332,185.04004532882877,348.2420818288664,187.79472701908568,350.8007341841508,190.44181130271244,353.4707015182947,192.9982867135184,356.2276535828288,195.48077219951693,359.0514840471813,197.90552844314823,361.9250867265101,200.28853734701212,364.833436001006,202.64570961865513,367.762784067983,204.99330367710374,370.69982102097936,207.34686295236438,373.6320761421097,209.71953016333782,376.5488815477695,212.12079388857862,379.44217877679404,214.5581689403862,382.30510840407726,217.03821420789458,385.1311400333093,219.56639672504284,387.91417883317763,222.14518676931453,390.6503847724082,224.77395949227972,393.3386097452868,227.4503405954701,395.97944526171636,230.17160667437815,398.5740103300221,232.9351306904611,401.1235238558687,235.7383795634001,403.6292983983472,238.57891930852395,406.0927246100798,241.45443314993898,408.5152393431752,244.36273003665912,410.8983020266127,247.30174518241077,413.24337938811215,250.2695158261026,415.5519619481958,253.26417368987896,417.825561930834,256.2838628533118,420.06581419637536,259.3255708353044,422.27608596088646,262.3839781102937,424.4632047380481,265.45128088978043,426.6378386860444,268.51879524987135,428.8121743749547,271.57758279183383,430.99876082456336,274.61813622536937,433.2106129765317,277.62841566243725,435.463446100921,280.5912335249761,437.7782829875164,283.50131480981406,440.1590953132437,286.36138199410016,442.5997798862968,289.174614729289,445.09431897276886,291.9445025184304,447.6369153101017,294.67478761397217,450.22200351344577,297.36941475084535,452.8442502419931,300.0324880234762,455.49854527415823,302.6681992279911,458.18002010505126
5,169.32957383722768,337.12302699892547,172.76793028041936,338.64108942023194,176.04048801703746,340.4893418129555,179.12179344973848,342.6419019053702,182.0151667530655,345.0417631390148,184.74441523236177,347.6272400010977,187.3397010570145,350.3474757821691,189.83205204156474,353.1625135492039,192.24962021902337,356.04212946661016,194.6141628564215,358.9654936579457,196.9416604012846,361.9184614819903,199.2457527452695,364.88974163864407,201.53972809743104,367.86884551263296,203.83692537522427,370.845463755676,206.15065824294365,373.809237360481,208.49365522908607,376.7499144279213,210.87661151204975,379.65828838165066,213.30649088536288,382.5275612355584,215.78726859588724,385.3529331034764,218.32207541189524,388.12992294294315,220.9142026660891,390.8534709647476,223.5672258285807,393.51771680084295,226.28497505191916,396.1158831324823,229.0685475011564,398.6433989684398,231.91413033729344,401.10091799580647,234.81226438420768,403.4962808427179,237.75018248748427,405.84272335660484,240.71373862194298,408.15673410843647,243.68963822265837,410.4548628494002,246.6682849374199,412.74943219445555,249.6466115166284,415.0444170463675,252.62592946734853,417.3381144463528,255.60956263662473,419.6261943503529,258.6010538489691,421.90398799324794,261.60405177350896,424.1665859548076,264.620438934819,426.41130214253576,267.64855542651435,428.6401753400364,270.68222996156464,430.8614818756897,273.7124300479186,433.08752218135857,276.72944292892123,435.33139011046654,279.7261604547436,437.6022848516696,282.7007863426378,439.90204115828817,285.6541327545346,442.2290648081752,288.58769556603437,444.5809827351023,291.503029764281,446.95546131984406,294.40174190370846,449.35020598552535,297.28548324797174,451.76295974226485,300.155943441481,454.1915009844317,303.01484468507124,456.63364064724726,305.8639346775182,459.08722081362987
6,171.08148711008832,337.73073467585965,174.42958859460572,339.4387300286815,177.6054626046698,341.4492048349414,180.60350317914276,343.71688295705314,183.43917743104578,346.18506416487077,186.13136734161847,348.80926570518375,188.6964853587823,351.5579641719922,191.14854101547516,354.4080812393884,193.4994666821829,357.3422452701296,195.76329060894963,360.3441912636086,197.95985476516896,363.39576744747484,200.1162978192283,366.47587476561097,202.2644743382687,369.56176385754384,204.43810020723149,372.62974582379707,206.66724451357052,375.6575689658584,208.97290825916187,378.6274856497542,211.3640601390142,381.52898593454137,213.8447694428812,384.3542759841636,216.41695998851716,387.09652182942625,219.07952584283743,389.75111639998505,221.82452632355523,392.3204193602204,224.63872001865982,394.81380818832184,227.50699676067282,397.2448461765313,230.4146007277643,399.6287531375262,233.34724682892178,401.98181565335966,236.29078438908863,404.3212530610771,239.23385457447827,406.6612782953967,242.17083256953543,409.008944681486,245.1036071716583,411.36186136815,248.03782776980796,413.71297366331453,250.98056784429548,416.05340822706626,253.938298653689,418.3748623436499,256.9145157969537,420.672564883358,259.908409046973,422.9471920244573,262.91609189186454,425.203560816188,265.93209480886685,427.4488011855112,268.9503951170897,429.69095363089747,271.96410760557876,431.9392654776687,274.9662796462924,434.20295662829164,277.9514048386974,436.48907476452547,280.91775793989177,438.7994997144411,283.8690713771743,441.1291137247864,286.8090397032022,443.4730306383616,289.7387107629336,445.82980639238264,292.65900873763553,448.1981872806205,295.5708724878276,450.5769309016217,298.4752537476877,452.9648053191217,301.37311540626496,455.3605881071083,304.26542986791594,457.76306529504933,307.15317231614955,460.1710364188051
7,174.62729903997302,338.989591351716,177.80525119425474,340.997088740735,180.81176550547977,343.25346914379134,183.6445592262577,345.72473546243396,186.3145397508277,348.37135511356126,188.83916040209687,351.1571989461452,191.23862641177516,354.0516966386568,193.53380619389964,357.0296780198082,195.74499168481145,360.0706223009126,197.88975696243853,363.1588177956171,199.98348836319195,366.2818682158356,202.04546712593717,369.42600443467205,204.10944739788766,372.5688210278042,206.2249701336029,375.67706648328675,208.44723263080311,378.7096651916718,210.81743381960504,381.6279253154276,213.3410067560614,384.41464360666487,215.99250964428566,387.0801433706598,218.7419051416056,389.6446952902764,221.5645929064829,392.1284624433878,224.43797771765085,394.5534841703723,227.34065988584229,396.9434095393483,230.25604630545632,399.3178353231007,233.1737350356646,401.6894333075555,236.08834260665995,404.0648158311908,238.99645910151165,406.44813937428955,241.89710958474257,408.84054430822266,244.79225395132337,411.2396110857831,247.68655846206207,413.63969134567003,250.58593701353107,416.0336367662621,253.49722806281414,418.41307348021996,256.42783891381487,420.76866105505377,259.38460918343316,423.0913148376425,262.3705306934754,425.3763670761691,265.3840531777454,427.62490380489214,268.4204581950227,429.8424550885425,271.47375822646626,432.0366977596463,274.5359714745451,434.21849285201915,277.5962838982555,436.4029505671457,280.6425118458244,438.6069892221561,283.66521837080785,440.84316549368845,286.6645185635228,443.11064744014857,289.6427575360767,445.40572622488526,292.60152934574876,447.7258509675908,295.5424669206433,450.0685437843855,298.46725808612655,452.431366811751,301.3776379980868,454.8119205091175,304.2753821518291,457.20784113078133,307.16229993450713,459.6167974906668,310.0402193820713,462.03649815921403
8,179.08879874956466,340.20509315464756,181.9423069692534,342.65124296209973,184.56254903189654,345.34638880197326,186.9766897153515,348.22810306385804,189.2202756029784,351.24485054155866,191.33114798905305,354.35612840243425,193.34725321950103,357.5297750183931,195.3069340811561,360.7386509374664,197.2512715105789,363.956869485742,199.2208158485687,367.159688884176,201.24880188671085,370.325770403664,203.35711446100936,373.4388841020471,205.55855216508826,376.48681153020397,207.8602869402501,379.4596913309396,210.26562226815918,382.3493684931523,212.77412600321566,385.1499542704313,215.38018021214936,387.86002570076573,218.07350318379508,390.48343574827743,220.84212739179137,393.027298710642,223.67465837500689,395.49984795126113,226.56079335550334,397.9096475782121,229.49098093242299,400.2657161174425,232.45622402095373,402.5775363630562,235.44828445426353,404.8545603119173,238.46040675349082,407.10499046768757,241.4876000741787,409.33511285777575,244.5259421689127,411.5500262206525,247.57189664562722,413.75446216444436,250.621945047296,415.95323184862184,253.67259435237426,418.1511679721231,256.7203853020036,420.3530648818302,259.76206450634675,422.56339491964354,262.7950564356028,424.78562869545596,265.8180800046526,427.021403459396,268.8311885881775,429.2705234647537,271.83550704912636,431.5313730304797,274.83271732505267,433.80163878463344,277.8246419469683,436.078866817139,280.8130849561914,438.36066251294756,283.79956023806136,440.6450332447693,286.7846239658755,442.93124813540726,289.7665706616421,445.22152640359656,292.74411487998617,447.5175253220532,295.71747720296736,449.8189374245034,298.6869547703587,452.1253599070275,301.6528467434033,454.4363914897335,304.6154541294657,456.7516323168954,307.57507961052187,459.0706838519065,310.53202737524316,461.39314876748307,313.4866014194602,463.7186327801958
9,181.10075232700507,341.7069278393834,183.83021704257092,344.29176300536204,186.3622743513557,347.070172468033,188.68060247619454,350.0293433673394,190.7968664668661,353.13651885456625,192.7512429332802,356.34833668741453,194.6035414685145,359.62031519435425,196.42050129870856,362.9121282847908,198.2703983100415,366.1854752504919,200.2091372504667,369.4068547486491,202.26844305259579,372.55245719463096,204.45172116892823,375.6133184499644,206.7496119729565,378.589142695162,209.1513470415338,381.4818384022456,211.64792591903284,384.2931133327439,214.2316033675171,387.0245785384798,216.8961883928289,389.6771923901611,219.63690142659294,392.25108289172033,222.45033443697346,394.7452807347412,225.33364641299764,397.1583670442197,228.2811444941555,399.49264757279906,231.28238166718754,401.757477952651,234.32288324114614,403.9693788780175,237.38575244815834,406.1502437981673,240.4528908196568,408.32510963482014,243.50889794911893,410.5155729117005,246.54475239068108,412.73387537155156,249.55985164000933,414.98031145858687,252.55820447026736,417.2490600268615,255.54542393016177,419.5324543639093,258.52754304048426,421.8225087934169,261.51066887249635,424.11125108484407,264.50080115393786,426.39082807617314,267.5038523852177,428.6533511998939,270.5255661653283,430.89087741875807,273.5703874641376,433.09684984118695,276.6378065770617,435.2712966887585,279.7210386729973,437.42328074807585,282.8082526121747,439.5695545688563,285.884876994151,441.7309631592806,288.9362558887985,443.92782664001913,291.9460169325827,446.1813011451854,294.90368732242223,448.50272052450504,297.8107276116735,450.88725510658446,300.6700248670504,453.3288504128928,303.4848002998313,455.8216562152183,306.25855101600604,458.36004433747837,308.99499791343027,460.9386144969816,311.6980403200221,463.55219030118815,314.37168446690316,466.19584045939473
10,183.935879640618,343.14616794958295,186.48609781452038,345.90791718981245,188.824809398881,348.85097408288743,190.94696248186506,351.9539056993245,192.86198311084928,355.1889979233996,194.60333531334282,358.52109208162926,196.2337824772899,361.90907774814286,197.8280817743732,365.3143064971556,199.46790722007606,368.6977304230273,201.22973579393485,372.01901670684146,203.1612931832518,375.24435923356356,205.2680988239446,378.35808562384784,207.53861138388044,381.3545745219598,209.96221495793858,384.2286605363879,212.53262026992178,386.9722408949299,215.2412967994198,389.57943078450336,218.07322679134472,392.0523068998895,221.00714399342792,394.40343696783225,224.01922045621004,396.6537157824702,227.08757798611953,398.82674272352,230.19136886845365,400.9489358581488,233.31052115341797,403.0485222033542,236.42782024402922,405.1508576659796,239.53433205116,407.269093560271,242.6272604404279,409.4071141104904,245.70660715347776,411.56465015282026,248.77214825640624,413.74175722455703,251.82383077633455,415.93824818607095,254.8619172657254,418.15350729190334,257.88675018661206,420.38682987763286,260.89852694477355,422.6377294331662,263.8985365150386,424.90429089901494,266.8892560851625,427.1830993167148,269.87301893407283,429.4710097781014,272.85013634904016,431.76756074565066,275.8200126859827,434.073467631998,278.78205998286614,436.38942242936383,281.7359602439788,438.7157593185001,284.6816977236729,441.05242413820594,287.6205035305332,443.39780212628057,290.5557688925096,445.7476109821632,293.4940051957979,448.0937011872863,296.44373987476996,450.42531243126,299.4064626915458,452.7403987265798,302.3811198540193,455.0401315056233,305.3666736524261,457.3257012909544,308.3621038864156,459.5983127113212,311.36640670892774,461.8591827479935,314.3785933533662,464.1095391193099,317.39769001120254,466.3506171179892
11,186.4449792844889,345.93857170754507,188.5648029614228,349.0434559404401,190.51899660248935,352.2552402711351,192.31942717664825,355.55578493373866,193.9955590872268,358.92134012674387,195.60279924908815,362.3204588859315,197.20242748494462,365.7231813448817,198.8486449464211,369.10354309958126,200.59010915718102,372.4356829845633,202.4752383636424,375.6884849360934,204.5386782135543,378.8309962106398,206.78814125647037,381.8431532410704,209.2117016982182,384.71714988253314,211.79313688290335,387.4502974148268,214.51571600388363,390.04296635154486,217.3582390827113,392.50370114864603,220.29598490657725,394.8501022154105,223.30452415000917,397.105153129279,226.36351573816683,399.29136870194765,229.45597097815275,401.43004476648355,232.5682245230766,403.5398334572704,235.69056031934448,405.6346823582627,238.81737193764408,407.7228471784514,241.94483323649152,409.8100391307322,245.06966267928078,411.9011682244082,248.18866923471728,414.0009702114887,251.2987164268966,416.1140159698558,254.39672383889092,418.2446702490122,257.4797042650365,420.3970058083165,260.5448064385052,422.57472078268256,263.5893877882036,424.7810293652386,266.61196710249374,427.0173843292925,269.6131847768236,429.28233164614846,272.59627360105793,431.57111068925667,275.5660752581747,433.87711115125455,278.52810709308955,436.193087570465,281.48763754218487,438.51226073924835,284.4482974863053,440.82999172465605,287.40974758333726,443.14671311099113,290.36841891149703,445.46698083104303,293.3172991745076,447.7996709457071,296.24809141182834,450.15503972003216,299.1600273297892,452.53368338251505,302.05438157484946,454.9336917940074,304.9324698373494,457.35318438052855,307.79564421740105,459.7903092400429,310.64528873061414,462.24324199114506,313.48281513466065,464.7101841863125,316.309659060889,467.18936134712106,319.12727479274366,469.6790225223691
12,188.8087689897963,348.6200760570582,190.50204386671712,351.9759915149609,191.9637294030363,355.43978584175255,193.31297155008735,358.9492933941545,194.6622981531084,362.45877231051963,196.10171005323213,365.9320864413404,197.6939402792189,369.3378393710688,199.4725452177557,372.6499426691459,201.43980886246297,375.8535995845742,203.58187737761727,378.9431947711937,205.88165653749803,381.9173165601909,208.32701495397023,384.77297299350244,210.90985452637295,387.50491430614676,213.62624876768325,390.10405951415447,216.4721819210128,392.5606851177116,219.43740053014207,394.87200375545655,222.50215831031443,397.04978736502403,225.64157253015674,399.11870909372766,228.82913850689556,401.11281286196726,232.03954544394733,403.07001166821834,235.25275480205383,405.02261527729485,238.45629639660015,406.9910284352546,241.6436176593194,408.9855882224328,244.81060378953768,411.01227115023306,247.95359387018695,413.0759617553234,251.07013242947102,415.1793821717924,254.1596618490556,417.32228097703046,257.22368538296337,419.5015008435851,260.264786711609,421.7126039895968,263.2856299770477,423.9513104873336,266.2883522840274,426.21426760910776,269.274316823172,428.4992931447235,272.2444539914586,430.80485554855136,275.19964677410275,433.1295437446222,278.1409032202099,435.4718411949967,281.06944004992766,437.83002409859336,283.9867876573236,440.20203708620323,286.89485399144826,442.5854214681809,289.79607449864835,444.97713599446695,292.69347212426175,447.3734812787564,295.5905068169328,449.77026536488904,298.492611842099,452.16090484270075,301.4037921441661,454.5404839907388,304.3237379839878,456.9092993763948,307.2517601343091,459.2681250410185,310.18717742853795,461.61774193558267,313.12931625200997,463.9589371907442,316.07750999355613,466.29250343187147,319.0310984637673,468.6192381333933,321.98942844029995,470.9399415389253
13,189.77550217703168,352.01294420815447,191.17223790911353,355.50368001958657,192.5001684474031,359.02133894466533,193.8492770113044,362.5308813960745,195.29136398479417,366.0031246972845,196.86414151159596,369.4180605295824,198.58072118580705,372.7629799067513,200.44807232847495,376.0260736463194,202.47403619394873,379.19305428567645,204.66759723324256,382.24624531123254,207.03716339714438,385.1648346123582,209.58549527805616,387.92862955038,212.30639915437874,390.5227235602058,215.1838610769572,392.94209787766687,218.19484681018832,395.1933186421529,221.31244590151542,397.2946750439039,224.50948020907055,399.2733214869406,227.76071205880666,401.16178760456455,231.04180328001968,402.9980079852645,234.33152884460176,404.81874641166087,237.6140832932485,406.65236790108355,240.88033558107506,408.5148537713679,244.12486518859612,410.41491406231603,247.34400607646432,412.35766812157095,250.53471385159278,414.346764556162,253.69389377907734,416.38555341467264,256.8183516944845,418.47715487295204,259.90499303685436,420.62416192066723,262.95054366943333,422.8290576244784,265.95173887774024,425.0939519838746,268.9075059509805,427.4178260184472,271.82104237933066,429.79445638628846,274.69964713851954,432.2133069817721,277.55336408409244,434.66149210160717,280.39332279373946,437.12563631655985,283.23142178110703,439.5919240449682,286.0784173786637,442.0479303059389,288.94158217997,444.4850615936961,291.8233596539093,446.90015361748385,294.7248688622028,449.29150182270337,297.64628742621164,451.65848717550875,300.5850618991395,454.00389729838616,303.5333387788943,456.3373582525673,306.4873420912427,458.66356608466504,309.4464824658544,460.9832358598941,312.4102171835368,463.2970329987946,315.37800751105715,465.605626116109,318.3493182785881,467.909686606514,321.3236174435247,470.2098882472419,324.3003785328106,472.50690306743337
14,190.9742928650843,355.28962599493593,192.15358676007378,358.8598592419915,193.34816203274607,362.42497547723474,194.6365999162572,365.9570833430248,196.07620052496628,369.4301538416809,197.6925173261648,372.82449390271626,199.4894919615417,376.1267440514206,201.46453979489894,379.32564806944976,203.61734219254558,382.4076806140826,205.9496466471134,385.35613281497956,208.46412387838117,388.15072872208486,211.16468731895017,390.7657417066574,214.051809011616,393.1730779345742,217.11179845015585,395.3565664082985,220.31126816033753,397.3305257243399,223.6088996320579,399.1363185617001,226.9652057463159,400.83098790364727,230.34670338504947,402.4750113455097,233.72241626326132,404.1308386937369,237.06774494999436,405.8470978543595,240.36888419515122,407.6468486865374,243.6244686297468,409.5277767438439,246.83606164489956,411.4828962561708,250.00576240030742,413.5052486515776,253.13598134874613,415.58820890975886,256.2294682169652,417.7253580328921,259.2891632316586,419.91062633616843,262.3182766199789,422.13810501705603,265.3202308644885,424.4020635117946,268.2982103425321,426.69747377513437,271.2539678450439,429.02143178188317,274.18819048438866,431.37252209717894,277.1010617127598,433.750015008608,279.9927045327583,436.1532829473689,282.86350066112266,438.58141631242756,285.71504580232295,441.0321331384728,288.55054398815474,443.50140379764616,291.3744801202176,445.98389326791954,294.1922236894608,448.47341205739536,297.0103003101291,450.96255361847886,299.8362950897879,453.44269698621133,302.67797236282,455.90484759288427,305.54105024490053,458.3420719693727,308.4269581037639,460.7522222014106,311.33379926174604,463.1370865431595,314.2595925670077,465.4986645830308,317.20240691862006,467.83900078921954,320.16035862245025,470.1601778276217,323.131608085146,472.4643105736714,326.11435730385125,474.75353904183777
15,191.35915447492263,358.9125687590183,192.4134076669243,362.5216938948127,193.53885016569112,366.1091467345571,194.79721871698476,369.65194278505754,196.25103798446995,373.1187506549271,197.95989300180497,376.46678593621647,199.9509229279065,379.6548631583398,202.21320503984413,382.656713974501,204.71141456040596,385.46552464204746,207.40739292787535,388.0853861359167,210.26364307339395,390.52982155250254,213.24699810298057,392.81765401293075,216.32986886679876,394.96971549402355,219.48984983815666,397.0070254285755,222.70899544827589,398.94961991615236,225.97326202352372,400.8154803723251,229.2712303159156,402.6211666305739,232.59235433481913,404.3839485151461,235.92593562468812,406.12308641622866,239.26100946177965,407.85936403819863,242.5861795242686,409.6145089148276,245.88952713777223,411.4103380226867,249.15939557237783,413.26636203313194,252.38478076572068,415.19858962057737,255.55472129133935,417.2204186871594,258.65754894530744,419.34373989473335,261.6838650670331,421.5747305588043,264.63448664681164,423.9049960960237,267.52242515322814,426.31261546191325,270.368060348363,428.7701642925081,273.19144326997883,431.2532798083011,276.01103005101675,433.74071017586857,278.84205632268163,436.21510283174746,281.69398983024877,438.6653593778409,284.5687102766668,441.0888423660879,287.4632381449917,443.4886408276611,290.3723828431479,445.87070564841576,293.2905783633506,448.2416784101197,296.21179137539116,450.6089340311315,299.1302653857832,452.97956428461856,302.0389210645353,455.36222286396765,304.92905364260236,457.76730808119817,307.7993716198405,460.19600864286696,310.6510340303992,462.6465887844621,313.4852395329392,465.1173396472299,316.3032215354629,467.6065797925478,319.10624425156016,470.1126544953714,321.8955990361099,472.633934651817,324.67260099221596,475.1688153470184,327.43857551214137,477.71572530248636
16,191.42588232887854,364.24873950126556,192.60876594256763,367.81720709099045,194.01549348488768,371.3033774567192,195.65772742323318,374.6849021380317,197.53476580880135,377.9419278715943,199.6398435477861,381.0564116761409,201.9653357475761,384.00991596109355,204.503188146399,386.78305469075576,207.2355255440668,389.36488894742126,210.13605775295855,391.75644407683194,213.1749142869272,393.9698354796043,216.32409931018682,396.0234652723133,219.55942412820528,397.93873544938697,222.86090346356275,399.73774395731294,226.21246294449023,401.44176406671323,229.601326458542,403.07042781303926,233.01717335757598,404.64177897884827,236.44851785830713,406.1790561178332,239.88025466353798,407.7154562654994,243.2928947535269,409.2937028532685,246.6647614918844,410.9570593334555,249.97402096561487,412.74150089411046,253.20409897824612,414.66552321668917,256.3528571530035,416.72003120734973,259.43004439101935,418.88041708620653,262.4492942862772,421.1211534368734,265.42331551629553,423.42164118366424,268.3637878566525,425.7648941753642,271.2795990559449,428.1387808235482,274.175889019717,430.53645088997933,277.0545342853789,432.9552783422742,279.9158523673081,435.39457834700613,282.75961941191997,437.8543168341856,285.5856691278778,440.33439111430846,288.3944745589205,442.8339802301015,291.1877579034097,445.35090605269886,293.9685394074926,447.88164076635474,296.740947322621,450.4215487446665,299.51040003320816,452.9646799343529,302.2839499420388,455.50333981231535,305.06981587624136,458.0284697943621,307.8805910750739,460.5258134066979,310.726822431016,462.9826630476098,313.60679093592194,465.3998848046908,316.5172434383422,467.78032162992383,319.45504207741067,470.1269326002589,322.41716202097416,472.44277303500417,325.40068654641993,474.7309770036096,328.4027999124339,476.99474218252254,331.4207980664473,479.2372903801233
17,192.57429973077177,367.1799372842298,193.7796243008308,370.7410043671532,195.20488088108578,374.2195251258402,196.9037843987109,377.5724435348252,198.90204572858477,380.7558332714994,201.18590435325476,383.74118170669175,203.7088455707309,386.5277961579568,206.42492983708158,389.126864536604,209.29662697452744,391.55315427528,212.2947822599212,393.8215248435855,215.39652312659658,395.9462164691803,218.58419736722374,397.9397863284305,221.84403980978996,399.8131138141036,225.16498275206038,401.5759356543475,228.53776980788788,403.23747982757243,231.95477874809444,404.8061283004912,235.40779599283314,406.29392407962746,238.88540117887362,407.72342961310636,242.37074845706528,409.13400808618906,245.8424101559943,410.57781709873956,249.2756911221231,412.1103421549508,252.64430235573093,413.77988211915755,255.92422482713633,415.6173156935352,259.0995037462107,417.63015870918235,262.16797170330284,419.8025488072589,265.14049126152213,422.1046800978143,268.0339051447428,424.5056244834577,270.8650622296257,426.9797668113552,273.65022499478243,429.50563068226484,276.4046365822654,432.06502525286953,279.14162072556974,434.6430628972242,281.8716325914802,437.2284871962707,284.60325085042314,439.8122133928008,287.3434911165091,442.3867899974932,290.09753615038005,444.9465902670583,292.8683435373966,447.48823416462477,295.6578445721469,450.00934486512995,298.4671305722602,452.50838930154487,301.2958000927584,454.98547434072856,304.14039539621234,457.44426090207946,306.9901824877068,459.89703416684915,309.83502958441244,462.35553437143056,312.6741636686434,464.82062997543846,315.5077641628703,467.29208447338556,318.3360120493271,469.7696626024914,321.1590898006211,472.25313031630503,323.9771813095971,474.7422547588194,326.79047182106405,477.23680423613564,329.59914786533534,479.73654818581264,332.40339242319743,482.24126248059537
18,192.92003939939045,370.37142763548184,194.50379560812263,373.7806698674782,196.33195945923663,377.0653308157721,198.3937213298253,380.20864877265717,200.67447761944752,383.1969198496287,203.1594090861501,386.01767746023523,205.83991781276262,388.65324139030145,208.7021388132159,391.0902966589851,211.72234111996218,393.32883523548713,214.87032326181324,395.3840824807984,218.11930043089473,397.27589271008867,221.44760133281935,399.02459033013673,224.8368101064599,400.65230328401304,228.2695696045422,402.1862390781979,231.72765500251407,403.66234572954926,235.19163921790863,405.124599130274,238.64070668950717,406.6215845718558,242.05450411539647,408.1971817065164,245.4194910581371,409.8744067398834,248.73134260421438,411.6542914241019,251.99032580434616,413.5292570970294,255.19690132509032,415.492528162717,258.3513143997852,417.5385750367281,261.45352488599707,419.66295028602826,264.5033965769845,421.861815144618,267.50058144657186,424.13197579022653,270.44406503418776,426.47134888675964,273.3334119269792,428.8772739320027,276.17143131733167,431.34356350050604,278.9652039938697,433.8598959310238,281.7244115289469,436.4141092223066,284.460089682483,438.9935266038514,287.18357263058124,441.58582624845735,289.9062191766306,444.179004934772,292.6396259785103,446.7608312050098,295.39331091863096,449.3210071305622,298.1718619757657,451.85417200459244,300.9748292902552,454.360296273686,303.79948729830824,456.841952193807,306.6421586028933,459.30295954422274,309.49578352924664,461.75126560647993,312.3462047137875,464.20329359384664,315.1717832207243,466.68387932854307,317.9668600224147,469.1987886903962,320.7332855361578,471.7451855693099,323.47302981599,474.3202720468643,326.18814451235295,476.9213182332725,328.8807512782299,479.5456611891042,331.5530312921869,482.19070236276264,334.20720276763865,484.85391675907186
19,193.8216413465933,374.8442025286673,195.64141141007417,378.13337306744825,197.72128047058223,381.26443306677817,200.05662063264023,384.2098010735668,202.63102152359744,386.9487444058081,205.4200603155497,389.4689130051541,208.39552612175834,391.76621409092814,211.52445134281942,393.8500132516794,214.77231508128494,395.7435278389644,218.1075144830891,397.47896461884426,221.5045112299186,399.09037354416864,224.9430433246266,400.6113415409843,228.4066646401148,402.07439980152185,231.8813502501811,403.5110387892124,235.3542828502965,404.9519020353852,238.81297500915437,406.42655718406155,242.24501750040483,407.9621139661544,245.63874543309606,409.5804954852603,248.98460418589775,411.29559430176107,252.27624786697,413.11255148077475,255.50956513614088,415.0313823582573,258.6816267124586,417.0498697232499,261.78991527686753,419.16525043362145,264.8326444033358,421.37390131469385,267.8089621766296,423.67127869209094,270.72030179444306,426.0504955749568,273.5719888190565,428.5009377260972,276.3732349873907,431.0089300861089,279.13453392552026,433.56087024117994,281.86634115614186,436.1443774419794,284.5786572558062,438.7483530861816,287.2811319060113,441.3625472087261,289.9832842632967,443.9770746904719,292.69328372604366,446.58346432313516,295.4162724225926,449.1762780549248,298.1533504338436,451.7542142389808,300.90334250678757,454.3183716564438,303.6641405221943,456.87089242857047,306.433535911045,459.4140840619487,309.20950881420015,461.95009534937884,311.99071587217486,464.4803656711015,314.7764455143961,467.00565608693034,317.5663398109836,469.5263448076037,320.3600708673722,472.04278059029195,323.1573123940566,474.5553136783688,325.9577395860079,477.0642956622876,328.7610289985198,479.5700793442522,331.5668584197555,482.07301860647334,334.37490674036036,484.57346828267583,337.18485454377264,487.07178321854207
20,195.04059761431304,378.17460692898385,197.1294581473972,381.3001006252232,199.42632997388233,384.276048499187,201.92680357889466,387.08299459037255,204.6299481419805,389.69515212318834,207.533933935333,392.0818763016705,210.62219496219925,394.22490004926243,213.8622987529916,396.13109815009517,217.21470872866058,397.83263114849643,220.64453673938834,399.3726840963019,224.1238704909184,400.7977510927216,227.63048775303642,402.1545203730117,231.14586468329662,403.48850196549535,234.6533180312236,404.84312158033725,238.13717781275255,406.25717151713974,241.5835818326519,407.7600707418425,244.98131513245775,409.3698934494536,248.32234532703288,411.09428120654644,251.60236497019002,412.93208502575465,254.82034099632455,414.8765249516325,257.9775344551059,416.91821931407145,261.076208024324,419.0477192861253,264.11949627101427,421.25568126382313,267.11122810264123,423.5330430284149,270.05576751979766,425.8711284985145,272.9578824807942,428.2616909033449,275.8226263424524,430.6969300989563,278.6551476081622,433.16958871705026,281.46043723753405,435.6731101754608,284.243059280245,438.20180993916057,287.0071092008973,440.7508025481684,289.75640977743313,443.31570052962496,292.4946502884494,445.8924055269784,295.2254654683498,448.4769804784414,297.9524934318622,451.06555200146397,300.6794716231044,453.6541759720597,303.4094932559649,456.23958965946883,306.143577560741,458.8207067895928,308.8794256689455,461.3999547064143,311.61273721810625,463.9818896594171,314.33757529427555,466.57276138109773,317.04741254786273,469.17931485284686,319.74152772692776,471.80211672846946,322.42121276225936,474.43966125288034,325.087785128318,477.09046318956064,327.7425835260267,479.7530577877694,330.38696501201593,482.4259992144517,333.0223023271409,485.10785877227585,335.6499814061607,487.7972229352401,338.2713948584034,490.49269529916546
21,196.07955612244993,380.9256138906577,198.53085013307498,383.7752707579546,201.1945097627913,386.42788172443926,204.032323272395,388.8935112101941,207.018008160596,391.177996856795,210.13135138298884,393.28532548671006,213.35314652956708,395.22294974335495,216.6637635172146,397.0047812259303,220.04380621737116,398.6513368180493,223.47546799473056,400.18761752235423,226.94268273181507,401.6420496142682,230.43089186652696,403.0454965538437,233.92652908441693,404.4303803487539,237.41630596331947,405.8299322704534,240.88624939275843,407.2778502849088,244.3212452934353,408.8066632410307,247.70633152344234,410.4428803188203,251.02980154707413,412.2008012801201,254.2842558656436,414.08341248673355,257.4656795955341,416.0869930893561,260.5733448622554,418.20322301114976,263.6103246172601,420.4197592418772,266.58205636496194,422.72309370777,269.49493199083923,425.10046720570375,272.355602793276,427.5404427313684,275.170832785519,430.0327375484711,277.9474065379909,432.5680477963667,280.69214247461275,435.1378078990168,283.4119348420181,437.73396555776253,286.1138118133055,440.3487715541182,288.80496053498206,442.9746227843232,291.49274879761873,445.6039152405638,294.18477679944505,448.2288644951809,296.8889390625462,450.8413051841992,299.61321865802313,453.43275044720355,302.3627639960519,455.99736731231474,305.1378804737564,458.53429715917343,307.9334767488847,461.0486507891035,310.7413600962648,463.54928357648345,313.5524070307836,466.04636169321395,316.35462626848846,468.5533313268918,319.13332621876236,471.08632989022414,321.8860287267266,473.64756018397696,324.61426155947856,476.23484309426954,327.319613905849,478.846044030439,330.00372793180685,481.4790739941302,332.66829198987045,484.1318886048135,335.3150344167458,486.8024863697389,337.9457179042267,489.48890629951836,340.5621169318551,492.1892418568516
22,197.7705763994899,385.9195987531583,200.56461101970407,388.4335688324403,203.57035077782228,390.6908240740647,206.73747313940035,392.71595578276066,210.02700909571223,394.53595820513755,213.40814718123278,396.1799379247439,216.85566353526494,397.68008154698475,220.3493831154869,399.06949181651873,223.8732057356056,400.380863878265,227.41383053455897,401.64627957742306,230.95926360678402,402.89819284984395,234.49796724497327,404.16895899428755,238.01796966722594,405.490529820101,241.50636134061526,406.8932610769978,244.95034190712718,408.4015949927867,248.3385178490152,410.03132537978576,251.6608965501152,411.7912456571433,254.90866172708937,413.68529804431057,258.0762534578407,415.7106017625142,261.1633821430234,417.856632699442,264.1740333024798,420.10876845544897,267.1139923872928,422.45249589803586,269.9897223009665,424.874649420754,272.80797767314374,427.3634790738777,275.5757301680089,429.90838275676236,278.30025102674,432.4995410105147,280.9892789884988,435.1275338161515,283.6509715739332,437.7832237008693,286.2937919080734,440.45770508796124,288.92637487559244,443.14226945579725,291.55739567652756,445.82836566509053,294.1955381449994,448.50746396448426,296.84904580557435,451.1713373410514,299.52461552830545,453.8130440691842,302.22530312758033,456.42906385911914,304.9506529860478,459.0193836042243,307.69813403026956,461.58622173227445,310.4644930814727,464.13270750923414,313.2461365990501,466.6624922957376,316.0394603539585,469.1793771317972,318.8401937313557,471.68801679198714,321.6439927810212,474.1932303064294,324.4498565585537,476.69613112298305,327.25755935943346,479.19696881673843,330.0668760424782,481.69599344593223,332.87758195227315,484.1934555031701,335.68945285334354,486.6896058535161,338.5022648636234,489.18469567336956,341.3157943873384,491.67897639000097,344.1298184719046,494.17269914256747
23,200.3442723942344,387.4796856300613,203.29059784957522,389.81464796503565,206.38690009084658,391.9463599772751,209.64030651762434,393.82901955616006,213.04000290581305,395.43297102236437,216.53382033548243,396.82146195433154,220.07045199348465,398.09790455262913,223.61727433959692,399.34587469294144,227.16157313461906,400.6009845635789,230.69657429592846,401.88201515917467,234.2148799932123,403.20814415028207,237.70750144650611,404.6004154750981,241.1637668391099,406.08049815096393,244.57005207388121,407.67207114489116,247.91227589565383,409.3939757683788,251.18070838159846,411.2521476668957,254.37297154895032,413.23838536037204,257.4905159613091,415.34002361159554,260.5365146407518,417.54413726922695,263.5156064610558,419.83793089776736,266.43372626508864,422.20885192244134,269.29707536922115,424.64567253720645,272.1120389705838,427.13825813498886,274.885103286235,429.67739758543775,277.6227905384105,432.25465822363276,280.33165459650814,434.86221042494685,283.01824126166923,437.49271913266665,285.6892294874033,440.13907168907195,288.35112224306243,442.7945763744718,291.00918975694555,445.4539111310014,293.6670394809648,448.11346359735256,296.3275090433531,450.7703948681146,298.9934055623597,453.4218798625634,301.66764073215364,456.0649528386147,304.35337378935947,458.69633911215107,307.0537934365913,461.3126482724482,309.772355118497,463.9100962513909,312.51338639732245,466.48381488219957,315.2801005768307,469.0299003166316,318.0706819874275,471.54981346533486,320.87883949305905,474.05013243034614,323.69990480015656,476.5358816865173,326.5330794854543,479.0078194934976,329.3783230658305,481.4658568881915,332.23463557806247,483.9110239408982,335.1009820368432,486.3444217516013,337.9763413503883,488.76716383720395,340.8597052615105,491.18037457063883,343.75007719262953,493.5851877243724,346.6464713522367,495.98274469216227
24,203.16857586263617,390.44578109596256,206.36734985524438,392.4208522509514,209.6783245681909,394.2015413975636,213.0858407482551,395.78979874767026,216.57461217320918,397.19077100559167,220.12723073990105,398.42122969717144,223.72234589978603,399.5219534450073,227.33774127795388,400.55452215659886,230.9523070863236,401.58997654858064,234.54592930390925,402.6955812413849,238.10010633582397,403.92171524756355,241.59908764322245,405.2972882891953,245.03076000256044,406.8329891956652,248.3835970873833,408.5338692027415,251.64633092581573,410.4017326323132,254.8117608931172,412.4302115040579,257.88087987265726,414.6017872683784,260.8613938904742,416.8935920800684,263.7634622637749,419.28405160187316,266.5977088256493,421.75461494416766,269.374396097292,424.2897456851626,272.10288781504414,426.8767102962281,274.79197416468344,429.5046356020524,277.45014515498866,432.1638448782198,280.0857640551897,434.84541955715696,282.7071118588452,437.5409536047703,285.32241983713743,440.2423510496347,287.9399597918559,442.9415847559584,290.5679647327678,445.6306256870177,293.21396818692426,448.3019508689644,295.88260237588185,450.9506638708466,298.57507089788515,453.57514602872135,301.28980419716885,456.1765940341881,304.0241609949919,458.7574117531899,306.7750585998411,461.3205948600133,309.5392037722568,463.8694891840564,312.3132100417445,466.4076503090674,315.0937050936255,468.9387029980407,317.8774999197584,471.4661266881631,320.6618145069511,473.99297787530986,323.444687328583,476.52141671339695,326.2255398829538,479.0520773028638,329.0043948573952,481.584931250534,331.78145164771263,484.1197566497468,334.55691159221675,486.6563304087133,337.33097644872055,489.1944298181839,340.1038483399303,491.73383250439673,342.8757296993975,494.27431638140644,345.6468232179485,496.8156596028927,348.4173314229645,499.3576409141057
25,204.77495281678625,392.0316416350608,208.0734725405156,393.8353886195774,211.466589961626,395.45424285283775,214.94021849143195,396.8924128831503,218.4784019107238,398.1637762901479,222.06480533245536,399.29232980710253,225.68221702247592,400.31759285536646,229.3126032464784,401.29619389914876,232.93656065881896,402.29819061619366,236.53304374334905,403.39421418728097,240.08124588622394,404.63722497094284,243.5641088812546,406.0529002786391,246.97209146952085,407.6404244387119,250.300332027567,409.3890460242752,253.5456974473261,411.2871235529076,256.7061993262058,413.3234367776228,259.7816575581401,415.48611307203123,262.7739877315675,417.76247963200046,265.6862488298517,420.1404744170795,268.5225523412396,422.60861870388413,271.2885310998026,425.1553707658095,273.9919297436764,427.76849970622135,276.6420065725005,430.4357258112425,279.24891396954683,433.1451888640956,281.8232421945698,435.8856457935621,284.3758950095739,438.64631750263834,286.9180287966163,441.41668510038244,289.46097951368387,444.1863023330953,292.0162412374692,446.94455747931187,294.5955189522521,449.6803521852394,297.21019478201424,452.3823125137364,299.86898181260784,455.04085992510744,302.57536541342273,457.65093640648485,305.32608976102154,460.2142536067693,308.11435969632055,462.7366987813807,310.93193226568815,465.2263879077752,313.7701903980496,467.69248289493083,316.62033681698114,470.1448366833664,319.47347648274365,472.59370950502165,322.32037807416856,475.0498268187559,325.1517119047679,477.5238637523219,327.95981526489874,480.02422751614154,330.74309482309997,482.55219799859185,333.50325381027807,485.10539577712643,336.24209356136157,487.6814525681501,338.96147149736555,490.27804826397005,341.6632932867716,492.8929090483434,344.3495057036323,495.52380464380076,347.02209014780055,498.16854481960286,349.6830514768842,500.8249805933907
26,208.82919125031353,394.11203241685007,212.35390185274412,395.4197700238579,215.93905636493815,396.5520033373275,219.5621139239193,397.55694594680494,223.20572985348093,398.484958154121,226.85657404555934,399.38424449624296,230.5031622223233,400.30056425486754,234.1337594324002,401.27808046178956,237.7344587647086,402.36017042007904,241.28730901102946,403.5898150608229,244.77099847011942,405.00316140147936,248.16439406453628,406.6211657186429,251.45309398844805,408.4425974074239,254.6303952802495,410.4521977896366,257.6959904274667,412.62855345245134,260.6544623950729,414.9485817969094,263.51542358399206,417.38797682192074,266.2920472256831,419.9230651317428,268.9988237867337,422.5326766637642,271.64988971703804,425.19891794033583,274.2588083839022,427.90644962847887,276.8386575674128,430.6417161509021,279.4022837134076,433.39220528402507,281.96203266702076,436.1463057377806,284.52841142473375,438.8942261571502,287.1081425949575,441.6296116114166,289.7045358240393,444.3491850159524,292.318745282091,447.05163596357346,294.95137082900436,449.736149210237,297.6028180043181,452.40207374242544,300.2733828780688,455.0488466032164,302.9632560681431,457.6759940809758,305.67249069243235,460.2831704120608,308.4010200395211,462.8701470700999,311.1484384104303,465.43705503078905,313.9135837190816,467.9848592814654,316.6939935771002,470.51599966385146,319.4861814174452,473.0341446205331,322.28614849256473,475.5436392034443,325.08981258232467,478.0490038104989,327.8931146697777,480.5547732888176,330.69088861021686,483.06671152540866,333.48032513454626,485.5879049435053,336.2618199287121,488.11785766835396,339.03593739417164,490.6558978466845,341.8032477082084,493.2013586571091,344.56432627044956,495.753578007143,347.31975317167297,498.31189820385345,350.07011268339807,500.8756656008383,352.8159883327646,503.44423495801203
27,211.5593136591532,395.6829470650249,215.17343516524534,396.7193101348011,218.81700116825832,397.64727315790753,222.47786139660963,398.5047411922323,226.14613646909655,399.33004586284903,229.8125783367402,400.16342303599316,233.46763591324626,401.0451976282483,237.09995208303422,402.0160747057006,240.6943673254511,403.11853987508505,244.23025230321937,404.3957929639229,247.68244127509445,405.88404928208996,251.02872242897706,407.59709584976184,254.2549985330975,409.52680425834836,257.3573101962082,411.65027661702726,260.3397190638979,413.93930121654137,263.21192034446926,416.36534794532804,265.985977981505,418.9031525589278,268.6737926831637,421.5322105759438,271.2868686270088,424.23562678633476,273.83626848601216,426.9992164584284,276.3323468817486,429.81108974603745,278.78514556300746,432.66081924864557,281.2065817725477,435.53726699940285,283.6152488029168,438.42442931983805,286.03573391022144,441.30167498792946,288.49283812864655,444.1476770280208,291.0009741578582,446.9487829920687,293.5627878371637,449.70088636723494,296.1751900749601,452.4050245881226,298.8345720212522,455.0629805078897,301.53856302374334,457.67554463942906,304.28578176544704,460.2426154792808,307.07458066919,462.76445747258185,309.9021289514745,465.2427833341456,312.764083410159,467.68130867931166,315.6539299239043,470.08673082545874,318.5624597121903,472.46954507612304,321.47785762343483,474.84395850383095,324.38657294536677,477.2265453986802,327.27398588352395,479.63487720666967,330.1236157583395,482.08774680528114,332.91922242114845,484.6019686984815,335.6514090678193,487.1849507362374,338.3201435575405,489.8334627127597,340.9297239651286,492.5402988521988,343.48492231291544,495.2985473372509,345.99086948758145,498.1016335156688,348.4529733858532,500.94332072006364,350.87685025543095,503.8176953538756,353.2682453024422,506.71915928751235
28,215.67346823877466,396.53152182265035,219.33496413044043,397.3863262470341,223.0034419712637,398.2107142384099,226.674346582684,399.0242516145458,230.34197728376566,399.8523787134201,233.99874216063816,400.7270765077196,237.63462809958494,401.68457623153313,241.23628766084556,402.76329932260364,244.7853986138042,404.00351297139,248.25646036614685,405.44721142815814,251.61764294208888,407.13042726235,254.83849600462952,409.0686332294272,257.9087460194376,411.2378284126857,260.83855098176355,413.59368723920187,263.64900599060184,416.09099369055946,266.3625899662847,418.69341106144014,269.00114357685624,421.37198315429,271.585620412674,424.1028369737166,274.1349416539097,426.86657297192016,276.6641918873573,429.64870255423426,279.182631378771,432.44062647984214,281.69608336573816,435.23704253122526,284.2091279032795,438.0338248486191,286.7263106720711,440.8268822138937,289.25227042855585,443.6120021498338,291.79215408403394,446.38442599717,294.3512235068139,449.1391448439466,296.9341005240714,451.8715484357066,299.5438757049256,454.5782684833506,302.1823766767102,457.2569916435906,304.8504610432786,459.9062488977895,307.5481435548285,462.5253610709341,310.2746417329008,465.1144637960347,313.029027475152,467.6738799409015,315.80982215043065,470.20458118644694,318.61420466770795,472.7091248753553,321.4371833713731,475.19269686054446,324.27234732730676,477.6623558300117,327.1126249336648,480.1261348950176,329.9508826961354,482.59223948315656,332.7802454446971,485.06853940096977,335.5932948948173,487.5633470113748,338.38656246980855,490.08028412642625,341.1611991750068,492.6177469975932,343.91861805805695,495.1739115836964,346.6602678654506,497.7469839437918,349.3876285274719,500.33519891364654,352.1022069837881,502.9368183542827,354.8055333323537,505.5501290296791,357.49914733765996,508.17345035861814
29,219.43124145735183,397.8251319582679,223.15732602669058,398.32836064128185,226.8878877595269,398.7977051855373,230.6127402745614,399.3098604735922,234.31945314300663,399.93893271957546,237.99058297716581,400.7491246821737,241.60347873779904,401.7878496992265,245.13278093566606,403.0820873619138,248.55471856711156,404.6380644676309,251.8505303762828,406.44600896657823,255.00957701938566,408.48375048828143,258.03229621255025,410.7190406385023,260.93073714547546,413.11354773557866,263.7213110997267,415.6331273619701,266.4208480271019,418.25013291164856,269.04527765735173,420.94253358902563,271.6095354989483,423.69235733988063,274.12715808199147,426.4849761909682,276.6104154881536,429.30821866779803,279.0707274029595,432.1514925182099,281.5192564169838,435.0049263829395,283.9674035121229,437.8586882089533,286.42543945767875,440.70393224313653,288.9009099275263,443.534015941794,291.3978128953579,446.3452052094619,293.91799889257453,449.1355388376913,296.4626759515091,451.90355405784385,299.0328843357574,454.64787714449733,301.62955931706915,457.3671692831775,304.2536306365123,460.0600320650671,306.90604942874796,462.7249754408767,309.58786091118674,465.3603352823849,312.30015852909503,467.9643057851867,315.0436266084488,470.5354138330323,317.81754624145515,473.07364078054377,320.61962589965015,475.5807515703511,323.4463607542497,478.06003716106636,326.2937947448867,480.5155285074546,329.15744890562746,482.95208997301376,332.03319877149477,485.37436694964333,334.9162801093849,487.787917197608,337.7967994290153,490.2045232074804,340.67069066778856,492.6290077917941,343.53824585098914,495.0609832351978,346.39982100715474,497.499992417381,349.2557754822644,499.9455808997871,352.10647169100037,502.3972968057493,354.9522748759119,504.8546906904333,357.7935528741442,507.31731540137685,360.6306702381071,509.7847324245936
30,223.28393391133028,397.9939347237363,227.01282195229635,398.47624696949003,230.73136042783153,399.0320503720706,234.42634758564384,399.7262761548606,238.07718488034382,400.62295200592456,241.65612600054845,401.77281818641364,245.13801478786465,403.18955859266487,248.5082053161567,404.85498298885756,251.76206310014504,406.73788459953795,254.90028295069843,408.80801298426144,257.92730159946973,411.03776763704417,260.84977849237384,413.4030173259877,263.6758194973,415.8827902322689,266.4145917835277,418.4587017201792,269.0761044649624,421.11442723674514,271.67078161828096,423.83553737695973,274.20921410877605,426.6092266968457,276.7020049591123,429.4240337540957,279.15966993557663,432.2695809940642,281.5926337402074,435.1362895231124,284.0112579003718,438.0151139097583,286.4258523651501,440.8973210344429,288.84670217708566,443.7742729239776,291.28437420652966,446.63697618343303,293.74938156898696,449.476161108523,296.25137907459714,452.28278608159627,298.7978171290153,455.04913753369743,301.3925645630696,457.7702199586101,304.0357626858638,460.44426637348244,306.7246004984282,463.0724244995119,309.4549023690105,465.6574909315243,312.2221716030782,468.2029554602358,315.0217822663154,470.71281579858504,317.8489821757991,473.1915666037688,320.6989598114871,475.64410228336124,323.5672113495923,478.0752474646239,326.4492414345966,480.4900478947086,329.3398268762619,482.8946049775898,332.23200621017037,485.2972456189368,335.1172108820044,487.70825177255847,337.9843958591293,490.14064077160685,340.8217167588646,492.6077786693947,343.6216477198036,495.11725877389415,346.38379205910593,497.6682792098753,349.1107924552667,500.25684169011737,351.8054625465651,502.8790500261901,354.4707494762986,505.53112503574147,357.1097111191287,508.20940185725675,359.7254959871684,510.910323925976,362.321311193868,513.6304479947057
31,225.9593119026064,398.2838592006438,229.6650921268857,398.9194746819879,233.3525446909397,399.6536094412322,237.0113885235246,400.5186812624879,240.62713512964743,401.5486365700744,244.1796983122454,402.77840962350126,247.6439174946485,404.23817049567526,250.9913543933496,405.9484879982044,254.19270368693205,407.91855946038044,257.22857459332783,410.13530734797473,260.09918832810837,412.56267756108616,262.8264974693954,415.1503947230862,265.4417442653718,417.8515844979354,267.9793080435146,420.6260400818436,270.47213175197226,423.44083721275155,272.9467461380154,426.27167717598917,275.41754740007434,429.10584826427777,277.89040811478276,431.9382223529464,280.3678932077804,434.7665517660557,282.852553727944,437.58857876921076,285.34693142876984,440.40201915677073,287.8536396783545,443.20447716092406,290.37534169000986,445.9934489809993,292.9147087550409,448.7663436882307,295.47438968467503,451.52049448580357,298.05696754541054,454.2531827993575,300.66492523430816,456.96165643360473,303.30060782924727,459.6431536935435,305.96617497414,462.2949415153737,308.66355652925733,464.9143568794671,311.3937916522839,467.4995091505138,314.1564380728502,470.0499977345628,316.9493994052886,472.5672575048402,319.77006920691525,475.05343448437714,322.615709644226,477.5109959103287,325.48299071636256,479.9432809701963,328.3667692653502,482.3559911775859,331.25980907587996,484.75759476421075,334.15331616257646,487.15863566273003,337.0377043167597,489.57061637688196,339.902946414428,492.0052923578409,342.73548948652154,494.477899842639,345.5280739090829,496.9955522179015,348.2825111295651,499.5548915647206,351.0012383122455,502.1521406425866,353.6868393644684,504.7836348966037,356.34202202276134,507.44582413282706,358.9695973249525,510.13527066399115,361.5724615019697,512.8486444885774,364.15356659411987,515.5827288872954
32,230.32913286146373,398.4814107409073,234.0497361439094,399.02259147560227,237.74130022285132,399.7340826847071,241.37886919191598,400.68229074497077,244.9263774517235,401.92457538811664,248.3437822658894,403.48940706959036,251.6057823304994,405.3570137371227,254.70709977483514,407.48134701726207,257.65642043928983,409.81252145927925,260.4687092796275,412.30758041070834,263.1616672316367,414.9311890829099,265.7547935665648,417.6536548593571,268.26887251343044,420.4493828485819,270.72546739237123,423.29582147022074,273.14624024646344,426.1728256275171,275.5517130720116,429.06264918773894,277.9594745065893,431.9505646331918,280.38305199876817,434.8252115591849,282.831503232553,437.6786936585223,285.30919811146185,440.5068164964639,287.8170266193296,443.3082536490397,290.35407273306186,446.08325944568674,292.91936460001216,448.8321762538142,295.5120026417846,451.55531765355937,298.1311911787299,454.25293263003095,300.77624175638766,456.9251949433899,303.4465559405121,459.57221274993975,306.14161024707767,462.1940375964127,308.8609398911795,464.7906760400346,311.60412496548,467.36210015223327,314.37077658363467,469.9082592949934,317.16052052430075,472.4290959553804,319.97298481883956,474.92455874312304,322.80777481535745,477.39463106352326,325.6641238113015,479.8397431077472,328.5392363982258,482.26276957358345,331.42720235992005,484.67047002357856,334.3189396515628,487.073642740924,337.20284247818034,489.4862032833492,340.0656793536858,491.9237013303741,342.89392418650226,494.401219018765,345.678888481047,496.92728681444265,348.4221001604717,499.4986461996636,351.12658941540315,502.1107119423773,353.79557959374097,504.75904846569586,356.43245368559076,507.43937126945076,359.04072469509725,510.1475428065805,361.62400991403666,512.8795637979409,364.18600890869857,515.6315608881374,366.7304741679647,518.3997812872334
33,233.27613087023602,398.0085400121189,236.92063645645388,398.9307211099084,240.4993682173443,400.0819196403645,243.99498404300618,401.4649781853293,247.38910388603617,403.0811402107099,250.6668778358437,404.92192954890794,253.8221578545086,406.965797092836,256.8565643610212,409.1853585774641,259.77625048694273,411.5539588600983,262.58965425639195,414.04799450868467,265.3065362393002,416.6469366060069,267.9372805827728,419.33310729313575,270.4923817275171,422.0913825559294,272.98214923631434,424.90881231728775,275.41662764861985,427.77418147781157,277.8054700425141,430.67772841196404,280.15839712995165,433.61047321241165,282.48667475094317,436.5628389802955,284.80461788729787,439.52333269246833,287.1285997054709,442.4790837398388,289.4762420817437,445.4160569825225,291.86617174161694,448.3186869484297,294.3145077124315,451.1721815334764,296.8287547481679,453.96776782240187,299.40649997193367,456.70492934200115,302.0403682807544,459.3881513151873,304.7231580908987,462.0224777097941,307.44820674403485,464.6130821015778,310.2090917099547,467.16547459804065,312.99971209504804,469.68533403591033,315.81410144984795,472.1786282417614,318.6465152955632,474.6514347987533,321.4912813334355,477.11002665051836,324.34244920923715,479.56119454372356,327.19435743996974,482.0115013600434,330.0431963894699,484.46537546367693,332.88772895976376,486.92424024582084,335.72885898110707,489.3870361492441,338.5685939967652,491.85144069233223,341.40983714137116,494.3141059332525,344.25609759319394,496.77096921601265,347.11119971814713,499.21754888763417,349.9802853399676,501.64770929265404,352.86558201263153,504.0586009504668,355.76591078307376,506.4513892314839,358.6799733174049,508.8274340469726,361.60649552991237,511.1881168432892,364.5442261976537,513.5348378692697,367.49193536230047,515.8690136710635,370.44842447397065,518.1920595840426
34,237.67352982693671,398.4328708005003,241.26136537692122,399.55443590176645,244.74782105680146,400.9594920614957,248.10725493989753,402.64591279486626,251.32625159705034,404.5873227412174,254.40252368846,406.7481072868412,257.3426065523748,409.09111402705327,260.1591678174406,411.58146074783065,262.8672398057669,414.1895250306301,265.4823119936214,416.89093615525377,268.01968585885095,419.6655304322967,270.49437812976515,422.49622596384216,272.92089026969103,425.3683655375207,275.31326563190464,428.26902441045064,277.68517065638315,431.18645907678797,280.0499824990951,434.10965070386305,282.4207591896712,437.02800331542903,284.80926497864345,439.93185436794096,287.2247777422054,442.8132694387847,289.6731393093185,445.666818241979,292.1566441200569,448.4898314719484,294.6754279153029,451.28141362422855,297.2287373987431,454.0414530545776,299.8157490786921,456.76992925787465,302.4355833816983,459.4669063378713,305.0873347110377,462.13250901392513,307.77006041691834,464.76693718844507,310.4827394306134,467.3705134055795,313.224188886499,469.94377998203896,315.9929331384077,472.48765774209346,318.7871782297331,475.00350131212485,321.60483203701443,477.49310343781525,324.4435238151076,479.9586944642083,327.3004733814233,482.40311039582207,330.17250321927526,484.8297941503845,333.0561879249363,487.2426197574506,335.9481903964938,489.64547166196763,338.84551964484496,492.041899175019,341.7453593193364,494.43528889146563,344.64458638914334,496.8294204130738,347.538116779953,499.23042916448884,350.4115685297094,501.6554014450905,353.2540481185263,504.11660249890014,356.0664721652981,506.6120978365133,358.8506845619625,509.1390348552235,361.60862052674815,511.6946287390481,364.3422942696835,514.2761628543701,367.0537877518246,516.8809874852888,369.74524054744245,519.506517137545,372.41883032535566,522.1502371449478
35,240.2486273255046,399.0684090765977,243.8083000793159,400.2764728085392,247.2588389065038,401.76741148618186,250.5681135500515,403.549894029333,253.71631502909716,405.6038373795636,256.7011218598927,407.88915183650715,259.53398421792303,410.36065094589577,262.231630913019,412.97931470635314,264.81328901527297,415.71256897650596,267.2991585425401,418.53334192487796,269.7094427560892,421.4190505595781,272.0644334358231,424.35011345338944,274.38551498271,427.3081355740306,276.69513201771025,430.27512947268815,279.01516908449815,433.23397390495336,281.3624631303418,436.17122459635095,283.7461497275888,439.0790102243256,286.1688470543631,441.9543730295022,288.62964460282114,444.797198876511,291.1271005589538,447.6078764807598,293.65972730149696,450.3869065202219,296.2260784865561,453.1348254300739,298.82477682423615,455.8521759058512,301.45450645745893,458.5395087924945,304.1140099568233,461.19738122281444,306.8020872237711,463.8263531657455,309.5175920116343,466.4269866138027,312.25942204333177,468.999851936584,315.0265256443573,471.54551732323614,317.818076417957,474.06435075930045,320.63346515187834,476.5565121489343,323.4716682535588,479.02266194369616,326.3306632742178,481.46468121467774,329.2076076637867,483.88553285418334,332.09923606295007,486.28882975122144,335.002103991371,488.6785419093858,337.9126138307854,491.05894319084337,340.8270174191648,493.4345769212289,343.7413928535964,495.81024516895235,346.6516047835064,498.1910104380872,349.5536060526589,500.5817743461997,352.443047972646,502.98769722594824,355.31612454851097,505.41313747681863,358.1730504025437,507.8575826490548,361.01499499629404,510.3194307224888,363.8431564856904,512.7971018938282,366.65875844306674,515.2890376169262,369.4630467297861,517.7936994254957,372.2572865757437,520.3095674956589,375.0427482538078,522.8351517481315
36,243.5334587764848,399.42894760263914,246.82399573819825,401.24686603578425,249.9934630160742,403.2686322367406,253.0392862774683,405.4724211213635,255.9632397119711,407.8356605017108,258.7710287372476,410.3359325933933,261.4714896878156,412.95186890004976,264.07593201733397,415.663508744099,266.59742979014743,418.4525173775019,269.050183351634,421.3022267472358,271.4490321798834,424.19750052647805,273.8091000038704,427.1245010736979,276.14551112034644,430.07043595808716,278.4733255848117,433.02317433735857,280.8074909795886,435.97089087567485,283.160711384047,438.90340795841695,285.54202596024186,441.8131488386589,287.9572533318815,444.69479323696515,290.41137233896774,447.54337950640627,292.9079584812528,450.35481343993945,295.44802268110544,453.12702912531563,298.02997053815767,455.86028238778636,300.6510909196931,458.5559982901232,303.3086828157521,461.2157702257001,306.0001021117392,463.84131185189773,308.72270288279805,466.4345097378711,311.47391976170763,468.99733203176834,314.2511800412597,471.5319126819748,317.0519452829858,474.0404993830803,319.87368105635636,476.5254780989916,322.7137618007835,478.98947287353747,325.5697039577341,481.435068421509,328.43871017635286,483.86532810475484,331.3178024902842,486.2836326000146,334.2049797640037,488.6922794197847,337.101110881067,491.09015112751763,340.009101007569,493.47362327294235,342.932839871395,495.8377446074318,345.87565587367413,498.1780739117161,348.8351171105491,500.4973267319122,351.8009644083661,502.8084159045453,354.7545178141106,505.135167519371,357.6724327666336,507.5064093836491,360.5491984075359,509.9274189689543,363.3873157477412,512.3936323342675,366.18951760693415,514.9005885157434,368.9587133543239,517.4439644584063,371.69795926334655,520.0195761011504,374.4104322420262,522.6233745818149,377.09939889831463,525.2514465855372
37,246.53760274367582,400.21891499782663,249.67773019326177,402.28583609864415,252.6859977111348,404.5405729733332,255.56764719429728,406.95521116310186,258.331576185696,409.50390039589024,260.989203114919,412.16336670133296,263.5539508317855,414.91260735542994,266.040673110548,417.73269152171446,268.46520360598055,420.6064737397841,270.84405773405325,423.5182167155639,273.1942809491638,426.4531409290495,275.5322544847066,429.39784148640103,277.8720456963226,432.3410971689201,280.22436374096435,435.274345315043,282.5979025455295,438.19044056504396,285.00007077405525,441.0829879503375,287.4360344122249,443.9471267545871,289.9077037337935,446.78050807752714,292.41476744828964,449.582620714694,294.95632016386264,452.353490492908,297.5313808923478,455.0932493008408,300.13892198722533,457.80211480087974,302.7779056701548,460.4803595340567,305.44728532721524,463.12831138507437,308.14601363815683,465.74634676736576,310.87304669061206,468.33488719952834,313.6273327549462,470.89441178986056,316.4078613040884,473.42540476639914,319.2134479530791,475.92859443387164,322.04235107895323,478.40540680962573,324.89179299242636,480.8585672834126,327.7582410496611,483.2918398877802,330.637804651829,485.7095812857901,333.5265305468506,488.1163710698796,336.42042509934504,490.51694538026726,339.31534137807256,492.91628783122496,342.20744684935624,495.31901683422717,345.09429117790006,497.72806412226976,347.97652936943484,500.1426210460273,350.85706842221254,502.55920528068555,353.7427927509899,504.96959046539297,356.64258854057624,507.3630233146026,359.5573044956249,509.73826494677206,362.48593759045576,512.0963267067922,365.42750314144786,514.43823703967,368.3810341468841,516.7650397809037,371.3455805601233,519.0777924971188,374.3202084436105,521.3775649532197,377.3039990171278,523.6654377004303,380.29605956534294,525.9424850341936
38,250.37272765134628,401.9793051187557,253.44076992238257,404.1497508960377,256.2699196023199,406.62415904293493,258.8825587630087,409.3270176779094,261.3261113464349,412.18420998766703,263.6560256116683,415.135125506121,265.92797831753353,418.1310347035363,268.18667238961933,421.13697562817,270.45886768787557,424.13271598147026,272.7547386603516,427.1103450437813,275.07721107935276,430.0672700133595,277.42838457977797,433.0014220197887,279.8103874913414,435.9105984423764,282.2249899929922,438.79277214716546,284.67310540239424,441.6465336147234,287.1544513092443,444.4714495511689,289.66811776535855,447.2676461581132,292.21305146712524,450.0354166406236,294.7882883647388,452.77501544673146,297.3929483992596,455.4866566085884,300.02623341298727,458.1705094205586,302.6874252583234,460.82669415920526,305.3758825445868,463.4552792796992,308.0910431537696,466.05627282295933,310.8324218872417,468.6296186365222,313.5996084895657,471.17519227637183,316.39226799413404,473.69279429047407,319.21011028566045,476.18217828959996,322.05218933447253,478.64385777537,324.91632648835093,481.0798425424759,327.79885121318256,483.49404701670966,330.6952427044042,485.8916028753868,333.6010743722364,488.27771181504306,336.5126462518453,490.65681461376494,339.4272690533817,493.0321794049581,342.3428841467418,495.40632627490095,345.25786175256076,497.7812557316207,348.1710816776203,500.15834082725206,351.0821626013083,502.5380449476071,353.9915211470952,504.91985461986366,356.90165716059465,507.30071401982116,359.8153871444686,509.67717342774864,362.7328165740205,512.0490898722102,365.65370358702853,514.4167472565638,368.5778075782191,516.7804305252778,371.50488911706844,519.1404255892132,374.43470986995385,521.497019245476,377.3670325204154,523.8504990995178,380.3016206877017,526.2011534893312,383.238240275315,528.5492696210458
39,253.1320196981866,403.6889323207933,256.05605315041646,406.0513575285843,258.7988284332399,408.6220591283625,261.35663169020233,411.37706480838835,263.74637158610784,414.2793434248507,266.00015236495034,417.2886813518421,268.15972869901304,420.36650291849713,270.2715556053196,423.47737029515395,272.381079378439,426.5898054826254,274.5217236896715,429.68088911625506,276.71207105683544,432.73693194400715,278.96000277251716,435.750851184787,281.2724865406512,438.71550966020123,283.6538359193805,441.6251295146268,286.1038424825494,444.47718479800653,288.6176789689686,447.27315693792207,291.18917025462514,450.0162131120062,293.81245531686557,452.70979331675585,296.4820936328104,455.3574526682578,299.1927252838154,457.963140414681,301.93916746437077,460.5310665801518,304.7164028155546,463.0656677690416,307.5195646232655,465.5715739870741,310.34391946919675,468.05357665680407,313.18482955400145,470.51661859910973,316.03769717386444,472.9658047714578,318.89793132878407,475.4063867186455,321.7608699768105,477.8437966020881,324.621631363193,480.28376072295526,327.47574790856305,482.73149212530353,330.3210771770395,485.18943282774734,333.1595703834553,487.6552668143419,335.9971679485015,490.12213183419794,338.8421482434054,492.5804735143147,341.704524123847,495.0185229967608,344.59457497629376,497.4236823436727,347.51844980055137,499.7875952268704,350.4754696019052,502.1099246151171,353.457503848877,504.4000734298847,356.4506897603901,506.6756433806335,359.4381491067261,508.9587056512601,362.3773926411743,511.3032739905411,365.2333886894765,513.748531895795,368.0070997704749,516.2867901268286,370.70336209266435,518.9072114714069,373.3278690472848,521.5995322142353,375.8869627184277,524.3541344749882,378.3874556074904,527.162064767823,380.83648590783986,530.0150121200703,383.24137673498024,532.905281338275
40,256.5549287541188,405.2610816681608,259.21512067775154,407.9170555308485,261.67867947879444,410.75658157014067,263.9570430189562,413.7469696355872,266.0732348971554,416.8544736054321,268.0703620614459,420.04004902907667,270.00864799020064,423.2619050998112,271.95584372717144,426.47836542277673,273.97166153215005,429.6521505963881,276.0881566777655,432.7596256697718,278.31103958377446,435.79192907386977,280.63057246826503,438.7509900786896,283.0365186517196,441.64026005754357,285.51956370886944,444.4635738881103,288.07111330518734,447.2251581512648,290.6829148136442,449.92985358240406,293.34674769903836,452.5833415304927,296.05471830559213,455.191789748579,298.7993629205598,457.7616375810021,301.57364472207513,460.2994753900338,304.3708995165556,462.8119797997315,307.1847927900892,465.3058432596274,310.00921978162484,467.7877751838481,312.838884050067,470.2637361545016,315.670600393677,472.737350304224,318.50387313643364,475.20918153468415,321.3397379135847,477.67803825989824,324.17977923457255,480.1420888400792,327.0256222709735,482.5994357213905,329.8789187585007,485.04812324136014,332.7413469521872,487.4861285908322,335.6146277495887,489.9113326911913,338.50055638847664,492.3214703921586,341.40101518610487,494.7140996323763,344.31804180050017,497.08649844932296,347.2536915342319,499.43581000535863,350.209376081724,501.75986424246565,353.1837680829452,504.0599322828922,356.17090930884603,506.3434289390672,359.1608090257746,508.6233153373737,362.14091401086836,510.91597458063205,365.0933322726903,513.2441350202896,368.0092011665348,515.6179138940707,370.89009574419373,518.0340268045189,373.7381267688668,520.4887995680813,376.55554460656083,522.9786547404727,379.3447189171277,525.5001141991703,382.1081202553662,528.0497985545418,384.84830363705265,530.6244238649966,387.5678680564478,533.2208231606962
41,259.7813690277724,408.0843863943699,262.0503724109058,411.0814280256775,264.11787325040024,414.22138533604715,266.04798044451496,417.44797963515856,267.9158003120394,420.71119349810107,269.7960476867032,423.9672340628402,271.7466152194073,427.18155124907105,273.7914730363187,430.3366748135776,275.93224626660947,433.42753513512025,278.16414422120505,436.4532592853993,280.48343477647455,439.4125329747069,282.8866043110149,442.304112507402,285.36870201174247,445.12824681880943,287.92248038876994,447.8877594896753,290.53907556984836,450.5878095740893,293.20983133119904,453.23432280640907,295.9268378345755,455.8333513366867,298.68284790948536,458.3910003352588,301.47111555202105,460.9134583401884,304.28536320538,463.40690869226273,307.12030501808914,465.876812603353,309.97196565784157,468.3273986031256,312.83747414617557,470.76178036949534,315.7144371277925,473.18261653440004,318.6005090488628,475.59258769281035,321.49333241698463,477.9944518500138,324.3905391829705,480.39102765920137,327.2898330228878,482.7850785600807,330.1894376178408,485.178753118972,333.0883061300441,487.57331902455525,335.98602215158604,489.96927943574076,338.8824893211696,492.36674942588377,341.77771189498867,494.7657222635552,344.6716665558041,497.1662244644598,347.56423238198965,499.5683999838406,350.4551296840408,501.9725831716768,353.34380869958574,504.3794311067943,356.22960102198107,506.7897392504767,359.1129514448277,509.2029683670744,361.99677782133324,511.61562854015585,364.88514024435534,514.0228541559078,367.78822196835,516.4122895168974,370.71581850022704,518.7716188682218,373.66720701230565,521.1011207685315,376.6404429650295,523.4026760869153,379.63363745216964,525.6782178161416,382.64495570697324,527.9297237698855,385.67261485952093,530.1592099972771,388.71488103599745,532.3687249171539,391.7700780386524,534.560327180883
42,261.4042911934606,410.2511861044104,263.52992978794197,413.3522430145657,265.53555242189697,416.53246051278796,267.4658064978212,419.7590932901373,269.3599311763453,423.0071144147827,271.2549968125793,426.25458555623874,273.1864002239976,429.4805341229206,275.187433236318,432.6636793019611,277.28735362705635,435.78237579675545,279.5044368012348,438.8188258617552,281.8419654259638,441.7635669852794,284.2903572699247,444.61685374929215,286.83327299966123,447.3863027229676,289.4533000700406,450.082983807761,292.13447465465754,452.71892810385225,294.8633592640786,455.3054828861071,297.6296378467591,457.85202698324406,300.42656988627215,460.36487628950766,303.24942287609366,462.84857872248756,306.09429473756364,465.30703573033253,308.9574129012161,467.7442240411867,311.8349251058728,470.16440530631826,314.72301972675467,472.57195155632326,317.6181063091646,474.97108736617065,320.51692297621463,477.36571588109996,323.4162874485572,479.7596812477663,326.31334705373644,482.15643483807753,329.20636847211136,484.55806102311885,332.09558698322166,486.96426117808153,334.98285149575946,489.3728060152771,337.8705032782851,491.7808864569253,340.76083143169694,494.1857534109478,343.65597128880825,496.5848246779022,346.5580246659115,498.97552717573967,349.46837477028845,501.3561219688853,352.3865968030621,503.7270618256806,355.30965643884036,506.0920365634875,358.23297811254844,508.4566875660963,361.1534253776443,510.8248872268397,364.07039584471084,513.1973682835344,366.9863000473395,515.5711598871868,369.90763966643925,517.9382562084355,372.83736345537284,520.2949677463149,375.7749777249564,522.6418369221482,378.7199181531572,524.9795067134213,381.67162656058775,527.3086252568642,384.6295505590456,529.6298453550367,387.5931431766774,531.9438240096647,390.5618624621158,534.251221980066,393.53517342991574,536.5527003110221
43,264.06160301721087,413.95213990944075,265.8220992245279,417.27431408945773,267.51064488314756,420.6337852157788,269.19645059594956,423.99463804787445,270.945547937344,427.3228724251088,272.810496831094,430.58743646063544,274.8151343622384,433.7680706443667,276.9607297826192,436.8553884470763,279.23824421293654,439.84674165783736,281.6391450393313,442.74002962583387,284.15140623488253,445.5372266187664,286.7595793250628,448.2452904152387,289.44694479506194,450.8748518008274,292.1986237549784,453.4370894760855,295.00172184070726,455.9430108636931,297.84529858717605,458.4029319225619,300.72062497579753,460.825682965651,303.6217185647128,463.21752951656,306.5442839806841,465.5830984564806,309.48408061101526,467.9272260371755,312.43571404969816,470.2564381511,315.39219257760465,472.5795005685873,318.3455515867231,474.9065251940254,321.2872240910971,477.2482963733695,324.20902937780977,479.6147975405688,327.10546920265097,482.01227068062076,329.976265100361,484.4403970121386,332.82489804609776,486.89449573276954,335.65648127224307,489.3682542283851,338.47628239043706,491.85543975832144,341.29109070982923,494.3482771807637,344.1097562547956,496.8367493578167,346.941889225475,499.3098747844953,349.7946019046513,501.75922442721685,352.670780557565,504.18097338897667,355.57003445107284,506.57505206877227,358.4898815093532,508.9439767462046,361.4263630871061,511.2922569504529,364.37287092140974,513.6279513567366,367.320001534672,515.9628603896151,370.25725148703555,518.3101788443013,373.17688672067555,520.679363421677,376.0775596234768,523.0717290270896,378.96056762026586,525.4853553319559,381.82725964107544,527.9183398352584,384.6790215080572,530.368809134106,387.5172713178877,532.8349176977742,390.34345515553696,535.314846195034,393.1590431223541,537.8067994345978,395.96551481856596,540.3090161060386
44,266.6989759844198,415.178627882919,268.2067273616449,418.62253836461343,269.62408144297996,422.1051301172946,271.1095855127896,425.5589936701988,272.7484158436479,428.9425890564172,274.55868740850997,432.23760960200366,276.5340594814401,435.43642591009456,278.6603722387732,438.53702370648193,280.9224009935186,441.54009959952526,283.3074357157285,444.44648848110546,285.8050414348117,447.2567628082903,288.4045722968497,449.9730784012054,291.0933389632224,452.6011558638148,293.85627375534966,455.1512114179913,296.6783053903083,457.6357670462355,299.54520815423035,460.0684543972044,302.4436517821217,462.4635079407352,305.36100582077,464.83551012973965,308.2863808995982,467.19761999432035,311.2122583341899,469.55910791247476,314.1349500877037,471.9245369273543,317.0533966419119,474.29520144845975,319.96722898405835,476.67153501247776,322.87625136521905,479.0537542792439,325.78033065198673,481.4419969678507,328.67936775512516,483.8363577122248,331.5733019868435,486.2368835097824,334.4621295895404,488.64355229069673,337.3459046931752,491.0562729274404,340.2248738335074,493.47472648974303,343.10042503468264,495.8972435530406,345.97576296963626,498.32001378390004,348.855864747855,500.7371167164243,351.7466984371805,503.1413686039415,354.65413275386805,505.52551104156043,357.58152086278915,507.8851076361934,360.5280401825392,510.2207762660982,363.4881678741051,512.5391825538785,366.45323179665843,514.8512768768774,369.41121045067086,517.172419387097,372.3471149788979,519.5213884927084,375.2462710194679,521.9155371467989,378.1061808059896,524.3564423463124,380.92934764564234,526.8397620911902,383.7184724382547,529.3612641553771,386.4764145893461,531.9168428704836,389.20616556199167,534.5025189255152,391.910825420346,537.1144349825996,394.59358232289566,539.7488478453956,397.25767828495356,542.4021343840946
45,268.34409358926166,418.38657391783084,269.8300346196899,421.8403695209602,271.2874869616906,425.3063688855164,272.8149124399075,428.7419245492108,274.4803038238959,432.11258996788047,276.3082389602798,435.3978826787005,278.2958240876297,438.58913949935743,280.4355704390881,441.68044651709016,282.7210073665147,444.66566000386575,285.1458056156147,447.5388388385363,287.7009776912615,450.29675722468,290.37195936816386,452.942760228186,293.14055657605974,455.48654971846446,295.98790717099286,457.94195921336006,298.8969470787855,460.32403403010454,301.85214624913954,462.6486540421591,304.83911759760355,464.9323458850318,307.8442326352572,467.19213299762714,310.8544215077266,469.4451636454481,313.85865273251346,471.70612645405834,316.8493482213464,473.9849570542197,319.82287257404676,476.28614533113966,322.77841458065535,478.6103843100017,325.71642354893436,480.9567487781786,328.6378439513652,483.3237371647988,331.54379859746757,485.70968924030444,334.4355792775162,488.1128023373873,337.31459679433567,490.53119315631795,340.1825279412484,492.96272261438776,343.0416101631443,495.4046527833455,345.89504388096896,497.8531825306758,348.7468731336276,500.30358138080453,351.6016235897872,502.7505752745667,354.4640884468387,505.18853735743016,357.33915060168744,507.6116262237418,360.2302375300266,510.01556923347135,363.1376030832534,512.3998015583262,366.05773789631706,514.7683828177451,368.9843242476236,517.1289918491017,371.91040810074736,519.4902233873095,374.82846686484754,521.8613597385357,377.7325879310091,524.2495437740395,380.62275635044847,526.6545957117955,383.49997549552006,529.0751254040501,386.3652706826236,531.5097593998262,389.2196867425905,533.9571402200136,392.0642857300143,536.4159254402314,394.9001447673573,538.884786600969,397.72835401475436,541.3624079668782,400.5500079682811,543.8474928470363
46,269.86288379957887,421.2660800040972,271.18462148756964,424.7860611260489,272.521304000025,428.3003590538652,273.96363798033667,431.7723844637043,275.5887880164538,435.16231042106295,277.4423928323297,438.432675324059,279.5312486580979,441.5580657570427,281.8296389303392,444.5329402454777,284.3038075609956,447.3635275037007,286.9195330964514,450.064059759462,289.64591148829567,452.65299858309885,292.45770368436683,455.1490306129759,295.3342455174258,457.57024535883596,298.25810645721475,459.9341612148719,301.2145290297892,462.2572631859195,304.19160375562853,464.5538594129568,307.1811691316815,466.83418059700983,310.1772899716172,469.10588500178875,313.17466358816483,471.37593685335304,316.1674080482402,473.6520852984179,319.14916717260627,475.9425987742344,322.1132771709016,478.2558951339732,325.0528461566212,480.6002825371989,327.9610499421169,482.9834512794112,330.8325502845141,485.410709323562,333.6677775357775,487.8802541938477,336.47417819398856,490.38253378162904,339.2644500806249,492.9028017001842,342.05173081522025,495.42638013783903,344.84873018245963,497.9391738540396,347.66746112465995,500.42754655273194,350.51825844371365,502.87909573401663,353.4067229628549,505.28613763116607,356.3333603980678,507.6466230782796,359.2943840289505,509.9638438845491,362.2826360222346,512.2458652040597,365.2878455256445,514.5055269233937,368.2980096499812,516.758590528278,371.3000428701184,519.0224654444353,374.27999827284174,521.3152933888821,377.2228912866118,523.6554485023265,380.1098538340471,526.0641719186141,382.9279672423265,528.5530948491964,385.6793341619829,531.1156366765331,388.36805728866403,533.7438561729787,390.9987604241072,536.4301710798678,393.5764777525492,539.1673894066403,396.1065576442788,541.9487159644856,398.5945821920802,544.7677394611837,401.0462797452089,547.6184243055204
47,270.9223473613137,424.80099982890465,272.1946687648846,428.33887048396605,273.6525154598325,431.8040372881937,275.34537961087045,435.1604210947737,277.2827413555717,438.38188807982107,279.43886585439026,441.4614214028265,281.7773938222076,444.40507017942497,284.2644439208726,447.2245280608585,286.8727347985362,449.9323510404346,289.57991814604424,452.5414100414569,292.36759854212085,455.06435841591787,295.2204007537725,457.51349017429897,298.12524791470145,459.9007088220846,301.0707930644429,462.23756160352616,304.04688671038946,464.5354094974828,307.0442961693766,466.80539984556896,310.0549814525378,469.0577621458046,313.07280311580837,471.30055777246383,316.0931959435607,473.53989065879983,319.1121840931926,475.78111635072963,322.1257966405851,478.02956281615695,325.129955466861,480.29062101882346,328.1204679686697,482.5696918623948,331.09302899109986,484.8721202854134,334.0432350933261,487.203115646973,336.9666172860515,489.56765480843984,339.8587925639549,491.97025480669504,342.7180892374625,494.41189411663925,345.54775115379624,496.88783280074324,348.3566208186812,499.3873508055983,351.1555615575435,501.8979905260594,353.9561438025758,504.4067976052618,356.7706711686465,506.89993622186375,359.61183077816065,509.3626595184616,362.4872792861873,511.78524509736786,365.39610437923614,514.1676676101363,368.32919129095166,516.5201813255325,371.2725797974299,518.8598065067886,374.2124884025648,521.2037991287712,377.1383866672216,523.5652471779995,380.04523383463015,525.9501059584917,382.9341073757974,528.3567083594116,385.806443298917,530.7830268008124,388.66354743257295,533.2272647965307,391.50675859322166,535.6876512451139,394.33744464422193,538.1624390383014,397.15699864149735,540.6499035196246,399.9668352394176,543.148340615085,402.76838733660884,545.656064683168,405.5630948366393,548.1714151152491
48,272.07281360269593,427.8751298407713,273.39176321960593,431.39597293321987,274.8692317942836,434.85296999246253,276.56135411633863,438.2098292204157,278.4904533631997,441.4362792036049,280.6369942874057,444.52249474431125,282.9695642652683,447.47082318824835,285.4589501219835,450.28814066601,288.08241868918725,452.9811529432699,290.8219087696565,455.5561321390237,293.6637971620261,458.0176891386259,296.5968484720475,460.3699316487772,299.6093883683275,462.6195513703059,302.6861094274459,464.7806623383586,305.80867389388976,466.8750900006307,308.95778130355956,468.92945772073534,312.1138377837598,470.9731521524902,315.2559500054235,473.0381839498579,318.36488863690556,475.1527590410382,321.4281528720054,477.33294780021345,324.44250689587506,479.58028452595954,327.41095107123647,481.8879475826832,330.3386664589727,484.24709313760314,333.2314673288579,486.64894272957173,336.0953012414191,489.085273529354,338.9362347667753,491.54828100011315,341.7604008250193,494.030504856942,344.5738601856695,496.5248624643972,347.3825912275247,499.02454524943664,350.19261580547743,501.5227732566133,353.00964151879805,504.01310120592217,355.8381146874446,506.4904166511292,358.68083538415607,508.9513675936325,361.5393618748916,511.39393987278686,364.4143312756592,513.817136275338,367.3064349407892,516.219855178868,370.21637438956395,518.60094158634,373.1432576637511,520.9611725262889,376.08212223733705,523.3064750538466,379.0257008740552,525.6458615589306,381.9672081007845,527.9878513490728,384.90337628328393,530.3365306426365,387.8351177978433,532.6907341437824,390.76383694584104,535.0486966498763,393.6898027662972,537.4100749127141,396.61323298350953,539.7745916248559,399.5343462115179,542.1419701834786,402.4533618716804,544.511934634625,405.37050011157226,546.8842096157689,408.28598014305345,549.2585222389129
49,272.6342195045153,430.94153701856754,274.1962554761876,434.36118095140773,275.94595668316333,437.6886731009327,277.8825470489744,440.91096652841566,280.00038505606983,444.01715294497683,282.28845134080626,447.0002132152252,284.7310505188543,449.8581966731092,287.31107943621817,452.5928329680087,290.0129465338038,455.2072274576654,292.8230249070011,457.7050092315253,295.728562384163,460.09113819421464,298.71587393201355,462.37414696604264,301.76933898298626,464.56798535943807,304.8723665577018,466.69122812010716,308.0092953983802,468.7641179202102,311.1654280970598,470.8076858856592,314.32665534599283,472.84337383532824,317.4797734959267,474.8915866702498,320.61445577250026,476.96788438293737,323.72348727764734,479.08238206238786,326.8018809422092,481.2412255610884,329.8448713638148,483.4496758025384,332.84749189188096,485.7126908567533,335.80550134288,488.03370459682196,338.71685811087326,490.41297880976305,341.5832353996462,492.8462682586241,344.40901625204083,495.3266063040804,347.2000590640877,497.84598751381554,349.96280934155845,500.39637655278506,352.7042537489745,502.9696651595878,355.4332820608552,505.5561259875603,358.16219565678216,508.1427076819156,360.9069899548393,510.71241204800424,363.6858053556744,513.2452405356408,366.5190465497206,515.7169470654197,369.4233144636009,518.1047105982145,372.4015190811188,520.3996464233614,375.4301146688508,522.6278218689642,378.45743564536997,524.8577237812165,381.4327888286205,527.1563280182233,384.34329748013045,529.5366491651102,387.2417938495604,531.9316615464943,390.15032585024284,534.3144763549514,393.06838597512876,536.6856137095696,395.9953103973085,539.045800768798,398.9304430003856,541.3957727375217,401.8731350208687,543.7362721051074,404.822744649525,546.0680479224637,407.77863659568874,548.3918551162358,410.7401894580423,550.7084437993192
50,274.40885071210977,434.24744040652524,275.9661192349775,437.66901471887877,277.7641531735651,440.97020467147223,279.80484522451474,444.12717882131307,282.0666768671045,447.1298547093013,284.518069189406,449.98007112005035,287.12844779945823,452.6856193493451,289.8697104253288,455.2586387582253,292.71690694743677,457.71406771399836,295.64845076594173,460.0682695273516,298.6458382110607,462.3381391083252,301.69316252331043,464.54058383785025,304.7765258318144,466.6923353356851,307.8834806045687,468.8099129263121,311.00262120670556,470.9095161280745,314.12403605649587,473.00573948795545,317.2393213237651,475.1110557970782,320.3411058174178,477.2362009194789,323.42202331601163,479.3914687594634,326.4743028954705,481.58708227871074,329.4913346799176,483.8308679980093,332.4693930360521,486.1261265355833,335.4085908462002,488.47094892246844,338.3107039078381,490.86152662199635,341.17825174960535,493.2934677506938,344.014026986233,495.7623919958224,346.8210877049976,498.2639244045403,349.60514737979554,500.7910430037741,352.37532905061164,503.3333777255855,355.14315401401774,505.878279929625,357.92011605451097,508.4132012736397,360.7175837937748,510.92545774905255,363.54680991953666,513.4018662764398,366.41955142010147,515.8276123876816,369.3476902898546,518.1861430400251,372.33381597925614,520.4708151500583,375.3697016273449,522.6890033868889,378.4389323264901,524.8608848468607,381.5214300556065,527.0139265791981,384.59561368459356,529.1788025664923,387.64189443175616,531.382716843375,390.644483267737,533.6457404127749,393.59243671521546,535.9794624140734,396.4847205724178,538.3818545464071,399.3245975412972,540.8459958239622,402.11576896938857,543.365191367005,404.8622857929521,545.9330135404497,407.5684787992349,548.5433116809827,410.2388982592672,551.1902077579064,412.8782460866813,553.868097700709
51,276.05641236349004,437.2605003674946,277.7799673996857,440.6016125543149,279.7096997623287,443.8277496452049,281.8693376540054,446.90457550079816,284.2512488416454,449.8127921332238,286.8269475691792,452.55110387574643,289.56148641180573,455.13105832239796,292.4224377119634,457.57030228594454,295.3814199990468,459.8898372657324,298.4139257830494,462.1125330300691,301.49944323970465,464.26113170131595,304.62146773683725,466.3563916868257,307.7671055882758,468.4160664449961,310.9251386168245,470.45670304812006,314.08487402780446,472.4947051624757,317.2354523494579,474.5468212097382,320.3654037042076,476.6302313722525,323.4621460297615,478.76264049045454,326.51429420844227,480.9583616948873,329.5145423941588,483.22447192207636,332.4617313335236,485.55918184103865,335.3575023065623,487.9573870771228,338.2055151016472,490.41214007476395,341.0120832560156,492.91420077364967,343.7873005160607,495.45101637654443,346.5425809779551,498.00948825952196,349.28876134267006,500.57773178136074,352.0355314271016,503.14534421849817,354.79229269292136,505.7022199086117,357.5685071253047,508.2379471169918,360.3731712614958,510.7421526933391,363.21395789684374,513.2052852989364,366.0963816168962,515.619541390508,369.0245638247201,517.9780720054033,371.9992957375414,520.2776154088414,375.01542750350126,522.5226190975994,378.0597024672978,524.7293538201412,381.11442638508987,526.9216232212231,384.1632712612317,529.1220528681494,387.195464373477,531.3453621854239,390.20815228919366,533.5950323115197,393.2052561480579,535.8654324576642,396.19061537283557,538.1512556223825,399.16537556106374,540.450856499195,402.13057578529947,542.762772285106,405.08727298736665,545.0855535270082,408.0365395923166,547.417763010942,410.9794612394237,549.7579744917219,413.917134618446,552.1047712865844,416.85066340532643,554.4567472375412
52,276.9799085279057,440.99588663941586,278.9931510887088,444.17052893628113,281.22597017420037,447.1947850829799,283.6628437249675,450.05724223096,286.2839466591613,452.75212391987094,289.0670443567706,455.2795098341349,291.9852721225536,457.6498050278686,295.01048625173803,459.8821661259269,298.11717461440986,461.9998470074684,301.285118003744,464.0248804025233,304.4951077650424,465.98269321222557,307.72591344722713,467.90603699007016,310.9531907823727,469.8352796321481,314.15092201105904,471.81300072062953,317.29672694857186,473.8721889357783,320.37819590776525,476.02645190095114,323.39503869152594,478.2703664705354,326.35349282874824,480.5907726905861,329.26063703889577,482.97518661857407,332.1237057338198,485.4123783650023,334.950272209094,487.89183474094995,337.74798051737264,490.4038254643149,340.5245465007808,492.9391778861835,343.2876842047599,495.489165747037,346.04505464010646,498.0453918996826,348.8042766922983,500.59961829630316,351.57291728845325,503.1436275869536,354.35723751359114,505.670460675482,357.1612437543482,508.1754265770167,359.98662076177794,510.6562606466329,362.83468370832486,513.1110145974282,365.70675153347224,515.5376358741493,368.6042738400606,517.9338013278409,371.52901934389945,520.2966561423345,374.48299537053674,522.6228574062665,377.4688764930137,524.9079500088604,380.4897406727056,527.1465784032222,383.54910042101784,529.3322763196054,386.6550818906215,531.4511466234621,389.80751087687304,533.5003155276078,392.98868984773173,535.5046705950105,396.16096669985114,537.5230282245475,399.27922458227823,539.6235921099167,402.3200379616023,541.8347949302843,405.28521473497204,544.1464875489004,408.17865739013047,546.5474039569215,411.0051729260232,549.0268015011603,413.77026760427117,551.57455006269,416.4799684424195,554.1811644209055,419.1406092223459,556.837859144204
53,278.6175920697177,444.15238239260043,280.78469544434176,447.2240100231657,283.1787739844955,450.1219888917284,285.8075195875297,452.8086947650794,288.6579639003786,455.2590150740342,291.6797079387006,457.4955741656263,294.80425130654584,459.5868024258034,297.9758344928178,461.6062636693675,301.1638436736814,463.5997453415334,304.3546653994396,465.58872530674745,307.54283422164457,467.5819530576326,310.72343940083545,469.58722199119796,313.8900901642529,471.61444177003017,317.0349242145495,473.6753191687553,320.1489437009134,475.78243462205097,323.2223879711588,477.94826197201434,326.24490744389254,480.1845592985496,329.20617418632963,482.5013096054414,332.0991353649973,484.9028089161627,334.9244838477509,487.38353518190837,337.69074840525286,489.9300324337245,340.40852335445,492.5282549843475,343.08820219930533,495.16577743695217,345.7406836606057,497.83067031706094,348.3791475022085,500.50945459192735,351.0190972515655,503.1867729710414,353.67674689771513,505.84650536922635,356.3662656730716,508.47398335058335,359.0965243849544,511.05908249116703,361.8717624662797,513.5958237989299,364.693497834845,516.080734176781,367.56241161323726,518.5110172799266,370.47890758940645,520.8839821086906,373.44405927698114,523.1958486392057,376.46083482626955,525.4399011147665,379.53401823792416,527.6060240994628,382.66584410355057,529.6864470867587,385.84885799966145,531.6877546943132,389.06795350440336,533.6305824998619,392.3051368592119,535.5431729217692,395.541682950754,537.4568393109826,398.75795355255013,539.4043270138814,401.9413379432911,541.4051087272135,405.0924559865356,543.456344782229,408.21338086536775,545.5532445486795,411.30638515262274,547.6911237067245,414.3739112999777,549.8654106639963,417.41854466988565,552.0716475540116,420.4429892595733,554.3054866643151,423.45004243520236,556.5626880251507
54,280.0257611722291,446.4238221494636,282.4041596259125,449.3349629294818,284.9938003744241,452.059647172132,287.79759005026176,454.5632016998492,290.79950211037107,456.825689326103,293.9516248211347,458.8744244903743,297.1980763526577,460.77085917633684,300.490644277507,462.5863847997984,303.79223896957393,464.38550555215716,307.0731286318793,466.22201846072625,310.31374369515987,468.12860488721657,313.50219775652374,470.12114638596097,316.630475724636,472.206849111009,319.69005528425475,474.39203918324995,322.6721239588998,476.6818368356839,325.57162722053454,479.07534278494273,328.39087783692594,481.5629375485171,331.14033261589236,484.12753666128293,333.83301057455895,486.75174091038497,336.4824090934211,489.41967134178213,339.1017980984338,492.11709547192413,341.70402197530683,494.8310955540777,344.30132007669533,497.54981341370893,346.90535039156225,500.2620793114776,349.5273917616594,502.95692510412744,352.17856324923446,505.623098379418,354.8690655973155,508.2495514533633,357.6066150900426,510.8269089765499,360.39591711404603,513.348151009344,363.2394261338118,515.8080810693475,366.13894293228145,518.201725001927,369.0961667619911,520.5236792992289,372.11279400181934,522.7678955254304,375.19034205120477,524.9277890977429,378.32956389259425,526.9970015460856,381.52877280747725,528.9722076221205,384.78084008608516,530.8592042166306,388.07022815724315,532.6804781089076,391.37621660329046,534.471514472363,394.676376552169,536.2732414070713,397.9509942555749,538.1209183099957,401.1890166684478,540.0319680845449,404.38900751050664,542.0060588883968,407.5531543662091,544.0371228685517,410.6839670382569,546.1192184597734,413.784222943497,548.2465596201766,416.85692255238746,550.4135239459232,419.9052493726921,552.6146518873104,422.93253464997696,554.8446386746027,425.94220608266494,557.098347744366
55,281.4005243980591,449.48788765971574,284.23591712605827,451.95528178933864,287.2609903954911,454.18705402835985,290.415286928143,456.23265966944757,293.6619110194019,458.1286926993645,296.9694496484408,459.9166560765074,300.3051100215509,461.6517937958,303.6356780547075,463.39665323794947,306.9305190717408,465.20786962885506,310.1604960057492,467.1321027843761,313.30020443462325,469.20015045719475,316.3350630759694,471.41925220254006,319.2683369799825,473.7711284104628,322.11228387942106,476.2304082723924,324.8812566952684,478.7738987857655,327.58931158824896,481.3822169941652,330.25029536541825,484.0385832548031,332.8776452991605,486.7282485715265,335.48450019995784,489.4377984654419,338.0828769770644,492.1554851537152,340.6825563425739,494.87192535577265,343.2908811933039,497.58006190922976,345.9141295993285,500.2737398822157,348.5582524262965,502.9469227383086,351.22914343107465,505.59335039035545,353.9326246800211,508.2064633385196,356.67446196440585,510.7792856071862,359.4602650477614,513.30441687896,362.29519835656157,515.7742416718868,365.18337443623625,518.1815672615364,368.12783330453556,520.5196952311828,371.13101671788803,522.7818751038857,374.1952619965468,524.960598397425,377.3227839660175,527.0474370087943,380.5142708225594,529.0350484176065,383.76823086756525,530.918638825205,387.08104335572637,532.6966947685929,390.44725613716184,534.3715054343945,393.8552767945106,535.9596608427388,397.2874559359379,537.4950563376932,400.72101074335177,539.0273785732996,404.1296954703651,540.6141000250861,407.5031160670469,542.2744928298134,410.84233986337705,544.0026516834236,414.1489812605867,545.7923843425832,417.42497809512327,547.637629665423,420.6725445408436,549.5324796002114,423.8941274819067,551.4711903141238,427.09236705509596,553.4481841485756,430.2700438497818,555.4580719136894
56,284.84693971328574,451.45443502985194,287.94083378199,453.59006834466084,291.1394610072493,455.5659656372541,294.40180620549825,457.43512178076435,297.6973023565473,459.2453540188939,301.0021238930284,461.038545704508,304.2960325216621,462.85166483093803,307.5590115638805,464.7197560654989,310.7679872555882,466.6789694059232,313.89714643866307,468.7630703886042,316.92886398301425,470.986496860671,319.85920256652,473.3420150114899,322.6954961935174,475.8100662323585,325.44565116119054,478.37381970349816,328.1168722936985,481.01976274545365,330.7161629085019,483.7364402787075,333.2515804476382,486.5128631838864,335.7351286684902,489.33581900126376,338.1826223783555,492.1901233542574,340.6122135717863,495.0596982609915,343.04262481005446,497.92857787195044,345.49284418837794,500.78053932425286,347.9829961610389,503.5976576093022,350.53327997043954,506.36039092627374,353.1604011807706,509.0501023761442,355.8706540983028,511.6560006808351,358.66299508842195,514.173745869944,361.53353413179474,516.6019626109487,364.47884457080403,518.938925214491,367.49546662809655,521.1830860514965,370.5799069966141,523.333089165699,373.7287653607056,525.3875937150149,376.9387949991944,527.3451478136519,380.20674908381835,529.2043927524852,383.52965784548053,530.9635354536175,386.9049838088701,532.6198692793957,390.3299031327572,534.1710742080561,393.7989166758398,535.6210400359174,397.30537468314793,536.9780335904003,400.82942072123313,538.2889350801,404.3370937846993,539.6429133619396,407.82137313185535,541.0560208877818,411.28305871558484,542.5236220438968,414.72316450620906,544.0411311107405,418.14289444474343,545.6040279731682,421.5436192851253,547.2078684359485,424.92685468798203,548.8482898622939,428.29424081911736,550.5210127489378,431.6475235739268,552.2218388372947,434.9885369912975,553.9466471905791
57,287.6420993653093,453.0479305597049,290.9518712155935,454.8309729074241,294.333393810544,456.47467445923434,297.7388080857503,458.0685763655013,301.1255142905846,459.7016504232751,304.45341719554,461.4509629150597,307.6899494490744,463.3637929095565,310.81760982191565,465.44988322253005,313.83386418413716,467.6941563049466,316.7404509390471,470.078842458911,319.5390212334642,472.5894696480271,322.2302245686863,475.2148971828085,324.81505899121663,477.94515576278064,327.3004678879558,480.7662965101692,329.69978853741895,483.6610863845402,332.03027627592814,486.61163287756125,334.3100739418329,489.60156703541315,336.56755539377036,492.6084185544562,338.8439918305139,495.60090344739916,341.1848641499581,498.5431491831844,343.6183557783604,501.4091727203175,346.14955095814173,504.18929354910483,348.77179576284897,506.8837347946221,351.47655546870385,509.49536367609716,354.25641091207865,512.0269348107631,357.1052901310918,514.4805895090473,360.0183061421477,516.8577579580548,362.99169863047945,519.158965881198,366.02299668934756,521.3833420657204,369.11120015595054,523.5280028166268,372.25633623374245,525.5882472958893,375.4588184978311,527.558146084367,378.71875785321333,529.4314022404898,382.03575988616274,531.2016255509182,385.40837096433484,532.8634407399366,388.8340020815125,534.4130060746943,392.3090086428896,535.8484456521454,395.82660550095136,537.176199894757,399.3753210069823,538.4186079189585,402.93989099855895,539.6149252900273,406.5034483694143,540.8142415105708,410.0474315205777,542.0700146840771,413.56124535939165,543.4078836509609,417.0450034683622,544.8222049622823,420.4998079714532,546.3058787681872,423.92716773918204,547.8519207464451,427.3289412586545,549.4534974445181,430.70728266086854,551.1039465002287,434.06459216975065,552.7967840284042,437.40344741622414,554.5257477186369
58,291.5653934667725,454.7314268638285,295.0109026226396,456.2364821724971,298.46907072665,457.71242032973134,301.89589873639346,459.25931609737825,305.24855442327015,460.96031032691525,308.4867544785084,462.869710262927,311.5800427537346,465.0058300274991,314.5179751102014,467.3512223499341,317.30774573509854,469.87132642595174,319.9648705178194,472.5311279082941,322.50689808557047,475.30128376549663,324.95162385440676,478.157783366729,327.317547454154,481.07996407574825,329.6257464155168,484.0480138592736,331.899663858534,487.0424450769936,334.1631674395342,490.044766682232,336.4392906430476,493.0375199251906,338.75095456436486,496.0028700087138,341.11977752097664,498.9227080208102,343.56264433638836,501.78083575761286,346.0864370989381,504.5677418265353,348.69076425710125,507.2795464889608,351.37235572779025,509.91497529988504,354.1289125073135,512.4718877891418,356.9589779070491,514.9471876121584,359.8606230427199,517.3381777940817,362.8305543204486,519.6438103215099,365.8639479541345,521.8653036674659,368.9559293350505,524.0045138422763,372.1043320493219,526.0597681457803,375.31043879039635,528.0237423315854,378.57816718553835,529.8833019911752,381.91206071410693,531.621325881111,385.31746906722765,533.2144539832008,388.7969484540285,534.6383716658634,392.3439248794434,535.8849076543539,395.9355884253435,536.9968242590238,399.5475725606619,538.0412682558765,403.1602126998973,539.0834603681528,406.7601070205353,540.1687437663996,410.33941576277493,541.3200458432659,413.9004435607442,542.5268236575132,417.44966656244833,543.7679167378362,420.98849129485615,545.0383627078195,424.5178543591643,546.3348677803782,428.0387644097128,547.6541612009527,431.55229219353924,548.9929953831718,435.05956096686384,550.3481448287458,438.56173728032127,551.7164040245074,442.0600197852966,553.0945903802797
59,295.01944368602176,455.32349885787784,298.4962231627528,456.7549208227042,301.9254460496725,458.2961853115886,305.26260761617505,460.0269312600239,308.4622928409153,461.9997357161793,311.49066593882657,464.22660524759715,314.3445038878688,466.6735280531106,317.0420191623537,469.29218020454596,319.6097006157441,472.0385005518992,322.07279474084595,474.8791547921283,324.4553107542348,477.7878224948384,326.77980400917835,480.74312608158306,329.06772541153623,483.7268670569916,331.33941807351835,486.7229963141825,333.6130469170282,489.7176554122264,335.9032697893026,492.6996336799845,338.22206924385347,495.6594310371024,340.5802066989582,498.5879630656205,342.98845788412564,501.4753989506535,345.4562502744998,504.3120868702422,347.99050769313055,507.08953316443433,350.5956833376079,509.80054894446596,353.2752577447706,512.4380284384056,356.03256887927455,514.9940992666474,358.8709376393725,517.4598118129951,361.79343417702347,519.8251616603254,364.80232074654504,522.0795468118689,367.89816443007277,524.2129046108278,371.0794149020593,526.2166486191522,374.34244300289987,528.0842497877659,377.68186569793244,529.8115471173633,381.09050393154143,531.3979273122152,384.55987866977057,532.8467455549014,388.0810642289478,534.1647474141415,391.6456309563188,535.3605696951829,395.2456192276753,536.4452303848246,398.8723203331746,537.437125052363,402.51598696528293,538.3649666443611,406.1661230874231,539.2671231753628,409.81085758023886,540.1907548410225,413.4350685546708,541.1914805456585,417.0238756300316,542.3124183026845,420.57426636404887,543.549746256404,424.0863602954064,544.8920026987681,427.56125867708164,546.3278715304506,431.0008929148292,547.8463296814983,434.4078772390147,549.4367371345709,437.78537382148227,551.0888790718096,441.1369745870046,552.7929701557149,444.46657220410196,554.539684547226
60,298.60714822050153,456.1583874422655,302.06508720032866,457.6339453806515,305.42353447786604,459.322624595791,308.63186204362523,461.2809199897157,311.6560768118592,463.51322354128996,314.49348582014557,465.9790182975635,317.15833383638375,468.6307349704006,319.6717021953616,471.4267038803593,322.05643871124994,474.33333753584617,324.33518505709327,477.32390943701756,326.5292251548342,480.3772495024528,328.6597142186305,483.4753234001948,330.7492555144327,486.6011997220023,332.82298059220795,489.73760640017287,334.90763897157177,492.86674540053156,337.03077172958905,495.96986656232104,339.21792871913436,499.02813832233966,341.48856417676205,502.0248968231563,343.85181352424325,504.94914084470065,346.3112739699669,507.7929207512694,348.8690344358846,510.54859198877796,351.52801777105066,513.2066826418812,354.29167765621435,515.7557127832579,357.16179665510373,518.1842017874051,360.1369554957037,520.4827845078564,363.21210797144323,522.645769749093,366.3798432353128,524.6707668845252,369.63191693814076,526.5573783348298,372.9598630473427,528.3067242736221,376.35516609940856,529.9215091318619,379.80926412346224,531.4064398868476,383.313873952605,532.7679596254723,386.8614796667067,534.0132319644007,390.4454155082884,535.1498088757785,394.0591169048209,536.187978993336,397.6953414132721,537.1444348432454,401.34628917175274,538.0432127312065,405.00374046488395,538.9152365530649,408.65879894737344,539.7971963820619,412.301213306843,540.7298119606129,415.92685933612,541.7257319122949,419.54185060713155,542.7597210817991,423.1481399675386,543.8236714247638,426.7464859170494,544.9141921905039,430.337721513931,546.0279111194476,433.92274417833335,547.161475113044,437.50250578950397,548.3115496845821,441.07800309424306,549.4748173389617,444.65026840733196,550.6479750723661,448.22035960566745,551.827734077369
61,302.38460996377717,457.616049988714,305.68433479773483,459.41627519760607,308.8156972678555,461.4954690361092,311.7610373970418,463.8310794614606,314.5286140230733,466.37522892316605,317.13546592992475,469.08412225261367,319.60214601692456,471.9214552532725,321.9506510655716,474.8574992908947,324.2029386207274,477.86808852314545,326.3802471655371,480.93340997243564,328.50276000183294,484.0369688731754,330.5897479841618,487.16455330065446,332.66019598865955,490.3031235958482,334.7336301617858,493.4397197009092,336.8299425551519,496.5610542541599,338.96890588353165,499.6532842750261,341.16961781733295,502.7018281699667,343.45017797441153,505.69104371598445,345.8272788030762,508.6039945210006,348.31586405924764,511.4221990734069,350.92834774834125,514.1258419780567,353.6720367570731,516.6961426604521,356.546263526351,519.1195651873089,359.5430716740443,521.3896877153257,362.6499926431251,523.5066816571557,365.85304140906777,525.4753045192323,369.1387836552075,527.3026666712982,372.49530579563105,528.9965993539362,375.9125713086668,530.5644579287767,379.3823010000699,532.0125751394255,382.8974713167591,533.3466654384027,386.45182958723876,534.5725973502147,390.03951724987587,535.697332652356,393.6549256753635,536.729573609399,397.29291281293257,537.6792625716764,400.9489587039945,538.5569446316562,404.61917097109836,539.3734378150544,408.3000147624827,540.1406506133374,411.9881077961009,540.8722834008922,415.67998378496134,541.5846228304164,419.37183786440585,542.2970747436967,423.05958617576766,543.0304404342065,426.7415352441425,543.7923923065173,430.4179445614085,544.580646875806,434.0891709077784,545.3927047216532,437.75561916150986,546.2260756384064,441.41773691289654,547.078279521813,445.0760091812635,547.9468466448951,448.7309532452747,548.8293173992606,452.3831100517856,549.7232559680269
62,306.65255108135824,458.87243096978267,309.73749794344667,461.0208176570567,312.6732153883986,463.3689193414651,315.4378621728692,465.91611435900506,318.01703036413306,468.65102943241044,320.4112388680471,471.5494296691396,322.63644162224466,474.57972688935547,324.717968108206,477.71064663552346,326.6878991240477,480.9131074291487,328.58287451074585,484.160584514095,330.4413151016979,487.42915396455174,332.29957154038567,490.6978286532106,334.1899896572382,493.947976308803,336.1408606846847,497.1621446656409,338.17645674298683,500.32326683031226,340.31387206395357,503.4163904280048,342.5627446584067,506.4294096353196,344.92834633364026,509.35163124951134,347.41549786867876,512.1710651347574,350.02932030956237,514.8734089291239,352.7743468459403,517.4422788092659,355.6523318918499,519.86118666647,358.66040284903346,522.1162232986023,361.7917469056579,524.1966734069604,365.0360653753005,526.0961731637399,368.3785763913996,527.8171954074021,371.8001854153578,529.3752974764961,375.2816322484609,530.7949518724156,378.8060867766745,532.1044365622793,382.3595430425268,533.3332293369433,385.9313930630692,534.5075684305189,389.51762944480515,535.6372184650182,393.12079219692345,536.711558187508,396.7478217024034,537.7020620087752,400.4063061834728,538.5686974743575,404.09934289633503,539.2732057522566,407.81871084009487,539.8228917666244,411.5518275608675,540.2710823462011,415.2883533926823,540.690315283085,419.0219940798946,541.1342969038294,422.74696471799786,541.6455274505515,426.4577065112781,542.2512814202851,430.1505636773705,542.957929098216,433.82404479143526,543.7593149188849,437.47778390616685,544.6464451301728,441.1120371116666,545.6103577827498,444.72760353811793,546.6422030714117,448.3257461558439,547.7332956362853,451.90811602656225,548.8751424850334,455.47666791113886,550.0594930293494
63,310.8372022891382,461.0340039329086,313.56416267195584,463.6208094466802,316.05876738553434,466.43268829343697,318.3384054883991,469.4219056609426,320.43679398250976,472.5413676414347,322.3961670251811,475.75021551436,324.26256211304997,479.01417410816134,326.08325488707584,482.3039166561318,327.9005935775071,485.5955184004045,329.74566546593996,488.87163379949914,331.6371300159419,492.12116108298454,333.58868631537484,495.3349311919042,335.61217858611155,498.5038693047545,337.71839534766593,501.6184012998788,339.9175276994344,504.66799120400384,342.2203696932208,507.6399827002302,344.63676725035333,510.520342190895,347.1732269413009,513.2955050117391,349.83132425050314,515.9543535722161,352.6100035543353,518.4868886593238,355.50755156035245,520.8824617042858,358.52267796403413,523.1281762075918,361.6546127066216,525.2077664877236,364.904418647825,527.0976300060088,368.27008504815365,528.772271164539,371.7389510312115,530.2213856874818,375.2812948310378,531.4810466010272,378.86601304215606,532.6152683785423,382.46969423055185,533.6879952716258,386.0795319350825,534.7398714505066,389.69256154668614,535.7807303774885,393.3117768548843,536.79983613074,396.94336274069514,537.7738244901652,400.5950931140915,538.669006208104,404.27494290434646,539.439962140409,407.98177694833885,540.0685207291491,411.7064250112211,540.5821326583093,415.43847233151376,541.0394026276894,419.1733614414419,541.472960422768,422.90948424178686,541.8957673273567,426.64627810912964,542.3126066457935,430.3833772257258,542.7267014998557,434.1207067350594,543.138711869607,437.85824944946813,543.548783706271,441.5959884090267,543.9570629820537,445.3339068640549,544.3636956915392,449.0719882580473,544.768827849274,452.81021621058517,545.1726054875077,456.5485745002323,545.5751746540783,460.28704719500547,545.9766800349543
64,314.1481812529725,464.11744896219443,316.4927113175285,467.05621210799063,318.67164848836603,470.11998199520156,320.70869897463524,473.28001853777755,322.62743581020874,476.51337278292556,324.45290728958224,479.8003691120932,326.21217110712155,483.1233329922331,327.9339969825272,486.465883694335,329.64800916618816,489.8124551033713,331.38414924172145,493.1475798453273,333.17219907356116,496.45511498058124,335.0411418194707,499.71754529507865,337.01831121345293,502.9154376071734,339.12832283571976,506.0271495532785,341.3891764920294,509.0309370444384,343.8087920683887,511.908320299911,346.383588976315,514.6477111580006,349.10402687301047,517.2425549697342,351.958774616245,519.6888965058955,354.93699755576046,521.9833386794803,358.0293662266013,524.1214610769913,361.22779198847263,526.0974017697646,364.52511341209316,527.9034482625966,367.9139338134551,529.5313122107558,371.38460863268006,530.976528613097,374.9225238798077,532.2485431732175,378.510900352385,533.370733620272,382.1341189078759,534.3751041752242,385.78025461544627,535.2930366200251,389.44228110383125,536.1454775715808,393.1167501164953,536.942608557859,396.8021551788023,537.687556558916,400.49751094845146,538.38146655643,404.2020208016413,539.0247198136142,407.9149481066217,539.6174598524573,411.6355549447986,540.1599162793337,415.36306808288396,540.652692332838,419.0966565362771,541.0971188779129,422.8353714381212,541.4961672280756,426.57820248434956,541.8546120542011,430.32404940992654,542.180124598708,434.07135911752675,542.4884214246197,437.8193502288603,542.7883254082834,441.5679203233019,543.0809053958209,445.316990211893,543.3670114681792,449.0664851116747,543.6474940931513,452.8163340696757,543.9232040328573,456.56646938530486,544.1949922693213,460.3168260315324,544.4637099455415,464.06734115343863,544.7302072174186
65,317.07674117582326,466.4349079507562,319.3520378334958,469.4278210468012,321.4790019616032,472.5279451844541,323.4605604755388,475.72301903803515,325.30498021935057,478.9992491318884,327.0315662844156,482.3391796341953,328.67202030593864,485.72234989801143,330.2675745218687,489.12698465866794,331.8634996490668,492.53144537163246,333.50365116619764,495.9147656059262,335.22660448618274,499.25658690836946,337.0647544609542,502.5363394565238,339.04506758477635,505.73212327620087,341.1895447833315,508.820000439647,343.50699043167725,511.78021299474767,345.9935904426654,514.599834894578,348.63931645799465,517.2707152348671,351.4366068192902,519.7823927342232,354.37680999317865,522.1251609232676,357.4480363940835,524.293379565516,360.6353094055802,526.2871814134678,363.9233378857356,528.1101438607152,367.2985943824685,529.7661142355363,370.7498077251484,531.2573788037852,374.2671807489814,532.5851661031394,377.8401606025062,533.7552434319268,381.45659970932354,534.78346100496,385.10466214679116,535.6934363295209,388.77502618004115,536.5090181102577,392.4623880825025,537.2440393828975,396.1635798601252,537.9059615426282,399.8762996973562,538.4998768828268,403.5985334117287,539.0309650942361,407.3285972240505,539.5039860594135,411.06505599453965,539.9235604480192,414.80667297202655,540.2943820515704,418.5523750961507,540.6214301877195,422.30121486608334,540.9103659725854,426.0523290772876,541.168175626437,429.80487116289225,541.4043796626326,433.5579515358716,541.6319142795727,437.31057513259736,541.8668149859861,441.0614253924726,542.1283425233128,444.8094076327676,542.4281675750406,448.554305310048,542.7643599720095,452.2960614440198,543.1339022902602,456.0346993801107,543.5337796992279,459.77031520656357,543.9609840177684,463.50307016753413,544.4125165283986,467.2331807545713,544.8854083408246
66,319.27648782321864,470.6162346721861,320.9995268791759,473.9578675541328,322.60382660776474,477.3582528603585,324.1299364660454,480.794537303541,325.6217603081172,484.2458894771193,327.13065007938167,487.6897884654736,328.70972711967573,491.10196946448235,330.4033648799106,494.45864322495817,332.23449389841755,497.74226442223073,334.204821659566,500.94431123469366,336.30513103345953,504.0626842082684,338.5234491504421,507.09828259956186,340.8491939820263,510.0524102477509,343.2763117652767,512.9238348782455,345.80510970202613,515.7060889074899,348.44169952374136,518.386338888957,351.1949175649127,520.9465308901258,354.0724451706489,523.3660343749087,357.0784855359191,525.62375328274,360.21304082095776,527.6992241804307,363.47274485850244,529.5718347644935,366.8534314233843,531.215726964864,370.34421646860346,532.6105767227832,373.92343819519454,533.760322397249,377.5607057165991,534.7117271558346,381.2306920471751,535.5288525895571,384.9172453519484,536.2680675052546,388.61239377982776,536.9631513918471,392.31421697269013,537.6217638998876,396.0233494742389,538.23782179046,399.74105163604537,538.7997527228728,403.46818275902206,539.2951745626473,407.2046466751368,539.7143509441806,410.9489847771611,540.0561718490331,414.6991350817029,540.3270975995254,418.45315214218266,540.5380441339638,422.2095808356365,540.7007734572851,425.96741426564336,540.8272541528052,429.72598220945105,540.929851469969,433.48484704514806,541.0210509027831,437.24367436030997,541.1137536878585,441.0019732632046,541.2256124662974,444.7593434909287,541.3652287842935,448.51564559541765,541.531138861577,452.27078848665707,541.7215092557024,456.02471684534436,541.9345062420679,459.7774083955253,542.1682972445012,463.5288711616427,542.4210519262583,467.27914072479916,542.6909429694385,471.02827612959874,542.9761642224513
67,321.9601350187447,473.7331906963498,323.31522635506826,477.2402410992933,324.5744959362045,480.78302016382565,325.80760192878205,484.3350370945944,327.0788334018558,487.8735265765651,328.4475326423952,491.37531946219065,329.9586820846245,494.8179135684535,331.63169082082277,498.18475547719123,333.4685125558822,501.46509528255865,335.4649180299664,504.65083367217954,337.6146303429333,507.73521301039034,339.90985455808794,510.7129107014401,342.3442827765406,513.5779245293504,344.9132416609865,516.3229419925084,347.6133016683166,518.9390843299287,350.44180709997397,521.4157493980218,353.3964315291325,523.7404477388158,356.47461999552576,525.8987851069617,359.6722853377448,527.8757228720365,362.9823106945694,529.6581072623413,366.3936234526257,531.2380282950148,369.8915574124929,532.6157310214629,373.459665615619,533.800141731249,377.0817911530517,534.8076771618087,380.7435597414494,535.6603597268244,384.43317462550016,536.383528492156,388.1415304284439,537.0038529438045,391.8620462430849,537.546784328224,395.590534564861,538.0321236577332,399.324611510038,538.4724820372793,403.06294031121064,538.8751992192067,406.80464116699244,539.2453095062252,410.54910181518045,539.5863897295172,414.2959334706039,539.900361960564,418.0448897180937,540.1878579876552,421.795783090552,540.4488661513305,425.5484392618629,540.6831670837745,429.3026812721041,540.8905102047936,433.0583245681048,541.0706964124479,436.81517545296515,541.2236515453623,440.57302948935444,541.3495836340699,444.3316663572758,541.4494886769309,448.0908738247089,541.5249766652557,451.85046806798135,541.5778651016519,455.6102978775992,541.6099922183057,459.37024251683744,541.6231979040884,463.13020903719735,541.619322538554,466.89012957194274,541.6002061118805,470.6499586192713,541.5676876029864,474.409670322987,541.5236045269377
68,322.20720203910406,477.929081112846,323.49382520231177,481.46204851109667,324.8360635655158,484.97420979494353,326.26138613051916,488.4534369364882,327.78384740751915,491.89124222372675,329.408615755919,495.2818794634027,331.1383840056581,498.6201588169962,332.97606565969926,501.90025201512344,334.9256674845887,505.11505597305427,336.9923777217915,508.2558192765624,339.18228696307733,511.31191025641147,341.5021963815204,514.2704632455108,343.9591901973591,517.116113354726,346.5600957293255,519.8307505420088,349.3108654129071,522.3932807620047,352.21370800702766,524.7820451145615,355.26544104290065,526.9773179888367,358.4569687412875,528.9638485619511,361.773794930943,530.7333072757095,365.1971496553101,532.286868988114,368.7067304334815,533.6346513917603,372.28339578981,534.7930567842727,375.9107606646386,535.7816726480182,379.57549327474055,536.6215969972784,383.26714857491555,537.3342700525232,386.9778028898448,537.9406093113919,390.70158642201284,538.4605353010356,394.4343861797706,538.9113973918338,398.1735574769129,539.3060597629585,401.91756242141776,539.6519402218097,405.66543656546526,539.9530536624177,409.4164510521338,540.212162732149,413.1700031420371,540.4314959425005,416.9255809071853,540.6128987937508,420.68273697052155,540.7580166897905,424.44107623112797,540.8683583411846,428.20024633279,540.9454162743033,431.95993347595765,540.9907947694873,435.7198637198313,541.0063249103704,439.4798092283087,540.9945168938541,443.2396024292348,540.9584877556274,446.99915927002536,540.9028380248322,450.7585378631056,540.8361096503094,454.5177864895296,540.7624145505122,458.2769086316382,540.6825229954203,462.0359105396093,540.5971576236259,465.7948016199241,540.5070410202256,469.5535940182037,540.4128956983254,473.31230220221477,540.3154440916327,477.07094249127607,540.2154065513334
69,323.7388527739849,483.17586655039156,325.0276586826738,486.7080478166325,326.3597641548634,490.2240833590956,327.77374936139785,493.7079143391147,329.3025699621116,497.1428015497948,330.9698366400733,500.5125771697361,332.78869784872603,503.8029528013974,334.76225598366256,507.00291753766504,336.88637691269105,510.104991086405,339.1558878098926,513.1023318471209,341.567235458952,515.9867756215042,344.1187248277875,518.747990427641,346.8098878907671,521.3732020769507,349.6410317091423,523.8467165468269,352.6114185687226,526.1510654611591,355.71715588901145,528.2693802516366,358.9506235813871,530.1870040690094,362.30164666551013,531.8908303279918,365.7562743169881,533.3734608688868,369.2961428779623,534.6394021047589,372.9016046076163,535.7046614627008,376.5554419086696,536.5903187155204,380.2438123777262,537.3193708095357,383.95604111947597,537.9156125175983,387.68427978782944,538.4022481600712,391.422893463705,538.8018376540861,395.16798381853454,539.1356385382451,398.9170461126019,539.4215996993273,402.66879319373265,539.6699573115382,406.4226003503158,539.8849664097813,410.178092527296,540.0682278470757,413.9349295527411,540.2214922847963,417.69282193057364,540.3462564850716,421.45151396760275,540.4440446125934,425.21077995197817,540.516536149267,428.9704250929698,540.5656528207354,432.7302866484186,540.5938400976733,436.49024053333034,540.6043831711188,440.25020987242755,540.6018170533698,444.0101695677006,540.5924832777232,447.77013338435165,540.58523271467,451.53009691863156,540.5907563421831,455.28993726364695,540.6208787534991,459.0493409121424,540.6854151693268,462.8080057610082,540.7840823306955,466.5657208429931,540.9140385847176,470.3223461442654,541.0724396663215,474.0778061072914,541.2564423386451,477.83208306087744,541.4632071763648,481.58520964163137,541.6899167305646
70,326.42438645499993,487.25110317813727,327.60536051392955,490.8207651974355,328.861518646835,494.36455855090196,330.24279012800054,497.8613486706287,331.7739348495071,501.29508781863024,333.4636227564582,504.65361451412326,335.3146797541223,507.92593524909773,337.3302155026347,511.09955156170616,339.51104782043865,514.1618994867821,341.8560513697429,517.1003951270029,344.363008164659,519.9019522565554,347.029259750312,522.5523034811656,349.8515976866033,525.0357097560885,352.8258506589806,527.3349027105268,355.94678146744184,529.4305390302102,359.2074393304448,531.3012290740346,362.59518003262957,532.9304646509313,366.0895797370337,534.3165277026482,369.66630116752805,535.4741760864298,373.3030597943036,536.4271372223133,376.98204513195776,537.2018092388728,380.6897779828397,537.8250983025524,384.4164629766894,538.3232344179692,388.15526904283297,538.7207961669043,391.90157685994825,539.0404680196605,395.6523090467984,539.3035553181038,399.4055353839497,539.5284929319625,403.1602196843961,539.7277187898965,406.91593465750424,539.9064921582619,410.6724484042252,540.0676363324396,414.4295775252275,540.2137512803214,418.1871677965778,540.3475103537613,421.94500807933395,540.474078550884,425.7029485667209,540.5976413363832,429.4610268220024,540.7169163943685,433.2195298321051,540.8218071441888,436.9787342706236,540.8969406387052,440.73857056397867,540.9242424014305,444.49833859373746,540.8897407681823,448.2570148321317,540.7924867903346,452.01411720099094,540.6460793325027,455.7699820562714,540.4704787964398,459.52565959314234,540.2908733742923,463.282395988732,540.1351808137457,467.04023612389216,540.008863361151,470.798895554958,539.9098314790339,474.55813533616487,539.8359868593403,478.3177587716783,539.7852287954647,482.07760791844083,539.7554560712887,485.83756008174333,539.7445925308596
71,327.94218550450074,490.75365713907934,328.962652223314,494.3723133237391,330.12214072635635,497.94874067372655,331.4439400635517,501.4683305240758,332.94114489987317,504.91689893855084,334.6203161962935,508.2805643724894,336.4886022734844,511.54289976794513,338.5516283983122,514.6856329716254,340.81042856348006,517.6906887719103,343.2607782757253,520.5416597457701,345.8993075529157,523.2193242946045,348.72417180000355,525.6994463931692,351.7300549193888,527.9566896347512,354.90041990813245,529.9764523716602,358.2116804877076,531.7560298394911,361.6391951328416,533.3001187709572,365.1600283991398,534.6179155375177,368.75312778678614,535.7239488989059,372.4000503644957,536.6374298075655,376.08560745197167,537.3803201956965,379.7979497882931,537.9755785590779,383.52823741967165,538.445961832301,387.2700767206314,538.8138256879552,391.01920802036506,539.0983052087701,394.77296635413074,539.3135847932281,398.52967488157674,539.4693928998015,402.28815389374466,539.5744782269823,406.04758121063884,539.637518778199,409.8074264132075,539.6671622308323,413.56739019380626,539.671969673793,417.3273454259306,539.6613796227468,421.0872803151101,539.6448237453525,424.8472202782381,539.6294762943689,428.60717276572336,539.6176035689848,432.367133353693,539.6086184237995,436.12709714876354,539.6010713981987,439.88706052406735,539.5933234584404,443.64701799483663,539.5831563989495,447.4069563433478,539.5675336672972,451.1668428216677,539.5424913986565,454.92660131293593,539.5028121521202,458.6860854382079,539.4426115120049,462.4451636000336,539.3608814021646,466.203751741213,539.2590494908907,469.9618040248404,539.1390354074714,473.7193030962705,539.0027773704566,477.4762567133644,538.8522130861656,481.2326947295903,538.6892791822188,484.9886660797354,538.5159108805414,488.74423530660823,538.3340323853316
72,327.5547084214191,494.25287116317014,328.90871895030307,497.76050164131607,330.3519996272003,501.23224887320504,331.927449484953,504.645945828165,333.6503132600793,507.98761072302864,335.52785538833393,511.24483657442084,337.5622199424507,514.4064655698022,339.75425901420004,517.4608355256189,342.1083793619567,520.3920142001613,344.6313397234866,523.1790541781143,347.331902884734,525.7941433404271,350.2191879873515,528.2011417226329,353.29756801442136,530.3580260389551,356.55497800687044,532.2334702293583,359.9638488292272,533.8173331947731,363.48957216417796,535.121143398017,367.0992319057001,536.171234275519,370.7659466215587,537.0013286015774,374.4696497854383,537.6475806027697,378.19629424968196,538.1456404738153,381.93656341751336,538.5289924150184,385.6845312823072,538.8285269510244,389.436717847835,539.0699757665737,393.1912506935216,539.271906777208,396.9472251192518,539.4450775470577,400.70420073687114,539.595014105863,404.4619522008353,539.7240660424778,408.2203440608252,539.8328865422104,411.9792647351228,539.9215826274715,415.73860333820306,539.9903259800861,419.49825005017095,540.0394196285401,423.2580987987769,540.069295556059,427.0180497800516,540.0805044182928,430.7780115539979,540.0736878021603,434.5379022248769,540.0495386596135,438.2976497940622,540.0087800918587,442.05719169702644,539.9521278867243,445.8164726934566,539.8802061482207,449.5754465124498,539.7936967416987,453.3340629548138,539.6928517553742,457.0922739466667,539.5778689176002,460.85012867050705,539.4517538478482,464.60766729780454,539.3165426962596,468.3649017650101,539.1731239983148,472.12184904841723,539.0223661677119,475.8785312108398,538.865137450349,479.6349747978061,538.7023058868122,483.3912102343846,538.5347392966469,487.1472712227754,538.3633052814538,490.90319398408553,538.1888678868772
73,329.88955850643754,498.43699181834273,330.98811315225544,502.0327317991521,332.2258719043548,505.58279004077434,333.647004343048,509.0632716992229,335.2903542683458,512.4442502383641,337.18297726912607,515.6920364367598,339.32853805867506,518.7785244161497,341.71264442636686,521.6847778124098,344.31287364167014,524.3994688003032,347.10828262429806,526.9127760080751,350.08188682247584,529.2124849654505,353.21904205379474,531.2834743407413,356.50384742411245,533.1112756995208,359.9150382033708,534.6908372190594,363.4289998139357,536.0265239097072,367.02316060264275,537.1286765904941,370.6775245382306,538.0113678930614,374.3746554638954,538.6936822608494,378.10017021106086,539.1993254316583,381.843133613376,539.5543489822642,385.5958914273018,539.7849111844346,389.3534976483603,539.915859669949,393.1130227505618,539.9707351753726,396.8729738078595,539.9719511470265,400.6328147382629,539.9412298816284,404.39255614049205,539.8996507812244,408.1523424053698,539.8624531142548,411.9122193114645,539.8359698517603,415.6721511846626,539.818890294415,419.4321073675436,539.8082975253494,423.19207200799434,539.8012055769839,426.9520373033615,539.7944565397133,430.7119961893718,539.7848414278075,434.4719370527407,539.769812087165,438.2318391214759,539.7471223389559,441.99166525961635,539.7142442413842,445.7513502998113,539.6680454678656,449.51078555547275,539.6047903623603,453.2697978640862,539.5201443317807,457.0281273870938,539.409345580726,460.7854170042892,539.267676900473,464.54123968316804,539.0913962295269,468.29519328016977,538.879007759822,472.0469992977931,538.6315362318155,475.79653366014924,538.3517191466912,479.5437495158745,538.0423769954098,483.2886664562961,537.7063282708285,487.03136396900004,537.3463865310073,490.7719748925149,536.9653584109476,494.51067682623113,536.5660232394353
74,331.2389431130603,503.0709094053328,332.41563026157365,506.64169753939035,333.7716124761387,510.1481025253376,335.3492994516669,513.5602038876577,337.18194734080345,516.8421559206979,339.2836739776048,519.9584785443676,341.6482242590244,522.8803523227295,344.2606104297735,525.5828915130046,347.1010507132942,528.0446661558107,350.1446708652346,530.250375074096,353.3643117864128,532.1902648221975,356.7318382367426,533.8605036550161,360.2175265594434,535.2680712589106,363.7907910355352,536.4362166983699,367.42560176014496,537.3965952528831,371.10228934915466,538.1822057967062,374.8071975983585,538.8221430923747,378.531459296186,539.3380251213417,382.26930848089887,539.744194191686,386.01653397707736,540.0523819406551,389.7699023607352,540.273895350852,393.5269817085469,540.4199656881283,397.2860295876872,540.5015521517869,401.0458724633044,540.529342974805,404.8057940840015,540.5135271448659,408.5654179926808,540.4631811663606,412.3245702229478,540.3850292410057,416.0831745383491,540.2838289483025,419.8412123316581,540.1633640280655,423.598724563505,540.0274536994883,427.355807396588,539.880123909682,431.1125970010614,539.725481365489,434.86925563911103,539.5676824248268,438.6259599525391,539.4109771811488,442.3828889097248,539.2597665595889,446.14019918733675,539.1183717713288,449.8980019121113,538.990765208995,453.6563434550469,538.8801924740444,457.41519411850163,538.7885684551587,461.1744708620677,538.7165134788903,464.934045299829,538.6620538094649,468.6937876880868,538.6206954873942,472.45363692060073,538.5905429261097,476.2135536847348,538.5704622175024,479.97350778157846,538.5593192415427,483.7334771007353,538.5559798269378,487.4934465937117,538.5593098665051,491.2534072467803,538.5681753878074,495.0133550539585,538.5814425855589,498.7732899826991,538.5979795623379
75,332.95180039428084,507.7257930824823,334.4407947027403,511.1777311702799,336.14273583965,514.5297573827775,338.057435698601,517.7649254733509,340.18235847255687,520.866030012144,342.51302726444123,523.8155808368874,345.044343180984,526.594770786304,347.7720901044436,529.1813161830484,350.6921975238416,531.54835227161,353.79877534236107,533.6644621742241,357.0814753182161,535.4951411992218,360.5225298590339,537.0069870204602,364.0910813450947,538.1872251317639,367.74828189349904,539.0561814276947,371.4578454823442,539.666116585146,375.1953167837364,540.0737409775021,378.9462342037597,540.3320367875086,382.7029817238736,540.4857005764894,386.46202891020283,540.5672308242683,390.22186918336513,540.595721841333,393.9818054319454,540.5832248416128,397.7414990978173,540.5382932188809,401.5007900737581,540.4670979433853,405.259592902709,540.3735533110312,409.0178680377629,540.2607408348673,412.7756189205312,540.1316094273122,416.5328892668817,539.989156554479,420.2897584892624,539.8364732270344,424.0463356901507,539.6767545563812,427.80275412636354,539.5133380900844,431.5591599578623,539.3496315700719,435.3156814097415,539.1886035187327,439.0724012659506,539.0322761098539,442.8293592042372,538.8817814154979,446.58656886779545,538.7377096793766,450.34402916952746,538.6003296111818,454.1016903233116,538.4685506670215,457.85942780637566,538.3389602648089,461.6170300433877,538.2055223196243,465.3742130211161,538.0608143326756,469.1304892190082,537.8943502594338,472.88536650950886,537.6988677765684,476.63871201254176,537.4758766601434,480.3904797486301,537.2277313501424,484.1406709985931,536.956785488902,487.8893297866092,536.6653900847595,491.6365383589463,536.3558922447031,495.3824126808254,536.0306344117107,499.12709796672465,535.6919540466915,502.87076291806716,535.3421695420883
76,333.8050530654238,511.6097188742019,335.49510486423924,514.9676134511576,337.41293388212927,518.2008561740827,339.54723778149037,521.2954804329397,341.88851931926047,524.2366149092815,344.428084229928,527.0083087256746,347.1579824486656,529.5926836993497,350.07028334480464,531.9695194000875,353.1562034638116,534.1159798209926,356.40508274046323,536.0065292586366,359.802879944336,537.6138711428617,363.32705485687984,538.9211522177242,366.947638088679,539.9318633979223,370.63320027516784,540.672470339358,374.358593365721,541.1773112395618,378.10575556515914,541.4830169954201,381.8627939416458,541.625413430412,385.6226016039681,541.6372728773819,389.3814458229336,541.5485977335119,393.13792092698145,541.3873802313412,396.89210245836983,541.1790554969142,400.64475720662915,540.9446607837139,404.39666924691903,540.6986163452895,408.14849903915405,540.4513168612697,411.90080837163384,540.2114248627066,415.65405541919415,539.9867142780937,419.4084078348405,539.7813159078231,423.163782356135,539.5955250894045,426.91997349617054,539.4270247389686,430.6767700724132,539.2725842892439,434.43397543811085,539.1284074416378,438.1914079459709,538.9902608608786,441.9488942697902,538.8535817739711,445.7062694766576,538.7138878124297,449.46341630213624,538.5681880477971,453.22028379633196,538.4154549870697,456.9768750306595,538.256069294637,460.7332126977475,538.0908131837198,464.4893186899426,537.920371061593,468.24519884162817,537.7450227086966,472.00084532300684,537.5647390124183,475.7562510092921,537.3795068911671,479.5114247772532,537.189630387347,483.266381623277,536.9955106321893,487.0211379044654,536.7975487222851,490.77571120865514,536.5961456937582,494.5301202256138,536.3917025210982,498.28438461834344,536.1846201184645,502.0385248944983,535.9752993431729,505.7925622106026,535.7641398050937
77,334.88418339332986,513.7741968549026,336.53999633954527,517.149100591108,338.434717100373,520.3957914361584,340.5710942985558,523.4887149084924,342.9488424883753,526.4000266548862,345.5650600855815,529.0989241231289,348.40746862029357,531.5583981213169,351.4545021924834,533.7593481799311,354.67920726938905,535.6907501146047,358.0541604964941,537.3457712136678,361.5537179668336,538.7179041783331,365.15180145296614,539.8060431269749,368.82138878345927,540.6219633430874,372.53678226862456,541.1955200200485,376.2784007167591,541.562582677233,380.03301105064276,541.7583134735618,383.79238783487824,541.8149190955774,387.5518862106357,541.7619633935561,391.3093682839155,541.6266276677918,395.0643655748607,541.433739737093,398.8172918635323,541.2038324528565,402.5687116597448,540.9504451902997,406.3190317347039,540.6812422421433,410.0685981699083,540.4017224708432,413.8177784753927,540.117062649738,417.5669700606227,539.8325517358284,421.31659447473857,539.5538131246199,425.0670734183001,539.2868408881284,428.8187167400432,539.0367835546143,432.57159533415023,538.8060095524979,436.325532222813,538.5931241293284,440.08025736155037,538.3946006308598,443.83549011284765,538.205901921424,447.59096262064617,538.0220254604675,451.3464084629924,537.837606424642,455.1015722984535,537.6475432509006,458.85628525523055,537.4487745124738,462.61058892338764,537.2424101264617,466.3647909485884,537.0341997123955,470.119294908856,536.831524371019,473.87462106303275,536.6448037722558,477.6312681313387,536.4869864025354,481.3890686762836,536.3595142968398,485.1477222342407,536.2602804930365,488.9069759117957,536.1871722483531,492.66662094320964,536.1380740142932,496.426489151154,536.1108695141926,500.1864493583556,536.1034433398829,503.94640377472365,536.1136821097725,507.70628421659296,536.1394947229624
78,336.77804425195666,517.7354263186306,338.64691605290216,520.9972897504008,340.7451391038813,524.1161934758759,343.1037632172583,527.042688233027,345.73437784514215,529.7269912737737,348.61706941978576,532.138767527881,351.7119534850666,534.271776397121,354.9795505232735,536.129747443742,358.3880017106525,537.7148157652766,361.90951827609854,539.0299580987769,365.5182271288215,540.0829441710839,369.19020684034956,540.8885722889393,372.90514819344065,541.4652613013027,376.64634308060556,541.8364522633657,380.4009751688475,542.0314562055734,384.1604034913845,542.0842845429216,387.9198565978995,542.0279561877411,391.6772219654311,541.8894817192987,395.4318128296173,541.6890030104014,399.18363993387334,541.4419209384669,402.93319842751157,541.1623820507804,406.6813552887671,540.8645659358881,410.4291642243605,540.5623866571578,414.17757196186517,540.2677461072658,417.92702973352465,539.9867980810874,421.67755675467095,539.7204972879081,425.4289488177491,539.4666620863303,429.1809653376271,539.222220115216,432.93335955886744,538.9836388754564,436.6858822976106,538.7470848256115,440.4383113976747,538.5090513963295,444.19051158325533,538.2674372613934,447.9425223982295,538.0228984039271,451.6945192220492,537.7781447659295,455.44674775588135,537.5369743607326,459.1994617961384,537.3034919095215,462.95290731888423,537.082100138626,466.7073108772099,536.8776316544316,470.4628518149333,536.6952964196714,474.21965124241547,536.5411639677446,477.97778396217666,536.4242144890673,481.7370759643919,536.3543017475212,485.4969764228141,536.3363306457825,489.2568014499043,536.3667442063712,493.01601723952626,536.4411591993872,496.7742439446855,536.5551835086113,500.5312402221183,536.7044277645476,504.28688745534055,536.8845135610272,508.0411739212124,537.091078643492,511.79417872700884,537.3197850936823
79,338.85066772141107,519.9657177340614,340.90885539567023,523.1118116766095,343.13937020448196,526.1380717258234,345.55000046070813,529.0227709430235,348.1493630436311,531.7384337371866,350.9460159119572,534.2501399500627,353.9463033578657,536.5142223362375,357.1517406739139,538.476351583949,360.5540234211929,540.0721255251601,364.1137671820387,541.2770641259917,367.77357093976866,542.1346917658714,371.4839511075131,542.7400766057589,375.22076571001276,543.1538322919415,378.9718504391712,543.4086464309136,382.72983166199555,543.5253142920827,386.4896713372898,543.5234323646869,390.24814047487155,543.4205385242145,394.00335504957883,543.2327681967745,397.754459393063,542.9753196419601,401.50139133322824,542.6627579497822,405.2446724509297,542.309019786149,408.9850513975089,541.9257440356854,412.72325134513216,541.5217380376293,416.4598906746519,541.1035265918547,420.1955995056537,540.6770739242121,423.9310328588832,540.2482122381485,427.66682854418616,539.8225216468054,431.4035494236001,539.4050377622336,435.14163086244554,538.9999267113062,438.8814029960249,538.6107437302092,442.62312943042286,538.2408362824466,446.36702794883115,537.8936201362869,450.11326576344504,537.5726504305444,453.8619557072303,537.2817492273884,457.6131241701172,537.0248184177125,461.3666337728237,536.8047346752076,465.12210535050633,536.6211172725617,468.87904067828885,536.4702982995428,472.636970329203,536.3465953396244,476.39552308896674,536.2434369005051,480.15442130197306,536.1536480200978,483.91340915387224,536.0676543203609,487.6723489855191,535.979588248938,491.4312341319194,535.8892180263174,495.1900651357869,535.7966230244151,498.9488426807249,535.701882612253,502.70756758621934,535.6050761567859,506.4662408026039,535.506283022526,510.2248634060261,535.4055825712119,513.9834365479212,535.303052505626
80,341.0367408125295,525.1673766415327,343.339372699126,528.138817421027,345.851381074841,530.935374699539,348.57155379163777,533.5297136855968,351.49773490671225,535.8889858304652,354.6235120332482,537.976299455926,357.9335512348179,539.7567329595445,361.40311987448825,541.2016813873347,364.9986420802559,542.2965699019067,368.6800086166932,543.0555798286887,372.4104156801824,543.5197149002609,376.1633801968682,543.740377378104,379.9229367544622,543.7653383218503,383.6804857606164,543.6360929463357,387.43217578088115,543.3884127453404,391.177021093929,543.052194300641,394.9155525301136,542.6515418423162,398.6490102529291,542.2059294073694,402.3791287837156,541.7330963051554,406.1079218631741,541.2498922509853,409.8373005861411,540.771237732524,413.5685369735199,540.3073073686564,417.3022466344881,539.863735827336,421.0387052794523,539.4439643335356,424.7780806522768,539.0510399431311,428.5204787077599,538.6880536362777,432.26594115456084,538.3582118633884,436.0144249221962,538.0647239771033,439.7657232314347,537.8097255329909,443.51936972461243,537.591965545751,447.27473521624194,537.4060928561101,451.0312223848976,537.2443640120821,454.788349014869,537.0981658777773,458.54573230491627,536.9586846032734,462.3030311987794,536.8169596310097,466.0599061219546,536.6644556219687,469.8160457339648,536.4948324293953,473.571317979665,536.3069723790491,477.32589937098356,536.1057376254025,481.08017168701247,535.8987984693325,484.83473787406666,535.6973036629055,488.5904333953126,535.5182126266582,492.3473109042816,535.3658954449038,496.1051249690986,535.2387363905365,499.863661940928,535.1350918591245,503.6227390830403,535.053315724892,507.3822024439824,534.9917606860864,511.1419246978936,534.9487793451214,514.901802964677,534.9227250430163,518.6617566497205,534.9119632284269
81,342.3176018233418,527.4252740423805,344.79478489185186,530.2528916666388,347.46357586911176,532.900345617626,350.31930151140295,535.3448399482209,353.35868015791607,537.5565582507149,356.57795636498525,539.4966361055087,359.967668431544,541.1201728099728,363.5032204794905,542.3951062041375,367.1447997685337,543.3260948719287,370.85212599362956,543.947490327842,374.59449541879786,544.30404855419,378.35164657766353,544.4374238121158,382.11094929688835,544.385332074164,385.86518963295333,544.1815381855148,389.6109108901758,543.8559770292816,393.3472184652719,543.4354684794451,397.0750097809106,542.9448837213781,400.79630984304566,542.4071125040593,404.51361674377716,541.842324568848,408.2293041344503,541.2669543027132,411.9456809787818,540.696063772292,415.66474231186896,540.1429626100083,419.38781940128865,539.6176035571169,423.115364180344,539.124962488135,426.8474562709072,538.668060919662,430.58404393799407,538.2495330429464,434.3249960539114,537.872021978027,438.07004550349103,537.5376149455891,441.81884763308943,537.2483189670584,445.57089129546347,537.0046251650612,449.32547726993073,536.8037825142765,453.08182392199024,536.6389824689224,456.8393093034174,536.5024562842835,460.59748805438113,536.3864645692892,464.35604631194366,536.2834230584348,468.114749755242,536.1857866921749,471.87339737392364,536.0860374889518,475.6317760895034,535.97667840272,479.38961202774175,535.8501202639865,483.1465522307421,535.6993539161684,486.9024868628063,535.5252676569085,490.6579199260622,535.34058810504,494.41409170830195,535.1718971866724,498.172216742451,535.0555159856777,501.93175470353725,535.0010453247212,505.6916924659255,535.0036921902839,509.4512368951919,535.0585284494364,513.2098001814022,535.160615001124,516.966980126736,535.3050196723254,520.7225374850947,535.4868767148374
82,345.2423459451264,530.1570113680768,347.975956889487,532.7373670665131,350.8929025885354,535.1085632801673,353.974832211146,537.2609896391477,357.2057099302285,539.182571050792,360.57271883453535,540.8539716719563,364.0640855111943,542.2465814999874,367.6648039519406,543.3246983209538,371.3512606278977,544.0574066773972,375.08905659205305,544.4547536012404,378.84666375093855,544.5673949036743,382.60484203042256,544.4644890858984,386.35511012436086,544.1976551683941,390.0944699188751,543.8057409367326,393.82291020582693,543.3203613455664,397.54224949787516,542.7693034917631,401.25537346155977,542.1776738404704,404.9657236357368,541.5688366854581,408.6766958440667,540.9638122108099,412.3909892433716,540.3795615853545,416.1100227213563,539.826320495746,419.83413099671213,539.3083502775662,423.56308168893446,538.8264753326014,427.2964733293991,538.3803064773938,431.03390692406015,537.9693648505382,434.77499491816786,537.593137846309,438.5193642223202,537.2511031248591,442.2666574874584,536.9427437966958,446.01653029394646,536.6675173395442,449.76864212285847,536.424706208886,453.52262929743836,536.21282953975,457.2781074658586,536.0292250001414,461.0347035066274,535.8700716969785,464.79209756670105,535.7309722558932,468.55002813573054,535.6071617122896,472.3082831620331,535.4935875876869,476.06668425374585,535.3849342149311,479.82506174200864,535.2754709604433,483.58324360285945,535.1595106265875,487.34100820599133,535.0307995090654,491.09803944635394,534.8822527679482,494.8543772244438,534.7170338360079,498.6101887772682,534.5402425847254,502.3655320127101,534.3537607077939,506.12047103199603,534.1593037134501,509.8750808566417,533.958586509614,513.6294450776962,533.7533234777866,517.3836535097587,533.5452286294079,521.1377998487554,533.3360158218815,524.891979531279,533.1274026107267
83,347.6221326980358,533.1848644824977,350.4091568932548,535.7076338049542,353.36647133782657,538.0283351175648,356.49062591935,540.118699105325,359.78310850472576,541.931585141337,363.24466882524257,543.3946900751015,366.85096770610323,544.4509872874577,370.5525697711362,545.1018310681707,374.29844204654177,545.4157056105361,378.0574447163303,545.472975303609,381.81458310397375,545.3354359853685,385.56336771136654,545.0480678899197,389.30160559026774,544.6454525010246,393.0290019452487,544.1521388850429,396.7461038315763,543.5862881248631,400.4542658779826,542.9644127559973,404.1558102552878,542.3041994040328,407.8538143349064,541.6243894223849,411.55180823781865,540.9445236092863,415.25291555323935,540.2818480332896,418.9591534535418,539.6485289894913,422.6712786720686,539.0507070113383,426.3895225476879,538.4922213835926,430.1138994942257,537.976238385522,433.84430023180283,537.505802009767,437.580490237711,537.0838286999742,441.32211735589044,536.7131791058954,445.0686235175915,536.3956257041995,448.8192235699406,536.1307361518448,452.57298440313025,535.9151395091412,456.3290271524671,535.7437133369712,460.08663006751146,535.6106659346456,463.8452463758825,535.5100844900153,467.6044809039553,535.4359530563447,471.36406265843374,535.3820474626993,475.12381789956584,535.3418425140626,478.8836406767908,535.308427974339,482.64345796753116,535.2744139991821,486.4031864078014,535.2318298261209,490.1626781249355,535.1720958192418,493.9216532441634,535.0860108418605,497.6796624962014,534.9650162615076,501.4363689012386,534.8086604538461,505.19158946282124,534.6199157605957,508.9452186626444,534.4017683810175,512.697220935708,534.157202742155,516.4476233921406,533.8891984247462,520.1965085351513,533.6007281392887,523.9440070226616,533.2947566293968,527.6902889357134,532.9742222898426
84,349.7361656774831,535.9681943086508,352.69587585876786,538.2858782397896,355.81608371565574,540.3823544678331,359.0881134036382,542.2327327669101,362.4998337653878,543.8105184355721,366.03467341533934,545.088431972466,369.6721784281156,546.0346304014864,373.3852670607154,546.6161808099596,377.13799549699814,546.8256511022009,380.8950117160656,546.7035918584337,384.63521596697785,546.3237845277864,388.3519921066049,545.7572675484782,392.04708918423444,545.0624795193278,395.72618325239483,544.2870136454039,399.3967280806219,543.4718777935026,403.06627587901716,542.6522488693541,406.74042072390426,541.8535169545983,410.4217309551673,541.0885172672922,414.11067869916525,540.3612480574578,417.8072840884258,539.6739714470579,421.5115514212611,539.029282514576,425.22346982737236,538.4302350548767,428.9429605046324,537.8801824404258,432.6698196821658,537.3825272273932,436.4036673293494,536.9403769680783,440.14385823742,536.5555569683554,443.88937323498163,536.2265273436989,447.63900710439344,535.9482383654698,451.39164411870513,535.7137888085903,455.1463970883656,535.5159902453812,458.90260103736824,535.347883870834,462.65976336533555,535.2026792011557,466.4175324231145,535.0740675009632,470.1756809926666,534.9570387337134,473.93410612766763,534.8492476621548,477.6927840172141,534.7506701605975,481.4517196971574,534.6624821840537,485.2109160514701,534.586232433092,488.9703649012984,534.5236901120527,492.7300390691068,534.4766508415111,496.4898917760734,534.4472776148718,500.2498458947299,534.4372982982239,504.0098044226068,534.4457242310286,507.7696876851099,534.4710456574509,511.5294363637642,534.5117521173775,515.2890096780109,534.5663330841801,519.0483835590647,534.6332784243043,522.80754882065,534.7110787157255,526.5665093305978,534.7982254407615,530.3252801253109,534.8932133849164
85,352.07625640087986,537.6542276055634,355.22651540813104,539.7049003877876,358.5400823989989,541.4793616941516,361.99975184082825,542.9484241046248,365.5826232158859,544.0840475819775,369.25685608921293,544.8761645824544,372.9867676511902,545.3422951545067,376.74156947190704,545.524710308514,380.50068640544777,545.4720272090952,384.25264980692316,545.2314232462452,387.99258465316586,544.8454844728121,391.71985732981454,544.3513903220296,395.43642879173586,543.782024552669,399.1454998240107,543.1655224967508,402.8503004551791,542.5237970427894,406.5532193798541,541.871283594353,410.2559765102126,541.2178515309793,413.95983745862173,540.5707105542168,417.6657073342103,539.9351812599676,421.3741954390953,539.3151205319125,425.08584591775764,538.7142896444047,428.8011578582478,538.1365448039957,432.52056363872134,537.5857861763559,436.2444013811578,537.0658557708038,439.9728874846575,536.5804009836667,443.7061001684499,536.1327645091922,447.44396683973986,535.725835495832,451.1862640231408,535.3619180527816,454.93264916854304,535.0428410419406,458.68270871709007,534.7703490055708,462.4359420349634,534.5457768041404,466.19174035237774,534.3692001433639,469.9494202648559,534.2385721827443,473.708338692465,534.1503486285158,477.46796192418304,534.1002292325197,481.2278864281443,534.0837524770748,484.98782879738735,534.0963644805646,488.747611829593,534.1334572308854,492.5071494307085,534.1903499816617,496.2664301972717,534.2623179719775,500.0254958616223,534.3448075553515,503.78443603537403,534.4328572931109,507.54332898683214,534.5229034661253,511.3021856450191,534.6144523723462,515.0610099320564,534.7073210857346,518.8198059627523,534.8013266844587,522.5785780178866,534.8962862506795,526.337330517504,534.9920168701561,530.0960679942054,535.088335631704,533.8547950589492,535.1850599175798
86,353.51544175105465,538.8736528014097,356.8345321864142,540.6379635380091,360.2843409996867,542.1311139315982,363.83233287782497,543.3736456485432,367.4525453990055,544.3870538733613,371.12832898350825,545.1754065494143,374.84781441216023,545.7205699513411,378.59673793422405,545.9974230430593,382.35593094618037,545.99858160861,386.1072561148606,545.7522586295752,389.83992646862276,545.3029304271537,393.5509453534317,544.6993641450982,397.24327189752626,543.9897622365806,400.92401529728915,543.2220363458797,404.6012925497474,542.437807500188,408.2814920171158,541.667438977533,411.96791334436745,540.9274523496251,415.6613846605232,540.2235087483367,419.3617382757189,539.5566866776749,423.0685450227639,538.9267229299095,426.78138731835156,538.3333641694821,430.4998568581047,537.7763555381835,434.223564618188,537.2555139332864,437.95214100286273,536.7707520520015,441.68523249285505,536.3220832489424,445.4224998776316,535.9096425345637,449.1636161351287,535.5337143381674,452.90826390310195,535.194771145267,456.6561289697449,534.8934866295583,460.40688701365696,534.6306674149426,464.16018943288196,534.40711449539,467.9156619095233,534.2236029162066,471.6729009401724,534.0807653877176,475.43146513201276,533.978553042865,479.1908842226442,533.9149929039876,482.95073168406884,533.8858325130421,486.71069615141516,533.8849293717269,490.47060815350903,533.9054328155471,494.2304215976569,533.9397765322816,497.9901770493123,533.980066389288,501.7499650207555,534.0170945466609,505.5098742466887,534.037858670291,509.26984126073756,534.0380516081318,513.0297604220793,534.0189675697375,516.7895465057358,533.9819686707187,520.5491337573304,533.9284175807808,524.3084744103498,533.8596769202015,528.0675371956889,533.7771087932854,531.8263058481102,533.6820744475381,535.5847772584848,533.5759219539098
87,357.2566794544313,541.9987454493563,360.694048045696,543.5193831929072,364.2551913160272,544.7219601710248,367.908113191181,545.6080313378257,371.6212007289979,546.1940064478414,375.36747806654074,546.5058113045405,379.1262619008831,546.5741186915022,382.8830896471279,546.4309912286491,386.6288508214749,546.1078690288933,390.3586905589547,545.6344475961138,394.07094745678455,545.0381959178991,397.766275462979,544.3444276656701,401.44699744569664,543.5767468615204,405.1166149845997,542.7575104425357,408.7794620515975,541.9084492560665,412.44058315887617,541.0519591759363,416.1046904780868,540.2083593941724,419.77516664686516,539.392948592199,423.45362698063053,538.6143760452353,427.14092624365156,537.8788291052106,430.83759355763584,537.1919450231095,434.54390975465793,536.559226463747,438.25982499883764,535.9856048516891,441.9849611224101,535.475321817835,445.71862683585454,535.0317703760279,449.4598595763063,534.6573977023073,453.207489440058,534.3536935903298,456.9602129634613,534.1212426203033,460.7165976354528,533.9581972945997,464.47522477192655,533.85913633286,468.2349099365318,533.8150295416725,471.99486327176675,533.816163645083,475.7546417027295,533.8531741118873,479.5140634143613,533.9171369320187,483.27313750279876,533.9991828586117,487.03200954715174,534.0900903378332,490.7909025138711,534.1801201649821,494.55006081789475,534.2581259042817,498.30965496267424,534.3105492142083,502.069581669199,534.3229953263362,505.82931045832396,534.2834876186579,509.5882117004663,534.1944323584036,513.3464426209448,534.0801555030461,517.104130615677,533.9492143026526,520.8612833037308,533.8037036488317,524.617932442039,533.6457124644121,528.3741305905927,533.477328959777,532.1299476194462,533.3006404289732,535.8854672229353,533.1177332478956,539.640783386149,532.9306919113831
88,359.7513064809211,542.7765810615568,363.3039385509633,544.004812949094,366.94279596328704,544.9477703960093,370.642172371799,545.6155048316624,374.37936361797006,546.0222644271088,378.1352326333174,546.1842242697791,381.89414395617183,546.1198643870874,385.6441451600433,545.8517677912399,389.3775478568514,545.4079977360489,393.09085663563,544.8186845178259,396.78404172959665,544.1137751764576,400.45962648738305,543.3219409193937,404.1219181937769,542.4705779023908,407.77640281186063,541.5862185633724,411.4291809312547,540.6948191374468,415.086270666422,539.8213178271673,418.75251495038134,538.9871520275763,422.43079890644844,538.2078609730269,426.1219925822449,537.4922444712072,429.82540459011267,536.8428171995852,433.53958502163516,536.2580867637718,437.2629886474298,535.7352632533434,440.99416820982697,535.2711372757267,444.7317974507562,534.8621428904784,448.47468958913737,534.5044543790576,452.2218105179031,534.1941338389598,455.9723000328479,533.9275515552189,459.725470482178,533.7017935556885,463.4807668280316,533.5146646534218,467.2377169367199,533.3643172147399,470.9959103877856,533.2491250926627,474.7549863220385,533.1676167449707,478.5146228777329,533.1182472383182,482.27453575720256,533.098984087542,486.03449066642776,533.1072349021482,489.79431361966465,533.1399882005048,493.5538911076536,533.194114368733,497.3131644101533,533.2664086227924,501.0721250143335,533.3535058475775,504.83080870210995,533.4518635614534,508.5892856578244,533.5578501476424,512.3476823093619,533.6666588119824,516.1060954099231,533.7748976684423,519.8645336132314,533.8822612886935,523.622998578328,533.9886838943653,527.3814919148373,534.0940997061413,531.1400151795359,534.1984429429392,534.898569872897,534.3016478218664,538.6571574356361,534.4036485581936,542.4157792923901,534.5043775974814
89,362.0942461308656,544.5313473096542,365.7166479190651,545.5358853922854,369.4029190926254,546.2726393486198,373.13171224742445,546.7502838531999,376.88387887775025,546.9826416610081,380.6433263544721,546.9873035343985,384.3973415207589,546.7835762214216,388.13642571874306,546.3911816116527,391.85390184448653,545.8294017234812,395.54540213913623,545.1163159059549,399.2094601532163,544.2731905954696,402.8485846645322,543.327927146503,406.4697739566359,542.3159174973748,410.08253313231216,541.2741197284068,413.69718207360495,540.2389179346917,417.32342227758795,539.2452046566203,420.96869303388877,538.323916590051,424.63566735032236,537.4933247477468,428.32296631705566,536.7581675019906,432.02726349901565,536.1140266503867,435.74517792922,535.5537077532549,439.47382016550785,535.0697969797261,443.2107845925275,534.6549162401652,446.95409855140537,534.3017810033285,450.70217438321174,534.0032920370803,454.453751904497,533.7525155166533,458.20784388978086,533.5426054633858,461.96370362528114,533.3670451306888,465.7208011222234,533.2202649680255,469.47880194064027,533.0987445986517,473.2374878298608,533.0006534009073,476.9966945423115,532.9250942664319,480.7562771775089,532.8713819374475,484.5161035498971,532.8389134365025,488.2760521519823,532.8272397495679,492.0360084397406,532.836118951658,495.7958604140668,532.8655014113992,499.5554963726206,532.915377733146,503.31480422182653,532.9857664499085,507.07367199231044,533.0766690354505,510.83198741557226,533.188091438087,514.5896325276536,533.3202013999439,518.3465267228408,533.4721902411546,522.1026336596276,533.6425425116915,525.8579398537337,533.8297291517554,529.6124523573162,534.0322215208263,533.3661968719349,534.2484919138918,537.1192158617469,534.4770139181084,540.8715666710501,534.7162626259953,544.6233192077668,534.9647213679766
90,365.39687242489487,546.0159343101999,369.0920981560984,546.7055180683233,372.8291233691125,547.1127730310935,376.5854993397324,547.26136400654,380.3440554712788,547.1790632808406,384.0928228205334,546.8941295254198,387.8243067279214,546.4345166033858,391.53463774976206,545.8268287245872,395.22280558214567,545.0962439211098,398.89000983178727,544.2665853412263,402.5391452786687,543.3605912628581,406.17456292703685,542.4009215419411,409.8019700810409,541.4113388304615,413.4281092524246,540.4171094597111,417.05997694262544,539.4440600916568,420.70321106866487,538.5145553950786,424.36135380269184,537.6456591131292,428.0361134521787,536.8500508322888,431.72786072631146,536.1374833423738,435.435459721296,535.5126392499673,439.1566606233215,534.9746386737241,442.8888088327366,534.5186404405581,446.6294408195481,534.1383508466356,450.376481435648,533.8273693822559,454.1282167045802,533.5792280241733,457.883234843471,533.3868691064539,461.6403987562127,533.2421282498789,465.3988616306777,533.1360849525483,469.1580550126393,533.0599558533871,472.9176259880339,533.0053120656443,476.6773689748888,532.9639565517687,480.437166578198,532.9278106325007,484.19692623145846,532.8879824901962,487.95655375202534,532.8372643894472,491.7160195720166,532.7756324065342,495.47555768416834,532.7187868514552,499.2354435004309,532.6999977750473,502.99485819514206,532.7586935098876,506.7514103539813,532.9168450880517,510.50452263076875,533.1434927186295,514.2568445321101,533.383145417665,518.01167601666,533.5786829696976,521.7698891433213,533.6907566128775,525.529695774209,533.7167629090825,529.2892268182535,533.6634924974559,533.0470451481062,533.5378161670271,536.8021100329613,533.3466234516616,540.5537375340085,533.0967760708209,544.3015591508231,532.7950753752574,548.0454786735271,532.4482241663484
91,368.36526118388235,546.8111209498508,372.0870426285849,547.3385742781178,375.8390839139026,547.5672842318719,379.597823717101,547.5101653212023,383.3446640433754,547.2031961215114,387.06905382304325,546.6899032362811,390.7676257097736,546.0144282483811,394.442424193397,545.2191966267975,398.0991656938157,544.3443841993469,401.74459906131324,543.4234537136903,405.3846509998665,542.4814374335157,409.02370834724417,541.5355803961626,412.66487259454914,540.5978743040612,416.3103266683745,539.6769986320224,419.9618685779484,538.7805854997538,423.6211421969553,537.9163002413962,427.289581368099,537.0918162987447,430.9683919679391,536.3149576892132,434.6583743437992,535.5930686486532,438.35973159221635,534.9320052657358,442.0719804070723,534.3351530149527,445.79426067750677,533.8044571421337,449.5255982560634,533.3417406075661,453.26488728041664,532.9484188991927,457.0108709384351,532.625054173989,460.7625521683,532.3764721632868,464.5181199153416,532.1953032508687,468.2761709670306,532.0771901903881,472.035904399985,532.0388084575833,475.7957885688887,532.0137927803235,479.55546706190637,532.040973084331,483.3123513455497,532.1918630066597,487.0689992540158,532.3496830881201,490.8266963822224,532.4802518427056,494.5850779552171,532.5894525267507,498.34387793584466,532.6832323378791,502.102903483761,532.7675422198087,505.86200674175495,532.8483343504764,509.621063076466,532.9312731370884,513.3802188029513,533.0094430230641,517.1397729522355,533.0650447504312,520.8995680587735,533.1012142937832,524.6594263283505,533.1303755417655,528.4192694051558,533.1614280177058,532.179090199657,533.1950696110684,535.9388856846903,533.231429158222,539.6986525536342,533.2706354942316,543.4583872071399,533.3128174539953,547.2180857398818,533.3581038711511,550.9777438607368,533.4066286051662
92,371.9534145723648,547.7138514922734,375.70879167802497,547.8866077359461,379.4678626914182,547.8323790142101,383.2184358072554,547.5726994691072,386.951551274952,547.1270335789686,390.6606560633863,546.512440892013,394.3407688575696,545.7428505680483,397.9891917868195,544.8345847560307,401.6072346967645,543.811700258465,405.20174305425417,542.7087266373571,408.78296378088714,541.5632177570296,412.3625996581785,540.412751287113,415.95192057716486,539.2929480579255,419.5597599511059,538.2344584092325,423.1903520136939,537.2569614332472,426.8443975055677,536.371211402201,430.52051043034436,535.5820621807801,434.21627426473975,534.8907485533567,437.9284672590438,534.2938418224476,441.6538215689256,533.785399656165,445.38943541948674,533.3587136008383,449.1328791649048,533.0071649088577,452.88212207984304,532.723947292823,456.6355780265491,532.5033725950932,460.39190871783927,532.3385800071219,464.15002224975336,532.2212541770149,467.90947610211515,532.1615867682972,471.66942127353485,532.1580515931514,475.4292264395467,532.1924384583546,479.1888156238912,532.2459698850093,482.9483994905722,532.29988445088,486.7081904673884,532.3360189644147,490.46798315328556,532.3713657680961,494.226987128104,532.4556752122733,497.9854541571291,532.5620145346105,501.74375235967034,532.6741533960516,505.5018861825827,532.7916875857128,509.2600220854195,532.909156083593,513.0182796294241,533.0226559682023,516.7767635121179,533.1283707048822,520.5355811035108,533.2214014734448,524.2947893687483,533.2969753034265,528.0543064387853,533.3552270197717,531.8140381842367,533.3974463271672,535.5739069830612,533.4249238599505,539.3338504008154,533.4389506673874,543.0938198623662,533.4408178187733,546.8537793188325,533.4318161085538,550.6137039126559,533.413235851835,554.3735785523539,533.386355210555
93,374.90941854133996,548.5682247813822,378.6684387358442,548.5424334319868,382.4161904068122,548.2483925580063,386.13836032356335,547.7202423415074,389.82761296086835,546.9962670136133,393.4825017221257,546.1145182523844,397.1058913139667,545.110799596026,400.7033709472717,544.0176262924563,404.28184633370086,542.863636192977,407.8489591969963,541.6749205384262,411.41292031991225,540.476770381181,414.982359972974,539.2950745426969,418.5655703970268,538.1559050804052,422.16978718552673,537.0851981575152,425.80041051032686,536.1079643695764,429.4599944841199,535.2456882470891,433.14682497262874,534.5086075889849,436.8561585940464,533.8945603504122,440.5823274008404,533.3924515667346,444.3205904241033,532.9899007657269,448.0672879017643,532.6751245648962,451.8196683124082,532.4372141832679,455.57569848782356,532.2660225185862,459.3339112958866,532.1520409515805,463.0932960720664,532.0868795802364,466.8531669419135,532.0611692765285,470.6131227751415,532.0670414198597,474.37292292020516,532.1024037435552,478.13273605290095,532.1365701746913,481.8918000978776,532.212449665175,485.65012044759254,532.3062239447285,489.39686770446315,532.0129887883973,493.1436514761224,531.7153983660115,496.9022376329154,531.7730226042449,500.6531599589588,532.0317165776527,504.40265953838974,532.3113857872279,508.15989970312717,532.4407331365011,511.91983662012166,532.4320501949787,515.6798047790269,532.4303627637701,519.43977578987,532.4318303828661,523.1997325833597,532.4410928072317,526.9595531357191,532.4737003754398,530.7189646860181,532.5379328792482,534.4777251032027,532.6329708327812,538.2356543641072,532.7566237913361,541.992622471208,532.9066989132423,545.7485456007065,533.0810034495858,549.5033822010258,533.2773466788467,553.2571290723167,533.4935413218154,557.0098166387119,533.7274171478331
94,377.17803000344634,548.981620684127,380.9257663678756,548.6869716693728,384.6481676358909,548.1604830315562,388.3370969908458,547.4349786526104,391.98970831526344,546.5439827630971,395.6072427458716,545.5194870743621,399.19397725908436,544.391659540114,402.7554246835121,543.1862214994349,406.2985411601917,541.9278254988078,409.8334985431295,540.6466317241222,413.3757086967638,539.3856980058129,416.9410516885012,538.1919764069687,420.5393892239657,537.1019547222927,424.1724630826594,536.1340808598534,427.8367409175413,535.2920221415623,431.528060956859,534.5777879705311,435.2415949210311,533.9897669640401,438.9717704564831,533.5183819149222,442.71306732141875,533.1449912401465,446.46168939506094,532.8538622571568,450.2146355955289,532.6245451813759,453.97019947416135,532.4432588910713,457.72808583527274,532.318569769014,461.4854387901084,532.1790736689345,465.2434352599973,532.0617757723954,469.0029977076476,532.0951723754004,472.75909672258837,532.2626142844399,476.5099497885434,532.5234629235521,480.256803527902,532.837126381148,484.0061556120419,533.1172906292146,487.764515746782,533.1744377730012,491.5070098559199,532.8318591543649,495.23456143516586,532.3406343876827,498.9823669219497,532.0441564561215,502.74014968584277,531.9230241193519,506.5000385807468,531.9191567695941,510.2597911303289,531.9596291690056,514.0195556541424,531.9990293342044,517.7791529803429,532.0518422727237,521.5384974305516,532.1203600954573,525.2974710554656,532.2067719037617,529.0558464389061,532.3160777011668,532.8133737239696,532.4514200125076,536.5699183720069,532.6117627674338,540.3254174352751,532.7949901205153,544.0798470563188,532.9989777477973,547.8332186063183,533.2216013188669,551.585575035529,533.460737782957,555.336987226164,533.7142661392762,559.0875495093043,533.9800796029344
95,381.4870909478642,548.9033184323254,385.1940799685356,548.2767805034839,388.86676194193745,547.4727586010287,392.5023543166301,546.5146226175023,396.09996398518115,545.422277015492,399.6619356101283,544.2185883839834,403.1968583869045,542.9374152916088,406.7194965429403,541.6227315976804,410.24735017500603,540.3221525696621,413.7956480183327,539.0785939847586,417.37298257661956,537.921346337271,420.9811265985793,536.8641050256048,424.61759004372664,535.9088029424694,428.27937034500286,535.0556666641725,431.96365270023773,534.305650426654,435.66748727386613,533.6590404783528,439.3874877243663,533.1129834078339,443.12009273660345,532.6609145760191,446.862149553418,532.295082316797,450.6110680702915,532.0078000823279,454.36477849347017,531.7917803008306,458.12164372076916,531.6399754535228,461.8803940011977,531.5454062621903,465.64008039913244,531.5011012179749,469.4000342914548,531.5000941870165,473.1598277274139,531.5354381713862,476.91923563245746,531.6001078369134,480.678193682244,531.6872220571148,484.4367620967081,531.7898726776033,488.1951181559413,531.900067654537,491.9533673967958,532.0138516376858,495.71185848494895,532.1191432687945,499.471093648994,532.192913015547,503.23079339150246,532.2375568494833,506.9906807665312,532.2623025993553,510.7506253819615,532.2763775361356,514.5105754223533,532.2890068969292,518.2705157188193,532.3041059298133,522.0304475441421,532.2920970647159,525.7902382368885,532.2552826342803,529.5501392374325,532.2336716786068,533.3100723801641,532.2465398434484,537.0696947257386,532.2967157221268,540.8286934888018,532.3816894514232,544.5868260085746,532.4989310927632,548.3439147143285,532.6459088090388,552.0998419463277,532.820092375528,555.8545447097368,533.0189558398338,559.6080094123477,533.2399794046139,563.3602661237726,533.480658157443
96,383.76125619507644,548.732003733124,387.46689423343906,548.0977043100661,391.13404496702947,547.2693137004813,394.75353088540913,546.2526243955963,398.3179575720612,545.0569309097366,401.8302829628395,543.7154653221439,405.307201548018,542.2843390785181,408.775448047442,540.8322274098656,412.26171562244963,539.424097291734,415.78378191945205,538.108321300641,419.34827713000857,536.912372455681,422.95391990057783,535.8469451964936,426.59688346958524,534.9171465303523,430.2730339226643,534.12878315375,433.97704688009725,533.4838350574017,437.7023607138086,532.9758855466312,441.4421992050624,532.5886384581672,445.19121316834617,532.303017852227,448.94566589403627,532.1005012439698,452.70312557762014,531.9641088094129,456.4620932561725,531.8781116310821,460.22171829379056,531.8277496292119,463.9815889756552,531.8007346577732,467.74153934420343,531.7887029996588,471.5015095290387,531.787821643456,475.2614706065408,531.7962580160807,479.02140328734015,531.8131528546205,482.7812980569121,531.8371025627239,486.54115743994356,531.8660624916909,490.300933374747,531.9043021055395,494.06076710554197,531.9357513488034,497.82049166338044,531.9748713526845,501.5793094469627,532.0647123049367,505.332990864883,531.8814106400534,509.08022083983826,531.5785101577549,512.8393079144919,531.5724207167971,516.5938683303534,531.770704523601,520.3456714946208,532.0182226715366,524.1025300755076,532.1625433750736,527.8624491822043,532.1656344510549,531.6223886040596,532.1761117875141,535.3821900207447,532.2116668143174,539.1418668545177,532.2586269951478,542.9013977683916,532.3161025107911,546.6607634921164,532.3835295476986,550.4199492380303,532.4603439262376,554.1789444491998,532.5459811989888,557.9377425463451,532.6398767360558,561.6963406738613,532.7414657979073,565.4547391550934,532.8501933918647
97,386.9827713904917,548.1577798274275,390.5938377574731,547.1113088523016,394.1602804085341,545.9211269476839,397.69230952343963,544.6320979652263,401.2025598079811,543.2847387751656,404.70395401922485,541.9144769727282,408.20864256331544,540.5526806043633,411.7278283974754,539.2288752637577,415.27023638225205,537.9686325703784,418.84146060988104,536.7926415140487,422.44439502284376,535.717851916153,426.0803947228271,534.7610373752199,429.748541309844,533.9361425807962,433.44508387191144,533.2495845124976,437.16391202519816,532.696114175333,440.8986939623635,532.2628330674296,444.64416269366933,531.9340824769906,448.396383111046,531.6938992562987,452.15259746289655,531.5269296635464,455.9110008184169,531.419430989304,459.6704855526065,531.3602475593668,463.4303928742667,531.3409790325674,467.19032896118387,531.3549249263496,470.95009086199883,531.3941054308011,474.709536824458,531.4565651928473,478.468766406247,531.531214006992,482.2280770636296,531.6011824152089,485.9854424936258,531.739502608923,489.74350463623244,531.7124622597112,493.4907475249298,531.404401361524,497.24866810175155,531.3230561598306,501.00456850275697,531.490818175785,504.7553661473561,531.7531999401441,508.5095619766268,531.9578667607542,512.2690847735018,532.0005459336876,516.029033586131,531.9877348484396,519.7889786263837,531.9741383451375,523.5488639480735,531.9487736776578,527.3087459493834,531.9228670444594,531.0686597572637,531.9021788373338,534.8286182386757,531.8935735086638,538.5885605440656,531.906321083857,542.3482906261263,531.9480449887661,546.1075930495595,532.0185241818351,549.8663076380947,532.1154605721376,553.6243227371713,532.2365542035553,557.3815709835716,532.3795053422217,561.1380250345733,532.5420161536515,564.8936932854119,532.7217918643418,568.6486145055514,532.916561994738
98,388.4568566880027,548.3480446458015,392.06250199142215,547.2833224254247,395.61219733895615,546.0445278155084,399.10809336158354,544.6608406019047,402.5617786253213,543.1746124299109,405.99498719223465,541.6415021329433,409.4331101015555,540.11948523013,412.89915118574527,538.6623747888065,416.40859633848197,537.3133881573281,419.96582125064845,536.0961135705846,423.56826933308304,535.0200472120437,427.2109707162701,534.0893490193636,430.8887053721249,533.3085322619287,434.5955300807573,532.6801255910443,438.3241904216636,532.1975887605677,442.0674776461257,531.845471324726,445.8195324215879,531.6033088239891,449.5763735181242,531.4517009593641,453.3354721387291,531.372816230909,457.0953498725099,531.3502243595613,460.8552629368734,531.3687506840627,464.6149525509073,531.4144072196823,468.37445416348805,531.4738030186976,472.13392886120045,531.5349055914057,475.8935166649655,531.588529603758,479.6532560967124,531.6301174381935,483.41312082125114,531.6581617521271,487.17306350355534,531.6722822288308,490.9330328612535,531.6724346709206,494.69297903008174,531.6592431584833,498.45283963764285,531.6307567998565,502.2126158023204,531.5924523863495,505.97227276501656,531.5445567148138,509.73102311639656,531.4498412268765,513.489260748119,531.3357462940608,517.2485079249079,531.2651819604474,521.0084617088944,531.2560696934787,524.7682077061975,531.2174863533521,528.5278140799148,531.1654314654983,532.2876745736401,531.1373139539618,536.0476338176635,531.1348022257248,539.8074038441813,531.1716392785264,543.5665245581703,531.2507566019102,547.3246182943428,531.3690763394828,551.0814047548943,531.5234849502642,554.83669319542,531.710867199103,558.5903745285257,531.9281114710066,562.3424133336752,532.1721136565935,566.0928398639601,532.4397797477188,569.8417402065909,532.7280514982373
99,392.4101793736902,547.3589118057258,395.88653839100704,545.927343813114,399.30315420538307,544.3578897386824,402.6951931726022,542.7357200472533,406.0993165629962,541.1391756947912,409.5402011053156,539.6236768198567,413.02661107011215,538.2161507643574,416.5563058573813,536.9209839029198,420.1252721532462,535.7383149813852,423.7301391752916,534.6700905761065,427.3682182277376,533.721170961834,431.03688869801056,532.8985138351347,434.73346019463975,532.212190528456,438.45377745946166,531.6691718933943,442.1919864213824,531.2670889505864,445.9416647766031,530.9911221608692,449.69777618285474,530.8231711725646,453.4568678285942,530.7452694829617,457.2167897136291,530.7405811274419,460.97636596952356,530.7932139612984,464.73514770154674,530.8872900401676,468.49312578165484,531.0095302618603,472.25064926986363,531.1451798654081,476.00840104925527,531.2743337846155,479.7661388508968,531.4039050929833,483.5247563597022,531.5028209179047,487.28443727272554,531.5492820350198,491.0431833983577,531.6423272274571,494.7987674841421,531.8221785638493,498.550919540003,532.0643299612303,502.30270870104124,532.3121495314007,506.0575021344522,532.5080225721806,509.816286635035,532.5934898589338,513.574866607027,532.5088748722922,517.3209428416327,532.194627854449,521.0466278526463,531.6885703484863,524.7969586288579,531.454794471399,528.5568858248192,531.45571704079,532.3161024681752,531.3817034299395,536.0754473327202,531.3134953310127,539.8350002405958,531.257405340203,543.5947002494007,531.2126776834792,547.3546305979596,531.1996757352723,551.114420387559,531.2337899090784,554.8734796136889,531.3155572205574,558.6313302951959,531.4412447902855,562.3876254230034,531.6071083299104,566.1421377964978,531.8094027280526,569.894748535243,532.0443897236353,573.6454338603236,532.3083652629905
100,394.11295265549956,546.5416224544967,397.5597968089872,545.0397001375892,400.97188469384406,543.4602470358648,404.3645726047795,541.839443484291,407.75697630435445,540.2180447553968,411.16978026920646,538.6401616842122,414.62218748851006,537.1511835187463,418.12720277154796,535.7909401030267,421.688831583165,534.5868936151139,425.302828129146,533.550643920194,428.96168286152243,532.6860096586266,432.6569204265054,531.9931089025072,436.3796633938387,531.4673730747297,440.12078821356727,531.0936171339315,443.8726666698129,530.8493607192812,447.62997615967777,530.710500820687,451.38947819189957,530.6549161749007,455.14940841759966,530.6628782687206,458.90895789418823,530.71802693312,462.6678674099868,530.8070163473654,466.42618175990435,530.9185229926587,470.18413030146013,531.0418270806812,473.9420408771426,531.1662911145406,477.7002446501904,531.281495594507,481.45895925954756,531.3785117720954,485.2181996572167,531.4523156547438,488.9778385518128,531.5018417586075,492.73771195953975,531.5282250747013,496.4976753437673,531.5333073722355,500.25761626057744,531.5190702981864,504.0174643262151,531.488898473364,507.7771527955142,531.4430477551898,511.5366818851281,531.3853881927188,515.2963275894866,531.336025541887,519.0560305670926,531.291114144846,522.8155799398764,531.235049014435,526.5746247757558,531.1521777819256,530.3328105619481,531.0364519233273,534.0914888000611,530.9387595353138,537.8508875945731,530.87325956067,541.6104012116556,530.8146558778298,545.3701212342442,530.7715197766701,549.1300070291769,530.7466608879514,552.8899672444103,530.7387892756097,556.649928017414,530.7466071061709,560.4098317344462,530.7688162190511,564.1696356848754,530.8041185626067,567.9293107107766,530.8512165220038,571.6888398549528,530.9088131487292,575.4482169256619,530.9756167993926
101,397.97846595424477,544.9466943376354,401.3505307579003,543.2835381229721,404.7020599572565,541.5792471503355,408.05737875879197,539.8824478183386,411.43801077162834,538.2367983181618,414.8637167806542,536.6874383156776,418.3491323596678,535.2779000542046,421.90054716833265,534.0443915935895,425.514584741533,533.0087995084729,429.1804071450152,532.1747111902324,432.8845558718279,531.5313858157261,436.6145751787108,531.0600632671816,440.3607385137745,530.7407284310483,444.115874752894,530.5533492908936,447.87496869459443,530.4774809383429,451.6348417061388,530.4921237988503,455.3938351006114,530.5761719037919,459.151415013126,530.7097618391631,462.9077918233997,530.8740165226793,466.663597356725,531.0509565831806,470.4195711782623,531.2242667868541,474.1762244545591,531.3820865791039,477.93377157564345,531.5168840302695,481.692214198192,531.6237422831273,485.45143572324105,531.6981687029433,489.2112023640472,531.7358203765975,492.9711578078527,531.7350697260615,496.7309448477265,531.6989651373505,500.4903792004005,531.635739391081,504.2494998675768,531.55582616452,508.0085004245272,531.4703894817477,511.7675322740161,531.38634077387,515.5265891000053,531.303419567145,519.2857682434632,531.2262821446036,523.045176693006,531.1613733414079,526.8048585706945,531.1151412650828,530.5647619151869,531.0940367303385,534.3247228866575,531.1005923623176,538.0846834345703,531.10067516188,541.8445450813349,531.0724767065252,545.6042678090313,531.02953322066,549.3636192448471,530.961795418543,553.1223378660479,530.8650757080092,556.8802698063861,530.741473709534,560.6373084727588,530.5931525474316,564.3933899028927,530.4222753527855,568.1484889800115,530.2310035751634,571.9026156326366,530.0214957651444,575.6558110393244,529.7959067815976,579.4081428827124,529.5563724961218
102,400.27636942607404,543.0861559462172,403.5982684842065,541.3248423843535,406.9535293917386,539.6281597521072,410.36169552619674,538.0406282316433,413.8295224540638,536.5882030255488,417.3572978127537,535.2882838449947,420.9421851560405,534.1554840809551,424.5781326620713,533.1992006115067,428.25605542226754,532.4196496076995,431.96544626764404,531.8067509437776,435.6967839815946,531.3454596437584,439.44238438750074,531.019061431921,443.196431150436,530.8103895981144,446.95472182443507,530.700985772961,450.714528518684,530.6724622772656,454.4743048528314,530.7073415663626,458.2333661259428,530.7892951211824,461.9916187500645,530.9027609914053,465.7493354099646,531.0329241485504,469.50691586461795,531.1669896119226,473.2646995351362,531.2952044588925,477.02289320181063,531.4107234796661,480.7816107063726,531.5076225326346,484.54087484190785,531.5801241185803,488.3005965807199,531.6223949812565,492.06054673010726,531.6289895324788,495.8203717028714,531.5976524143174,499.5797294646181,531.5304036877234,503.33843660518767,531.4331963208961,507.0965146600396,531.3140028774,510.8541060284121,531.1802778836674,514.6115659237358,531.0428794077878,518.3691593058143,530.9091786319669,522.1264636280445,530.7676029914493,525.8840217638897,530.6330600016885,529.642682510392,530.5348777892749,533.4022387034495,530.4793467826081,537.1617222484415,530.4189730183812,540.9211542088514,530.3553355473886,544.6806999120618,530.2987684599375,548.4402376425265,530.2416761199144,552.1996751561301,530.1783561117257,555.9589784002151,530.1075079719054,559.7181412604574,530.0295628572879,563.4771602064242,529.9449585197091,567.2360340334385,529.8541326945463,570.9947637092835,529.7575230770107,574.7533522208694,529.6555673037568,578.5118044209224,529.5487029394227,582.2701266804122,529.4373609855206
103,403.2518916571889,541.547780085853,406.5979224892612,539.8327375009666,409.9679822972881,538.1655123593473,413.3777446693587,536.5812473950382,416.8398736906752,535.1152157203248,420.3630069545693,533.8029019968791,423.9495523815198,532.6756875843575,427.59359466118025,531.7512498304635,431.28366542754065,531.0320469520603,435.00672441243756,530.5093550544818,438.75069224462896,530.1662043741326,442.50571148180944,529.977580717006,446.26503047017127,529.9153512003938,450.0247465933054,529.9516869530329,453.7831089519728,530.0603382705929,457.5398398512183,530.2160781454276,461.29547962137633,530.3964582399113,465.0507366495052,530.5846840145804,468.8061131897176,530.7705040018667,472.5618876988261,530.9480796063666,476.3182538166526,531.1126365903383,480.0753427816448,531.2597269762654,483.8332182255649,531.3850656960594,487.5918710559248,531.4843008215979,491.3512043452139,531.5529205670139,495.1110142756208,531.5859983696131,498.8709623699021,531.579500672188,502.63063379494463,531.5332981261757,506.3897115947064,531.4518492241416,510.1480593110381,531.3416046800826,513.9057054959001,531.209496137466,517.6628138893881,531.0628304745923,521.4195927466108,530.9079260858044,525.1764707517749,530.7554670792438,528.9336740243095,530.6112186324823,532.6906899007201,530.4621728621399,536.4482770104543,530.3286381882089,540.2072874705583,530.2459108679367,543.9671096079562,530.2127887117423,547.7266485498587,530.1567908032728,551.485871574915,530.0817897847967,555.2447792403332,529.9926942964318,559.0027733812793,529.8711608883435,562.7595731285435,529.7170198641124,566.515019294706,529.5327908374621,570.2690131756601,529.3209947269385,574.0215114011547,529.0841507187212,577.7725207395964,528.8247740091425,581.5220928996015,528.5453742564846,585.2703178710543,528.2484362831202
104,405.75577286253696,539.9450018820394,409.0384959674,538.1117697677165,412.3665457921904,536.362429917231,415.7640011775355,534.7525269156158,419.2504018800079,533.3465033910853,422.83392620568037,532.2117609464782,426.5028208054255,531.394731482539,430.2263479747558,530.8786623756237,433.97588666968005,530.6051741185005,437.73433428667664,530.5067370564295,441.4941383097348,530.529018058348,445.25284709212065,530.6252706710807,449.01047778119664,530.7577802455197,452.76774501653324,530.9003537721428,456.52516602495024,531.038793534659,460.28298654316245,531.1658936585685,464.0412713084312,531.278414905299,467.79999773869173,531.3750495828835,471.55911974873,531.4548088327681,475.3185803326988,531.5165526922827,479.078307485589,531.559024531169,482.8382099776525,531.5809621102161,486.5981758773515,531.5811600024558,490.35807190738603,531.5583406925497,494.1177476918177,531.5116983730594,497.87704699161566,531.4409515237211,501.63581601346345,531.3461095609487,505.3939675535829,531.2292938000655,509.1513572970618,531.0901567988284,512.9079354405952,530.9305021939283,516.6641282977683,530.7620082147478,520.4192576469036,530.5714509572899,524.1736209246143,530.3661777527022,527.9297032948294,530.196506569606,531.6888578013595,530.1230637528007,535.4487539232027,530.0995383299695,539.2080956735905,530.0353912656989,542.9626210008256,529.8396233777376,546.7036803997312,529.4648583300136,550.4437969011565,529.0799487729397,554.1954576584081,528.8355122401267,557.9541772778251,528.742687483651,561.7138901853607,528.6994709191865,565.4738272858959,528.7006156854003,569.2333475765139,528.7568203475455,572.991764591593,528.8640148243118,576.7485711444721,529.0177280488801,580.5034256275359,529.2134877384658,584.2561355407705,529.4468326104079,588.0066383061068,529.7133543858546
105,408.1327926142525,537.870028417857,411.48577172399376,536.169451479502,414.9317924889373,534.6670130609234,418.4749763750483,533.41121014344,422.0996609703067,532.4146148467927,425.78276474849235,531.6611803448454,429.5032767862077,531.1209220176657,433.24592692758824,530.7637054317025,437.0001787476676,530.5603129565503,440.75922359066425,530.4834689269678,444.51902677622036,530.5080464616075,448.2775428171142,530.6108534984057,452.0341064685064,530.7703453439997,455.7889777049559,530.9659729235321,459.5429729328083,531.1778704282559,463.297099380663,531.3874179246624,467.0521489868348,531.579616548778,470.80854544298376,531.7432625264744,474.56633251227663,531.8709345349753,478.3252519296031,531.9591400956364,482.08488261022745,532.0085862753895,485.84481730919447,532.02193489617,489.6047284515557,532.0025871659991,493.3643795025198,531.9541362441951,497.123617441217,531.8801891204133,500.88234689847695,531.783749520784,504.64050160969185,531.667016292539,508.39802890260586,531.5315655629638,512.1548979469409,531.378931285517,515.9110767237441,531.2101550573441,519.666589735329,531.0271416885677,523.4214575952901,530.8313528746029,527.1753173631716,530.6171382118372,530.928155064011,530.385670162175,534.6803069839928,530.1433154631181,538.4321692061893,529.896506979843,542.1841606917019,529.6516757029945,545.9366599437526,529.414765038216,549.6893827627417,529.1814088257969,553.442152331294,528.9488252339005,557.1962472305283,528.738901866606,560.9523098531097,528.5679732631096,564.7101079144671,528.4407294597709,568.4690656149365,528.354146518474,572.228700454954,528.3048919581993,575.9886294126042,528.2896250689117,579.748560154951,528.3050036053495,583.5082820380969,528.3476887817662,587.2676570166982,528.4143487343672,591.0266103409512,528.5016689668164
106,409.8743913224659,536.6775831013449,413.28050405920817,535.0862056587938,416.7735703085876,533.6965267560047,420.3519167541474,532.5445778470541,424.002764624726,531.6484044612245,427.704952181001,530.9951388041326,431.43818602347807,530.5508949838484,435.18795270359357,530.2775598011725,438.94531095419717,530.1420398188885,442.70509949523944,530.1198801919361,446.4642691316493,530.1933531890637,450.2210933665004,530.3458234991583,453.97492025289273,530.5601467168582,457.72594901783765,530.8191059503237,461.4749759673749,531.1057253244285,465.22315234447666,531.4033116571006,468.97176858644536,531.6952783689743,472.7220193431662,531.9653375191035,476.47469650179346,532.1991117539086,480.2299504544029,532.386864698018,483.9874183962765,532.5232036901998,487.74646381795355,532.6050788237736,491.506319607303,532.6290630649262,495.2660539175944,532.5910585185093,499.0245615601137,532.4878697493897,502.7807052711133,532.3192524736146,506.53359519426493,532.089211113835,510.2827443664707,531.8045135459749,514.0281012471676,531.4735420397402,517.7700294957145,531.1057450225068,521.5092971374751,530.7117582362099,525.2468184514437,530.3015044385596,528.9839726113673,529.8879099133712,532.7220758040806,529.4829826465012,536.4606600068805,529.0825608412767,540.2058906883682,528.7517329692307,543.958526825624,528.5175338302065,547.7113254166842,528.2858589681935,551.4584235413715,527.9756695182098,555.209716992377,527.7257812013181,558.9685923556865,527.641476838046,562.7285196952748,527.6326239499384,566.4881977053986,527.6772157926713,570.2469691754252,527.7712213216911,574.0043367169976,527.9105750634757,577.7599505282178,528.0911930865324,581.5135953413193,528.3089855005438,585.2651768931186,528.5598659016397,589.0147081889802,528.8397580439555,592.7622953734858,529.1446051702956
107,412.5704796674292,534.7378125221409,416.0615147943779,533.3431638289037,419.63973617738037,532.1908350463714,423.2894160159516,531.2897392908749,426.98946724037876,530.6243688304959,430.721599167944,530.1713436333174,434.4718962814864,529.9066040113013,438.23024812392157,529.8049554164733,441.9898949821545,529.8395388782473,445.7469839426477,529.9840654520597,449.49987035088475,530.2138137112586,453.24848557179763,530.5054574990024,456.9937985488161,530.8370326685819,460.7373115776348,531.1884380204066,464.48069422841183,531.5412353954996,468.2255784061922,531.8776486645299,471.9733595892334,532.1799191589648,475.7249433288572,532.430316846377,479.48049632833033,532.6111533798381,483.2391623082089,532.7066233335352,486.9990349977703,532.7071460041508,490.75781428790407,532.6158094969398,494.5139280534792,532.4466772515528,498.26696795994974,532.2189029216727,502.01740339588997,531.9514413278549,505.7659890007629,531.6591055227169,509.5133267300644,531.3511568865564,513.259881218758,531.0338078618477,517.0060415109525,530.7118340532743,520.7521428591149,530.3891749557752,524.4987887396289,530.0729124017843,528.2457916392013,529.7608972259416,531.9937997244507,529.4614276007792,535.7451613173351,529.2072766595887,539.4871366673121,528.8440439179384,543.2239992482738,528.4294889098437,546.9764548194953,528.1971011173051,550.7345074318864,528.0781082199003,554.4925683526266,527.9590333607907,558.2491093900627,527.7986710659185,562.0052959114341,527.6300666952417,565.7628077043786,527.4946859787714,569.5216218946518,527.4021636635003,573.2812059636773,527.3493128528843,577.0411282749582,527.3329058379139,580.8010511906441,527.3497082056743,584.5607227885197,527.3964849258493,588.3199684030883,527.4700048829793,592.0786820969769,527.5670440059064,595.8368178916786,527.6843954918946
108,414.78457848495344,533.6275161573473,418.3501054997198,532.4361523374693,421.9860869014654,531.4811094076939,425.67472891676994,530.755015594163,429.39820936630144,530.2354610833667,433.14248058374056,529.8955621817281,436.8975980448211,529.7088822440825,440.6569698766711,529.6506839012545,444.41654647736556,529.697925303346,448.1741554002734,529.8294772664361,451.9289625650478,530.0258284811154,455.6810556451892,530.2688556883154,459.4311222939122,530.5415220413439,463.18021360814055,530.8273481496752,466.9294916516193,531.1107038769674,470.6799004903396,531.3786291415397,474.43195901209066,531.622307957375,478.1858390911935,531.8360414730191,481.9415488436387,532.0146797219794,485.698961522223,532.1528101594206,489.4577798816843,532.2448636580505,493.2174997007751,532.2854372607769,496.9773834116582,532.2671727796122,500.73641440895216,532.1851021171873,504.493323184978,532.0349782845688,508.2459294947975,531.8009270181645,511.99506104496305,531.5157110177695,515.7390686032344,531.1711143402782,519.4719287815745,530.7206499179607,523.2102440824688,530.3186300724689,526.9501265199885,529.9309435278847,530.6837711589519,529.4868520695413,534.4191213739176,529.0575776285774,538.1630487753006,528.7115132865919,541.9091211007815,528.3887781716788,545.6439990651396,527.9580442235314,549.3558880385001,527.3595366891404,553.0662823063365,526.7515707478326,556.8015775219213,526.3283358069324,560.5543861612955,526.0980160563129,564.3096992914254,525.9113065484952,568.0677262297703,525.7928609589363,571.8274249265377,525.7524833730234,575.5872491396441,525.7800341017264,579.3461075394678,525.869899139392,583.10318081777,526.016674833102,586.8578952682542,526.2149370288173,590.60989915149,526.459265230398,594.3590381712479,526.7442599918841,598.1053272254479,527.064594460118
109,416.51100658232997,532.3200855719243,420.1573091199881,531.4061228598773,423.8600176857037,530.7564976217778,427.5963121022818,530.3397728244389,431.34937922170843,530.1176530450177,435.1085902830397,530.0539388201533,438.8678901119773,530.1172074701904,442.62425635102477,530.2799229792575,446.3766518570962,530.5177834397931,450.12534173515996,530.8085759568655,453.8713855621233,531.1318347978827,457.61619352773744,531.4691699376542,461.361158789774,531.8047480185395,465.10754071892217,532.124062831834,468.8563840640953,532.4129239334948,472.6084082665738,532.656792394335,476.3638248175691,532.8408110324291,480.12205597526884,532.953074976611,483.88180207058065,532.9877292569383,487.641489475258,532.9465812423559,491.39977758284664,532.8356958560505,495.1557212951407,532.6625197220486,498.9087695561023,532.4349139930541,502.6587446172855,532.1611858887034,506.4058040455917,531.8499960007869,510.15032131881384,531.5095236639615,513.8927512158095,531.1467948971492,517.6335313943256,530.767411433907,521.3731035769438,530.376288294991,525.1119399892759,529.9781862654539,528.8505159894446,529.5776438925124,532.5892934348835,529.1789882541945,536.3287941986413,528.7871815657475,540.069127224445,528.4033987880906,543.8103653050453,528.0285504500055,547.5530363684005,527.6683116153062,551.297646755993,527.3288554486275,555.0446003438688,527.0163675875345,558.7941642028168,526.7369962816698,562.5461804915362,526.4927227374192,566.3002866302451,526.2831399357859,570.0570086402843,526.1279367223511,573.8158001382155,526.0353661418253,577.5755805381738,526.0010245765114,581.3354744296969,526.0201961504599,585.0948081785671,526.0881470809212,588.8530921375749,526.2001444976617,592.6100021190902,526.3514703546025,596.3653606128398,526.537430918486,600.1191160091587,526.7533975779943
110,419.2557718820295,531.4275376669418,422.9146637541924,530.5676851739852,426.63802845000123,530.0530567890651,430.3912144607852,529.8412998587278,434.15063806942004,529.8674197939577,437.90504961443634,530.0675633896766,441.65150093202334,530.3850411124682,445.39164560269137,530.7704244123984,449.1287729203152,531.1842492822852,452.8655827781703,531.6009429011252,456.6036673950223,532.0060178051581,460.3439360634153,532.3903646262668,464.087115981684,532.7451789061263,467.83371506906917,533.061770262832,471.5839666322006,533.3315512995564,475.33778610526304,533.5458585647664,479.09471124495997,533.6959051233441,482.8537947669646,533.7748195172612,486.6137039412062,533.7797942545589,490.37302527209545,533.7128310231282,494.1305383493016,533.5781899461955,497.8852642407746,533.3804224401828,501.63643394981017,533.1238218588529,505.38346641824444,532.8125281493033,509.1259961949731,532.4510491787245,512.8639716715464,532.0451149129955,516.5977060980995,531.6018103995344,520.3278478939985,531.1291863454192,524.0552597170358,530.6354635439781,527.7810723394283,530.1297951484161,531.5062303073295,529.6193226850678,535.2317890591962,529.1117965100404,538.9600207486319,528.6243099192606,542.6869260763193,528.126860145361,546.4119544216753,527.6154785363794,550.1442722983779,527.1611428236921,553.8891463317409,526.8262777710025,557.6384606961726,526.5434174657339,561.387707862782,526.2597315358406,565.1395726466292,526.013175555405,568.8927283669904,525.78689387271,572.6444167383139,525.5378105950094,576.3924532455152,525.2388075148294,580.136399138159,524.8922778470416,583.8760920124167,524.5024815680302,587.6115163129878,524.0736732793052,591.342788025112,523.6100926535073,595.0701393510883,523.1159580373843,598.7939035821014,522.5954628490159,602.5144991671475,522.0527667384928
111,422.6433743169502,530.4508066948796,426.3565085731169,529.866040867747,430.10654828378546,529.6095697826196,433.8654639376868,529.6532808499892,437.61524206919546,529.9247904594787,441.35120581458625,530.3475643144585,445.0754078181193,530.8645701101453,448.79275902347393,531.4290404516354,452.5092713041862,531.9990419454297,456.23045083314867,532.537573168847,459.9598239682869,533.0158555588913,463.698094562263,533.4185697888445,467.4443067587877,533.7390326378421,471.19682733423764,533.9743125446929,474.95378685088565,534.1227181181227,478.7131477297631,534.1861411820303,482.47301956147254,534.1697694898478,486.2318788664896,534.0805160824101,489.9886135539733,533.9255605188636,493.74248519630044,533.7120589731368,497.4930859201884,533.4471262696894,501.24029818175615,533.1378575190488,504.9842603561819,532.7913918624729,508.7253357076511,532.4149852479538,512.4640110113156,532.0154124137449,516.200779970163,531.5983711725402,519.9360650897027,531.1682325549473,523.6702341897789,530.7285046145552,527.403675515427,530.2826358559773,531.1367010741002,529.8332982134128,534.8696376204784,529.3832215814693,538.6031218047792,528.9377117485201,542.3361474106031,528.4883822598532,546.0712293824218,528.0567447769398,549.8073318507375,527.6349049751557,553.5156597204208,527.0162315071575,557.2453196513687,526.5593056763807,561.000885169105,526.3792890268556,564.744369577509,526.0302103828149,568.4875715939367,525.6764024867294,572.23645127828,525.3880668234827,575.988708062949,525.1479732146935,579.7447332769109,524.9769713095208,583.5032575447609,524.8743774060639,587.262979133968,524.8346025648715,591.0228778560123,524.8520147682184,594.7821908751582,524.920971117952,598.5403867725015,525.0358419472556,602.2971388408278,525.191027548368,606.0522970557083,525.3809919996795
112,425.9914467328746,529.463037860993,429.7508768457059,529.4258827015742,433.5084674713905,529.5527240898575,437.25925017963374,529.8131797758929,441.0012523830219,530.1793708619246,444.7347746800095,530.6241683079528,448.46191998744075,531.1198076585816,452.1860219169009,531.6379224811106,455.9110971637746,532.1489573255064,459.6408662954273,532.6243632945385,463.37762326154564,533.0410920096957,467.121624393955,533.3865873395848,470.87201084083296,533.6538828453916,474.6274333923246,533.837049855012,478.3861837250651,533.9289854370044,482.14604994652973,533.9250045597038,485.9046179425785,533.8258161017908,489.6597793539193,533.6372685875633,493.41005207968266,533.3682610703069,497.15458683812216,533.0284308863353,500.8931545050434,532.6281260517812,504.6261048274071,532.1783413181238,508.3543038059578,531.6906605090217,512.0791008508908,531.177590516795,515.802047159485,530.6512343971729,519.5251262129738,530.1258220749522,523.2505051051256,529.6169958709054,526.9786549573197,529.128906394807,530.7117525265769,528.6804353737926,534.4488273920888,528.266130924039,538.1859783185922,527.8526541746876,541.9323299412838,527.5353869852707,545.6863372305395,527.3247018952145,549.442676504821,527.1596183300614,553.1991518636828,526.9975974607892,556.9537780653127,526.7978817331729,560.7034569484605,526.521131815703,564.4479455535671,526.180363583026,568.1937881665478,525.855148619576,571.946005226181,525.6151502999063,575.7002473259615,525.4077532096403,579.4533781713077,525.1810669192947,583.2065481234899,524.9550171186908,586.9599549895311,524.7329348941954,590.7135731767756,524.5144532492503,594.467389139883,524.2993961900165,598.2213898946001,524.0875890821053,601.9755629099584,523.8788572520751,605.7298960840673,523.6730259920749,609.4843777295973,523.46992073307
113,428.1257712694639,528.8549484224594,431.88097654391953,529.0360700272217,435.6244767693852,529.3851055698478,439.35435730004093,529.8588802157846,443.0724994923187,530.4178359883194,446.78296183490266,531.0259191142977,450.49044522033194,531.6519773198257,454.1991173217035,532.2709338856494,457.91242096029083,532.8613858463298,461.63317504250546,533.4027512373696,465.3634039707072,533.8741684742376,469.1039503920168,534.2547652135733,472.854000520234,534.5256087899934,476.61089023671235,534.6733170886864,480.3706343885467,534.6928372061681,484.12900634096485,534.5886277252379,487.8826065617789,534.3719601382185,491.62922333835223,534.056446541215,495.36777265199686,533.6562788961979,499.0981573298856,533.1858715283164,502.8211152999023,532.6597801935201,506.538069012597,532.0927309558826,510.25097905811697,531.4997257962311,513.9622117390043,530.8962890505964,517.674399483977,530.2987688276554,521.3898555768191,529.7219608674476,525.1100392249814,529.17650846465,528.8353952566888,528.6676011006017,532.5658099172625,528.1972139753251,536.3009434883783,527.7658970427211,540.0404245940707,527.3740639522298,543.7838400048008,527.0217799119544,547.5305605063295,526.7065775503229,551.2806815837004,526.4349442380454,555.0325639590563,526.1884607599101,558.7831025189729,525.9223260044206,562.5345555825169,525.6696411333455,566.2897502081242,525.4817702610031,570.046850605792,525.3350681146026,573.8014990135638,525.1356225789752,577.5548780680581,524.9130705950892,581.3077976986002,524.6829272508569,585.0598668817938,524.4393149833162,588.8110945170375,524.1830648253599,592.5615345987559,523.9155304742691,596.3112533135917,523.6380647758008,600.0603275641536,523.3520196140942,603.8088434976454,523.0587458823896,607.556895040057,522.7595935238012,611.3045822991048,522.4559099503142
114,430.9148794127152,528.7570320603703,434.64061557578975,529.2607466360334,438.3442494070141,529.9083317964303,442.0318646951711,530.6422123970885,445.71292646975894,531.408477361034,449.3970992583248,532.1595727353979,453.09193304490793,532.8560927587638,456.80229281191396,533.4641378186807,460.52930263771754,533.9596685812947,464.2704834713214,534.3335103805608,468.02149313238715,534.5909270259605,471.7783949638369,534.7398231655158,475.53796329994583,534.7870306332286,479.2975169854634,534.737908353153,483.0547370653581,534.5964845515364,486.8075034937926,534.365223304193,490.55393707366875,534.0473722309355,494.2927503688944,533.6496346930699,498.0236620419463,533.1834092898569,501.74745583983605,532.6632504022929,505.46574743175194,532.1050241112005,509.18069208736813,531.5248910598189,512.8945844148076,530.938044975159,516.6093595560277,530.356822676005,520.3267216055793,529.792409624105,524.048273497311,529.256372633841,527.7752076177396,528.7591780279848,531.5075504408838,528.3043681361822,535.2445648127605,527.8896521514613,538.9853787321274,527.510704961917,542.729281177673,527.1635656627261,546.4756502012212,526.8441138249173,550.2239563234283,526.5482293395839,553.9737457564275,526.2717529659161,557.724623104355,526.010429648297,561.4762386906673,525.759911967603,565.228270634091,525.5156996178187,568.9804130552443,525.2731879104433,572.732347850633,525.0274907506874,576.4837314750052,524.7735266711588,580.2344852868156,524.5104193210731,583.9852320001826,524.2472140909018,587.7373014435084,524.0037486803664,591.4918560808813,523.8024807741601,595.2486306026676,523.6479976339805,599.0069196217328,523.5361348553953,602.766158641005,523.4626606121547,606.5259131457001,523.4233365928009,610.2858642897784,523.4139265001268,614.0457941724825,523.4302323816319
115,434.09560593519336,528.8578608081817,437.78656040605824,529.5737015187129,441.45374690458476,530.4034887398132,445.1097503611221,531.2815532727651,448.7694238992814,532.1440987947414,452.44497476741867,532.9359131512967,456.14226830179047,533.618685246446,459.86022084332296,534.1780436242551,463.5947465828994,534.613318268093,467.34130894250217,534.9287602752785,471.0958487908693,535.1281041976786,474.85468353847205,535.2149124087507,478.6144603870948,535.192406335697,482.3720931572611,535.0633114713512,486.12473501419004,534.8304675329249,489.87005533388316,534.4999569605899,493.6067780296297,534.0831017420196,497.3349643064888,533.5955670595393,501.0557830100077,533.054532075467,504.77085418132083,532.4752666575137,508.48185583496564,531.8704381069267,512.1904234469168,531.2508390738896,515.8982245628104,530.6266632628495,519.6070131082228,530.008390357851,523.3185649356211,529.4069543191619,527.0343457143243,528.8322553716574,530.7551326465061,528.2909366691641,534.4809091462786,527.7851031220678,538.2112821621761,527.3143559280446,541.9457358058168,526.8771463534961,545.6837380389586,526.4713773059303,549.4247447433412,526.0942947830656,553.1683425802902,525.7438599041301,556.9139841258024,525.4159481201992,560.6609385064424,525.1033763128651,564.4090991035222,524.8056232199749,568.1585147152357,524.5241210037884,571.9092156255731,524.2603039661067,575.6612119287041,524.0156082968322,579.4145286576944,523.7921093998718,583.1694672600079,523.5978957836342,586.926359436462,523.4464606580411,590.6850564787883,523.349877505919,594.4447492178857,523.306499571698,598.204693225951,523.3118263366467,601.964319368527,523.3613383040606,605.7232178203443,523.4505125413262,609.4811214646498,523.5748340753036,613.2378890496644,523.7298036561745,616.993486665357,523.9109763697459
116,437.4738016385659,529.5852996116397,441.1185441246392,530.5086836399988,444.74987170645113,531.4837756009301,448.3847429033742,532.4454937624566,452.03936016189647,533.3287281612552,455.72244915501733,534.0840415649922,459.43284254166787,534.6911079910594,463.1635864752864,535.1573968701382,466.90821017542874,535.494913415069,470.6617029693854,535.7130115823356,474.4200759079574,535.8179185631618,478.17991859690915,535.8137521594891,481.9381388705214,535.7030849936243,485.69178179499113,535.4871284179824,489.4379702834304,535.1668486619807,493.1742201969271,534.7460933923509,496.89906059767736,534.2339066789967,500.61229906473767,533.6432976517161,504.31489591636847,532.9891609596057,508.0086217932359,532.28657150105,511.69598177705694,531.5512426691452,515.3799835012369,530.7992391470334,519.0640582032355,530.0475949251149,522.7521837298394,529.3161319495375,526.447708662737,528.6230977551272,530.1520717490795,527.9789978267967,533.8647641793768,527.384775227325,537.584695520715,526.8376803847021,541.3113411565743,526.3383719366681,545.0419947111548,525.8697605099404,548.7776514899758,525.4441743755411,552.5294982050483,525.2047442262292,556.2878253539079,525.0944857992803,560.0446385205992,524.944727330239,563.7863899545962,524.58501984401,567.4876496937903,523.9256895249616,571.2117644440256,523.4237942160767,574.9654232983586,523.2074014000063,578.7168022780008,522.9535924039482,582.4696204236942,522.7223027612994,586.2248058752832,522.5328673643496,589.981788890203,522.3837468332357,593.7407836307062,522.3013357961769,597.5006286819859,522.3126038106266,601.2589680744851,522.4201523685313,605.0137494087523,522.6161454361329,608.7634781792968,522.8926143564188,612.5071688264057,523.241577861361,616.244289721604,523.6551066461273,619.9747004452503,524.1254100220817
117,440.78191638717215,530.3774517876407,444.2653698835793,531.792676670706,447.770144648447,533.1537709110618,451.3356085693464,534.3457017562159,454.967033503261,535.3182416564102,458.6492901045394,536.0763846232246,462.3662455177755,536.6409967451441,466.1057551679508,537.0297045686473,469.85866571358446,537.2555309572252,473.6176953326167,537.3278487103335,477.3766919267545,537.2529915022603,481.130116932674,537.0349691411517,484.87283158038747,536.6773395277888,488.6004908517738,536.1868338409606,492.3106096134726,535.577417846786,496.00327607199586,534.8696377689508,499.68075481940855,534.0865749896142,503.3468421047867,533.2516807862878,507.00630100383523,532.3881306045163,510.6643583810044,531.518649130595,514.3260422938274,530.6646008911025,517.9954679359944,529.8445091204313,521.675332665469,529.0726749340232,525.3670622168014,528.3598100430617,529.0707775894318,527.7121229256371,532.7854901853867,527.1307981958234,536.5095331969458,526.6125533203317,540.241229601459,526.1525868180574,543.9789854972248,525.7447033336363,547.7214927324063,525.3829532371764,551.4676745484422,525.0613771270611,555.2159413864356,524.7649758903169,558.9655125336636,524.4855507101701,562.7162569449604,524.2223394959072,566.4680660795125,523.9747642439279,570.220838699128,523.7422467160472,573.9744805966766,523.5242085756713,577.728904307309,523.3200712143353,581.4838941389304,523.1265940608508,585.2389085288385,522.9335882260409,588.9944280750266,522.7507690380273,592.750994457765,522.5909322943478,596.5084740622023,522.4542194826009,600.2666757578323,522.3390251255332,604.0254310960315,522.2435585808695,607.7845998509199,522.1660271344649,611.5440674839074,522.1046370916974,615.3037425843737,522.05759460495,619.0635542971228,522.0231062691445,622.8234497941136,521.9993889395781
118,443.4174525862618,532.1090635894143,446.7253907335046,533.8950233866694,450.18651667782717,535.358872937572,453.79580909660433,536.406027533807,457.4839331458329,537.1337262053039,461.21071924316254,537.6283179329374,464.95865366018654,537.9242019414071,468.7163317033628,538.0467833576504,472.47589825481276,538.0122965213393,476.2314544443263,537.8344105637044,479.9786445048095,537.5266798802751,483.714500724451,537.1026942974297,487.4372708337601,536.5758268901438,491.1462210365965,535.9589950058012,494.8414604700553,535.2646211987835,498.52390942772035,534.5052362400809,502.19559976674054,533.695350152832,505.8593509802528,532.8502196372532,509.51828414421226,531.984439224664,513.1755068224212,531.111451974094,516.8343445768182,530.245268651356,520.4982635083668,529.4008713949446,524.1706920054414,528.5943553494806,527.8545336875271,527.8417724472279,531.5511569248846,527.1547852589259,535.2599774186518,526.5370180649039,538.9792671353218,525.9857222115334,542.7070651949228,525.4951842266232,546.4416539748389,525.059282456339,550.1815607810961,524.6715792995933,553.9256575905503,524.32663660491,557.673020407033,524.0191156935668,561.4225916680236,523.7397668504545,565.1748327142227,523.4992023451287,568.9296793639305,523.3032312694759,572.6857683990024,523.1324626659753,576.4420324015017,522.9655463567113,580.1975326967656,522.7823516010452,583.953531232965,522.6102719706795,587.7120516426324,522.5072518203334,591.4713169310832,522.4344115882421,595.2301162972226,522.3412997741299,598.9875245913162,522.2030933403327,602.7431009657147,522.0217369852176,606.4965659614963,521.8009014635038,610.2477555884577,521.54425822281,613.9966102504187,521.2554720804827,617.7431635659457,520.9381960505832,621.4875312267843,520.5960680965943,625.2298974373085,520.2326836320817
119,444.76083676323117,533.777743412374,448.3155690734936,535.0002251772909,451.94908101220665,535.9644993593625,455.6343467776047,536.7080194387113,459.3516477006332,537.2707870848112,463.0894809193073,537.6759222120719,466.84014489006466,537.9372975155386,470.5978270582243,538.0627348619972,474.35760889307124,538.0563237479316,478.11501932215464,537.9223319647264,481.86598032370034,537.6645614789098,485.6067227230571,537.2863335871307,489.3337141958453,536.7905642134396,493.04358751179797,536.1797184665191,496.7333144110581,535.4570319721741,500.40147494156366,534.6316806587864,504.049682966764,533.7220052370208,507.68288825638587,532.7540035384126,511.3077076197627,531.7549832631262,514.931431009253,530.7519854105458,518.5613449583778,529.7716820180893,522.2040117200606,528.8399940449352,525.8639228419448,527.9786674494627,529.5426720028884,527.2018026394395,533.2391264555266,526.5140901397671,536.9504719963928,525.9118224075141,540.6737009735274,525.3879060302208,544.406053742616,524.9333944115226,548.1453229647815,524.5397337596903,551.8899242005056,524.2003815147714,555.6375823327907,523.89643787856,559.3888629379555,523.6418950273896,563.1419648119407,523.4157674423726,566.88328844672,523.0440340365498,570.6274038897036,522.7030529475657,574.3831011861505,522.5274381091635,578.1416222412096,522.4232234549276,581.8993685161574,522.2947856627254,585.6548416270791,522.1115596793087,589.4087162137998,521.8975400523858,593.1630802541027,521.6923230668677,596.9183894907623,521.5052216756228,600.6745795521626,521.3367156083634,604.4315094092144,521.1855877419973,608.189054774718,521.0506148835606,611.9471071679461,520.9305729267007,615.705572728411,520.8242373296018,619.4643710209239,520.7303834927723,623.2234338353402,520.6477870448629,626.9827042070154,520.5752360107783
120,449.39396621045415,532.2059784002741,452.82445464399876,533.7447135156121,456.2397929413788,535.3171116526335,459.737259007388,536.6930286957612,463.3821754999082,537.6042033676792,467.1096060037433,538.0868962295882,470.86326126220325,538.2979667978772,474.6225901543702,538.3534178954394,478.3812130178626,538.2618394220941,482.13364759069276,538.0273552054058,485.8744078214083,537.6500633958548,489.5974040050654,537.1258184706014,493.29657635149334,536.4537059364291,496.96815551310675,535.6441068808299,500.61231267030547,534.7185861505952,504.2335293337284,533.706784137407,507.8397941539964,532.642767179454,511.4413776825446,531.562962302878,515.0487746214378,530.5027969427608,518.6704072872022,529.4924383840029,522.3111507878903,528.5533860346629,525.9728199374156,527.6996589255441,529.6551166963545,526.9398743870244,533.3556831823834,526.2746721494354,537.0705156049142,525.6942435743672,540.7955248301013,525.1829913929935,544.5275488423209,524.7256091955304,548.2643148123811,524.3086353978057,552.0043595717959,523.9221392175341,555.7473008035568,523.5647645336862,559.4916988671531,523.2229081892515,563.2365306700644,522.8858424175017,566.9825946384069,522.5627979015514,570.7307272386877,522.2647888756738,574.4815449136951,522.0028569283603,578.2353422507152,521.7879974624569,581.9911278840865,521.6106793540612,585.7464561561267,521.4239312281109,589.5021244050246,521.2442535182427,593.2590423975778,521.092975866152,597.0170472282962,520.9717486155982,600.7760199876275,520.8857197962732,604.5356295627709,520.8344434711553,608.295540813239,520.8150557384062,612.0554915522341,520.8246817244798,615.8152861742302,520.8604445338079,619.5747890317541,520.919468512632,623.3339177543188,520.998881546609,627.0926365584919,521.0958165003708,630.8509490262777,521.2074300490841
121,451.19402789582284,534.8780087446447,454.6179104601777,536.4302804172706,458.1726712248402,537.6498696175371,461.83184668010483,538.5089076478316,465.5520263423297,539.047318421547,469.30258755832523,539.3023428318955,473.06199456481295,539.3173751718926,476.81677754885374,539.1275365846556,480.5586746415796,538.762276611072,484.282959982384,538.2470360974562,487.9873428903262,537.6037968737842,491.6713577771773,536.8524078891119,495.3359966055717,536.0114295873149,498.9834746941585,535.0987721723714,502.6171285891575,534.1324536559057,506.2414819246591,533.1317567258294,509.8619824676755,532.117183444997,513.4843587599812,531.1093393792613,517.1136684248921,530.1267908183488,520.7531438142958,529.1826311220332,524.4043313782688,528.2848540600264,528.067875198313,527.4389385013061,531.7441519357657,526.6502253471771,535.4331312541518,525.9232661422419,539.1343281760873,525.2613355031808,542.8472226085137,524.6685814141215,546.5712511498361,524.1503916856047,550.3049436263369,523.7071595042161,554.0469370700124,523.3405843205625,557.7938923505185,523.0280835407663,561.5434807297099,522.7500848359851,565.301310877743,522.6382409987987,569.0611710387749,522.6615579269738,572.8210157614532,522.6602302530257,576.5754446363546,522.4714794369372,580.3031360023784,521.9848137582203,584.0390464643549,521.573102834502,587.7958391022502,521.4207206472935,591.5506566707165,521.2247263281629,595.3052500453017,521.0239056369176,599.0609983846293,520.8457937337753,602.8177052353967,520.6894538202939,606.5760735354377,520.5811254361987,610.3358130670966,520.5464561222868,614.0954684696344,520.5901590793048,617.8536053077554,520.7059270816064,621.6091570568832,520.8872976133785,625.3613947102135,521.1277958148773,629.109891883459,521.420970276188,632.8544827721373,521.7604819869053
122,453.0538695898886,536.0340166937946,456.5887556965778,537.3131806913292,460.2093414778095,538.3238739026489,463.8981771286048,539.0471246623566,467.63013016794423,539.4990683977135,471.3839819563886,539.7024682274233,475.1434280366498,539.6832653439776,478.8968392637336,539.4676998684897,482.6362293045269,539.0777103992208,486.35610376926195,538.5317283733357,490.05308560239365,537.8474142962832,493.7257701910104,537.0426165595662,497.3744171434782,536.134883567829,501.0004696719818,535.1406085899879,504.6065819926333,534.0761851200456,508.19700710860803,532.9599065873507,511.7780293512104,531.8137674260373,515.357572442779,530.6630075845484,518.9442416089496,529.53470431216,522.5464322838794,528.4571026118538,526.1713304484302,527.4587344092981,529.8234031001477,526.565105053384,533.5035824706467,525.7955724476955,537.2086812346103,525.1566078311922,540.9322062727791,524.6352559023765,544.6672703338426,524.2037207719749,548.4087301711069,523.8312972315229,552.153188812309,523.4901469512896,555.8985259559872,523.1587357832957,559.6439839792586,522.8286919597247,563.3896581995491,522.501114568848,567.1364755735227,522.1869515768177,570.8855169257138,521.9005550311817,574.635714589128,521.6296531330659,578.3882064852081,521.3932063236904,582.1449023447983,521.2393433609543,585.9044905845824,521.1901793574601,589.6643306145602,521.1593570684665,593.4241341852876,521.1241112662171,597.1840345230759,521.101027604686,600.9438495087821,521.0672997110706,604.7032732113287,521.0039528171085,608.4619425696671,520.9054941784694,612.2196112182362,520.7742349343741,615.9760988732637,520.6126323386293,619.7312846981812,520.4231446773174,623.4851024024146,520.2082282895101,627.2375352949792,519.9703353399632,630.988611333833,519.7119122762313,634.7383963521406,519.4353743829608
123,456.44241050910387,536.1490534413032,459.8560969865214,537.7204959098948,463.45434732289755,538.7983480095561,467.17306103943815,539.3393831139371,470.9215572897819,539.6311768727434,474.6779220973365,539.7885199012564,478.43738651399207,539.7612338958173,482.1899480815414,539.533242333011,485.92217304077667,539.0821953469635,489.62067178611284,538.4079636841124,493.2786262416301,537.5395042504189,496.8993180707686,536.52622615179,500.49321491364395,535.4212872485468,504.0727292559761,534.2704619076176,507.6485028035462,533.108038837014,511.22816947051683,531.9576802447973,514.8180085174711,530.8395199837978,518.4232872886745,529.7722671467004,522.0475320932204,528.7713805174046,525.6918584217134,527.8463187088356,529.3551137037861,526.9993107234142,533.0350440610333,526.2279259240189,536.7290780925887,525.5271349223019,540.4347506072351,524.8906906436032,544.1498437424416,524.3117073735667,547.8725200192863,523.783621543167,551.6012787533349,523.3003029502687,555.3349514417145,522.856508548069,559.0727778695461,522.4491514899543,562.8138341805811,522.0725630084834,566.5580690161296,521.7291230974865,570.3050795956337,521.4172175246665,574.049904571192,521.0802575152035,577.7944099441336,520.7397239968618,581.5446148695811,520.4707466768249,585.3006864327613,520.3001822802446,589.0556844615597,520.1076459736682,592.8096122262857,519.8946283380111,596.564921414205,519.7075864386741,600.3214028004079,519.5458293072439,604.0792069944458,519.4187457215742,607.838345196146,519.3413149907128,611.5982290687882,519.3213471821049,615.3580157616731,519.3554908114377,619.1170199531506,519.4396510546807,622.8747199141937,519.569718024886,626.6307440938104,519.7415811295097,630.3848571688386,519.9511399625968,634.1369458828984,520.194312036101,637.8870017620205,520.467079723419
124,458.2507620775423,537.272451585995,461.85932163086153,538.3258637576164,465.5352157241053,539.1125487506656,469.25787166209034,539.6357672591892,473.00711392332477,539.9110061457388,476.7662973192683,539.9515535181612,480.5213869221186,539.7703072974293,484.26038608403843,539.3782009072564,487.9734720665948,538.7887867551549,491.65460897771936,538.0243129454229,495.30337385899696,537.1173774120109,498.92365511277313,536.1023845516185,502.52217163521357,535.0125440048919,506.10712481453055,533.8787837856341,509.68634172782606,532.7270084797445,513.265941337177,531.5764244071365,516.8506309374895,530.441815118046,520.4445393228389,529.3367873989705,524.0516236576404,528.2756113564905,527.6752527374986,527.2724556152449,531.3184219752787,526.3428820618067,534.983004312468,525.5017542384956,538.6676213009515,524.7532864370195,542.3714959464518,524.1069753629213,546.0896450739003,523.5480107686258,549.8163818398359,523.0498826129756,553.5575865354833,522.6764208976946,557.3006678270424,522.3211949728814,561.0421919845538,521.9502016126563,564.7956099490101,521.7335183206249,568.5544988929565,521.6475714961882,572.3143713742617,521.6213283611334,576.0741335058177,521.5840436868249,579.8320671600603,521.4649592480373,583.5833043761527,521.2113564200206,587.3298533063829,520.8939674126339,591.0806929839963,520.6343032398718,594.8374384151412,520.4793903362005,598.5938683832974,520.3165837177033,602.3496690121473,520.1395449777542,606.1058894682445,519.9716634575065,609.8627070014661,519.8178012310211,613.6204498503973,519.6885730252412,617.3788382223804,519.5795691073497,621.1376048158561,519.4844635254157,624.8966509052627,519.4011105966856,628.655901334267,519.3275265348651,632.4152964185121,519.2617272668932,636.1747888044541,519.2017286304384,639.934340352582,519.1455482303079
125,461.1196693976186,538.2919753455465,464.7945141374364,539.0851869135047,468.50892944616413,539.6652311971304,472.2516164249607,540.0190808241472,476.00904019088284,540.1403337783347,479.76694490923177,540.0332674214305,483.5125779211339,539.7107400700353,487.2355581837345,539.1875825668809,490.9284706184018,538.4824002966411,494.5878670973307,537.6195959425809,498.21508816928394,536.6298627013691,501.815630598196,535.546830258871,505.39827457327783,534.4058217426862,508.97332164591774,533.2411690010891,512.5501875412348,532.0821229584781,516.1353846982537,530.9491456416309,519.7334184937539,529.8576657318436,523.3471863083862,528.8195088576002,526.9778762599309,527.8422019776727,530.6249036078483,526.9277452686141,534.2869294486593,526.0753209230807,537.9624538909545,525.2831071713689,541.6500636341028,524.5491875514664,545.3484459101255,523.8716232395702,549.0563044592133,523.2479757398332,552.7725514948185,522.6764295395985,556.4962027525278,522.1552554808311,560.2255768616599,521.6767121078565,563.9617507176225,521.2548568558207,567.7051641146033,520.9028321883283,571.4530378219046,520.601674232686,575.2031122037076,520.3290918979279,578.9536399099693,520.062776215546,582.7029906441966,519.7804759397478,586.4518739300026,519.4921329965172,590.2056941503347,519.2787337408826,593.9624892459608,519.1244713938427,597.7203389281309,518.9984764447438,601.4791008877165,518.9035015529367,605.23846264591,518.836220445346,608.998205141909,518.7954545468062,612.7581459801454,518.782949810396,616.518066500634,518.8005678359949,620.2777467041421,518.8466942033601,624.037012743787,518.9191587854705,627.7957363914045,519.0157892167879,631.5538312735289,519.1344130197282,635.3112490663921,519.2728592217638,639.0679756751757,519.4289595094889,642.8240267884972,519.6005625467203
126,463.4475499838043,539.4592407797599,467.1056486697055,540.3218164231293,470.831725405626,540.8139403480234,474.58787267187455,540.9554985052094,478.3437967331436,540.7993261473372,482.08189142885203,540.399244350563,485.79410252078014,539.8039644569039,489.47835034554123,539.0542365544038,493.1354644801471,538.1814085034473,496.7670981571509,537.2078102318659,500.37585380253967,536.1524451861827,503.96545706564984,535.0335766760173,507.5406887901548,533.8695388078963,511.10704476776505,532.6785474364735,514.6705916652319,531.4791652496608,518.2377402267512,530.2905540345555,521.8148960005815,529.1324556606887,525.4079967264638,528.0248993668891,529.0220717832127,526.9879476028351,532.6605662144735,526.0403726740858,536.3246473911661,525.1972489875122,540.012692768136,524.4660644405576,543.7205132406377,523.8427235408582,547.4431464828294,523.3147575393185,551.1761695107664,522.8658675176252,554.9162785036806,522.4802357976297,558.6610835938925,522.1430754263221,562.4089141068295,521.8412823082105,566.1588250069786,521.5665188360786,569.910492324101,521.3168349065974,573.6629494669837,521.0792579952981,577.4175345494173,520.8790849573687,581.1728088726311,520.6932578144597,584.9167157956757,520.3483298047237,588.6650135462451,520.058697146496,592.4233409596889,519.9543823803996,596.1831616343583,519.9211159945362,599.9424095730891,519.8497379122833,603.7001096918827,519.7198690492827,607.4566152026466,519.5585066213904,611.213018804513,519.3947491944355,614.9695206191662,519.233261488855,618.7261369725777,519.0744606461359,622.482868508215,518.918408488957,626.2397157159888,518.7651664070153,629.9966789487435,518.6147958082868,633.7537584192306,518.4673581195952,637.5109541970749,518.3229147871297,641.2682662057342,518.1815272769145,645.0256944051338,518.0432621566166
127,466.3461257593742,539.2964741695339,470.0698960654993,539.8114770809966,473.8197218177932,540.0791456731037,477.57893825479465,540.1232221769488,481.3350741228531,539.9630595753152,485.0783665159163,539.6132871205605,488.8005474101703,539.0839617017068,492.494850018727,538.3859148101936,496.1571288551564,537.5354019317581,499.78729635621585,536.5565736935652,503.3890258542633,535.4775583042122,506.96924138171266,534.3290029515961,510.5368100140209,533.1416601259291,514.1003939251503,531.9423878765701,517.6661380603146,530.7495611955815,521.2385246834758,529.576796733971,524.8213013794596,528.4361993371781,528.4179421488011,527.3401477971923,532.0313587332386,526.3007947925471,535.6638169918847,525.3301559560769,539.3168039377933,524.4399734740754,542.9908392292479,523.6411926765197,546.6851448438504,522.9421820950657,550.3960010572794,522.3369456785981,554.1202067393149,521.8203231658522,557.8562005430724,521.3969131804782,561.5965127679995,521.0129783186228,565.3434856880635,520.702903314045,569.0988633235808,520.5192091591424,572.8569440798394,520.4008226638025,576.6162892417665,520.3339735755854,580.3762098618972,520.3230747665972,584.1361584220753,520.3315685943605,587.8949994991635,520.2499704605619,591.64446311766,519.9755040703437,595.3835452333255,519.5798634114681,599.1285580403601,519.2479459773448,602.8852073971436,519.0944864089015,606.6428263285461,518.9624046377518,610.3993763849601,518.8020516845787,614.1562102624416,518.6484893558372,617.9133293010298,518.5021307611062,621.6714195133118,518.383689641848,625.4304862594114,518.301844690336,629.190142801916,518.2541054933802,632.9500689467638,518.237810401898,636.7100113574215,518.2502938969375,640.4697779103165,518.2888902772252,644.2292319595606,518.3509364324713,647.9882858721196,518.4338027943795
128,468.04682293661125,539.6196274022647,471.7837556647007,540.029599179511,475.5387884430433,540.211906326871,479.29826071467676,540.1882844436906,483.0516691569716,539.9728317112393,486.78979451883254,539.5716298984322,490.50351900003767,538.9861524024949,494.1838658577424,538.2182490070376,497.82391443636595,537.2774891356439,501.42142573158,536.1849678903669,504.98148732025254,534.9756124375446,508.5176589992196,533.6978411470101,512.0475788045678,532.4028342107711,515.5871981226,531.134652150428,519.1471846549224,529.9249222526522,522.7319358335686,528.7907397425398,526.3409220498012,527.7362064155393,529.9717340005561,526.7594361891558,533.6217957975173,525.8572366282204,537.2889776704974,525.0273440045943,540.9714006943831,524.267915809921,544.667228267353,523.5766386874353,548.3746296978335,522.950362080218,552.0918458194261,522.3852117585384,555.8173018813188,521.8771691162763,559.5496401317091,521.4223997755242,563.2876483967584,521.0168176894856,567.0302633218179,520.6561823547188,570.7768112229411,520.3389739312825,574.5260082980019,520.0546204043608,578.2778193919985,519.8076285591291,582.0337056827775,519.6335952582566,585.7915694506577,519.5079512705859,589.5495549420027,519.3858937807221,593.3059346537201,519.2226152629576,597.0597123215109,519.0069763973383,600.8164042173353,518.8528822186164,604.5752641693829,518.7616592479641,608.3343183400862,518.678656883506,612.0936165835857,518.6075854122486,615.8530455109067,518.5437303898129,619.6125375596539,518.4837039205341,623.3720845093826,518.4272193210904,627.1316797621334,518.3740456602181,630.8913173375822,518.3239525391605,634.6509918218725,518.2767095531617,638.4106983252664,518.2320862946452,642.1704324397806,518.1898523557207,645.9301901968163,518.1497773300712,649.689968051219,518.1116334581748
129,471.4072713968947,539.6672184323901,475.1621391874346,539.8538106807441,478.9216864815539,539.840977099351,482.676149169973,539.6439581959091,486.41790576433226,539.2772918089848,490.14108219605214,538.7543610160603,493.8411819501595,538.0872659163152,497.5147351188426,537.2866651141492,501.1589441079804,536.3615375830818,504.77186356098775,535.3208133621757,508.35430939547206,534.179436242871,511.91194819994683,532.9627735803366,515.4552512623657,531.7048643471684,518.9965939630156,530.4414321033179,522.5479438426567,529.2064763899658,526.1186938341067,528.0288908349526,529.713540493372,526.9271417767892,533.3334769283229,525.910898102536,536.9776078002491,524.9851841586951,540.6441536405435,524.1526711922196,544.330290131491,523.4116545577452,548.0322826190816,522.7542989072706,551.7464278696942,522.169374274501,555.4696703972346,521.6453608850186,559.1997197811818,521.1721408440599,562.934933923875,520.7415209422334,566.6740777341845,520.3464230390641,570.4164412099649,519.9830964968396,574.1619596319258,519.6538456865349,577.908424337479,519.3354384429941,581.654148166425,519.0084336260644,585.4001916038202,518.6851756442767,589.1500341536635,518.4101920899963,592.9055901623273,518.2307591930847,596.6633225599392,518.1012975022858,600.4192837782526,517.92790504891,604.1755523241842,517.7612831012601,607.932838025477,517.6193224846382,611.6909578401151,517.5016300180209,615.4499499182737,517.4164149732328,619.2096087704449,517.3695810274658,622.969536852357,517.3750096595943,626.7289062875315,517.4401835087598,630.4868907932153,517.5614174730559,634.2428516059163,517.7344487278285,637.9963260996246,517.9550024395484,641.747012961667,518.2188073398327,645.4947568521716,518.5216074187263,649.2395329129916,518.8591700899615,652.9814291342317,519.2273135174098
130,473.57732046195497,540.6331506912124,477.3305156820145,540.8440020007847,481.08942168384925,540.790297733541,484.8377650486765,540.5017079237301,488.56437493802997,540.0051627684878,492.26177803418943,539.323974775206,495.92511839651735,538.4782664712558,499.5511818319769,537.4846281084403,503.13907765901536,536.3607593427329,506.69226548340924,535.1313212869755,510.2207476836917,533.8324875099103,513.7389704535011,532.5060309446017,517.2619035798782,531.1921690088063,520.8011851100439,529.9230820785999,524.3626413716505,528.7176886798669,527.9475396453589,527.5839358028707,531.5554979230783,526.5258784443171,535.185807723141,525.5472827897823,538.8376146468634,524.652267818101,542.5097648046859,523.8447961477549,546.2005778493669,523.1274538487687,549.9075680646092,522.4989748756037,553.6274550652283,521.9518570655529,557.3569729493773,521.4746347121791,561.0934948553675,521.0556398070275,564.835072477551,520.6843868708842,568.5802618617208,520.3514523623312,572.3280106407275,520.0486232940003,576.077659890618,519.770283329296,579.8287610372773,519.5122162121279,583.5809839499666,519.2710074742827,587.3344172057477,519.0494307114835,591.0878830646424,518.8284062480282,594.8401950383973,518.5885632034638,598.5923520235574,518.3462963539646,602.3460022058514,518.1286564248089,606.1023320268165,517.9642966246796,609.8601483490769,517.8370796073309,613.616739437889,517.6779116656471,617.3735530107223,517.524133550347,621.1316256434491,517.4050860661251,624.8908171756337,517.3302351932966,628.6507245141491,517.3203941866993,632.4102362300907,517.3763258798477,636.1683677204225,517.4927598543836,639.9243893799394,517.6643944854729,643.6778044762079,517.8859246214656,647.4283257655488,518.1520621016867,651.1758516360194,518.4575499870327,654.9204383259329,518.7972144899353
131,475.4065306345841,540.5758326869388,479.1631161637976,540.7218755083345,482.9217333832241,540.6437955173477,486.6693162772224,540.3453278487893,490.3935631254143,539.8319126763872,494.0829123728059,539.1090957656778,497.7282293070551,538.1893191726108,501.3258778352624,537.0974514558291,504.88035078212755,535.8719146215595,508.40272953421504,534.556692501829,511.9083394687836,533.197267183097,515.413243793551,531.8360158914378,518.9298098350265,530.5052347020055,522.4645244255779,529.223481150382,526.0203940137711,528.0016807579774,529.598972629325,526.8481260986075,533.2010501215411,525.7702289335091,536.8266498480867,524.7743494976753,540.4747523510518,523.864363114204,544.1432070546425,523.0402173438771,547.8289684041018,522.2972336344567,551.5290371110868,521.6290708663099,555.2409033365866,521.0298536534284,558.9625635303431,520.4947759658355,562.6923393553295,520.0195093558725,566.4288018926395,519.5999958161449,570.1707252603355,519.2323173812225,573.9170531267772,518.9125715899198,577.6668760614795,518.6367689165368,581.4194273089007,518.4009184254908,585.1740324437577,518.2003258832265,588.9301603760609,518.0305744148732,592.6874592533475,517.889035769811,596.4455648076296,517.7707413711595,600.204176264112,517.6697074020638,603.963075292354,517.5799457611232,607.7220974756937,517.4954680125707,611.48112725749,517.4113280620828,615.2403779667031,517.3379724448629,618.9999594738091,517.2839501927467,622.7596113118013,517.2349320238958,626.5192411235812,517.1842600855382,630.2788270905579,517.1304335985009,634.0383677106406,517.073527388174,637.7978622549783,517.0136540479315,641.5573102612179,516.9509261671901,645.3167115233728,516.8854563303796,649.0760660816886,516.8173571160925,652.835374212513,516.7467410963859,656.5946363489684,516.6737173085921
132,478.12747129056095,540.2992913440228,481.88704687554184,540.3357881342555,485.64493715455,540.2198542730025,489.39325660409435,539.928971064729,493.1208791700671,539.4405354343324,496.8131841016916,538.7334948725179,500.455093941629,537.8010221704551,504.0387485870295,536.664412810748,507.57160009503644,535.3779208604334,511.0736347311404,534.0093776002117,514.5681385053904,532.6216399118593,518.0736282201948,531.2619552170403,521.5999357839592,529.9572813655807,525.1500330406074,528.718834179142,528.7238359777633,527.5505621489826,532.3200298482419,526.4531439712499,535.9369216229787,525.4259914075564,539.5729598923011,524.4688185384309,543.226752419282,523.5818275671493,546.8970371172733,522.7657678026628,550.5826212826622,522.02185888727,554.2822346424482,521.3511953687814,557.9941846844443,520.7525375152643,561.716443539733,520.2216672615648,565.4469319862857,519.7520275049623,569.1838669991216,519.3367130480332,572.9257719397033,518.9687842651435,576.6715036792798,518.6420504283886,580.4201489481943,518.3505665340125,584.1708410227424,518.0866783469132,587.9235354259824,517.8530540713016,591.676945296719,517.6310750947246,595.4284338799062,517.3788205010737,599.1785312437138,517.1065162355349,602.9304629916111,516.8613398379659,606.6870247907048,516.7050040269446,610.4465105290758,516.6457152496779,614.2049125342563,516.5401795497555,617.9618090346427,516.3881700757097,621.718654586265,516.2348957402361,625.4751391846173,516.0730193728785,629.231500027023,515.9082833483596,632.9878850103862,515.7440988725077,636.7443173981497,515.5810028603753,640.500819034574,515.4195100972591,644.257411106476,515.2601354361113,648.0141139317012,515.1033938116627,651.7709467474139,514.949800252056,655.527927498183,514.7998698873588,659.2850726885772,514.6541195930306
133,479.85078294152385,541.0510126507804,483.60533438387694,540.8556323323603,487.3467646651777,540.485992985554,491.06770833080054,539.9477807404587,494.7617713669291,539.2483695614039,498.4234989145949,538.3956100027675,502.04868139151836,537.3987348888355,505.63580412958595,536.2723954912819,509.1879350501323,535.0399334447981,512.7124014099144,533.7302907158776,516.2195573492849,532.3748728227513,519.7214132668867,531.0057897194151,523.2290319771531,529.6515661090386,526.750921683309,528.3349521706615,530.2928863469665,527.0734041835184,533.8591525438674,525.8823647311432,537.4526432372376,524.7762679758788,541.0745731004597,523.7672659602265,544.7239990931432,522.8627733398317,548.3976895926579,522.0624701352939,552.0913425060326,521.359925743115,555.8008988432578,520.7467696453944,559.522956990073,520.2146251740684,563.254635632845,519.7546654012854,566.9939851731426,519.3618534893719,570.738870945224,519.0256587483175,574.4877918723188,518.7380549741761,578.2407867797317,518.5095456813574,581.9946282754435,518.2949593416545,585.7505662737487,518.1237348343715,589.5093700687307,518.0306064706442,593.2641516949349,517.8363179317067,597.0180578736486,517.6239265228506,600.775579811895,517.4897004859612,604.5346986853976,517.4105010610427,608.2942976985826,517.3577101220343,612.0538639517941,517.302729143452,615.8128378013995,517.217075040931,619.5708081849801,517.0945545059727,623.328766813061,516.9715713758582,627.0869130739345,516.8544377359519,630.8452882852598,516.7449482160321,634.604083911746,516.6510708495878,638.3633173346686,516.5768048730569,642.1228838184198,516.5218840665883,645.8826682600934,516.4847077873151,649.6425782203271,516.4636727035424,653.4025419169661,516.4571749984921,657.1625061735558,516.4636109453842,660.922434303413,516.4813872059
134,482.76658403498055,541.1404521055243,486.51742253907855,540.8823354900538,490.2538018488793,540.4644816487081,493.96752968605364,539.8786773762091,497.65076321496406,539.1244831130973,501.29717959171853,538.2085747882977,504.902617234247,537.1425601064602,508.46600157492963,535.943270777294,511.991215348307,534.6358162359356,515.4871312148811,533.2517572508707,518.9662180444554,531.82582527549,522.4427657568641,530.3936986602323,525.9306360749642,528.9894344645395,529.440704898245,527.6417080976122,532.9795189268084,526.3714742780791,536.5503306678237,525.1942810679182,540.1538264393638,524.1213666065445,543.7880742159642,523.1577354965516,547.448984504835,522.3008881675115,551.1318178493948,521.5436964325286,554.8323281893886,520.8781474650115,558.546927229094,520.2962504749738,562.2725966899828,519.7899470952453,566.0068299200246,519.3511422991937,569.747636601377,518.9723468659048,573.4933369208723,518.645344026769,577.2426429266106,518.3626207529213,580.9948803624569,518.1218024620744,584.7482029889638,517.898302061725,588.5037467684936,517.7180708070712,592.2609094657562,517.5776238247735,595.995858965658,517.1548673021061,599.7286709141829,516.710578679948,603.4847134673622,516.5540308176196,607.2445224156527,516.571981874372,611.0041378568212,516.6222917848933,614.7634274321601,516.5676873323275,618.5197833166213,516.4032740875095,622.2763866184476,516.2442328449694,626.0332390907408,516.0911184670271,629.7903907240404,515.9455877835405,633.5482426350791,515.8195519214653,637.306887623889,515.7199877656761,641.0661324378839,515.6464261368404,644.825773878969,515.5970671992292,648.5856435484138,515.5701081268171,652.3456052962426,515.5637446939567,656.1055526314888,515.5761725404125,659.8654061093788,515.6055881369593,663.6251105789412,515.6501991268096
135,484.8942869446633,541.4221582415415,488.63302214481655,541.0258588088658,492.3507825405102,540.4660297460324,496.0412914191849,539.7480301949992,499.7000232401755,538.8823992074365,503.32377755729544,537.8802708394411,506.91005396014606,536.7512730046626,510.4561110417371,535.501639710478,513.9615772262289,534.1421825675948,517.4329166051893,532.697612225098,520.8874567602704,531.213188840124,524.3478319860416,529.7424669789708,527.8335220155185,528.3329535471935,531.3550203864629,527.0155646773883,534.9128831317427,525.7998220965226,538.5034755494214,524.6844016403141,542.1227293422171,523.6657879675957,545.7673018681566,522.7418247138656,549.4341125295034,521.9104645886771,553.1202543465299,521.1694776697445,556.8230487288758,520.5167511397177,560.5399534622335,519.9498202756096,564.2683118333964,519.4637739490928,568.0050358762114,519.0466873341404,571.7475063834339,518.6846041198445,575.4936168402571,518.3621632005757,579.2414963946685,518.0608984103237,582.9908069431674,517.7780065551973,586.7404016174814,517.4988820333209,590.4891351425277,517.2083995731539,594.2398062745464,516.9448825834075,597.9970223643303,516.8099653657753,601.756934475475,516.8008021844358,605.5168329676133,516.789248727486,609.2734528419651,516.6417100859187,613.0119261327188,516.2464754902795,616.7532887207686,515.8860662187654,620.5127442624647,515.8567010099081,624.2726611068745,515.8445717844943,628.0325926625658,515.8337413844924,631.7924662595841,515.8600873516566,635.5521911488174,515.9028904282569,639.3116675848443,515.9636592339158,643.0708117558248,516.0423712290433,646.829577433788,516.1374776590646,650.58793866506,516.2474289815533,654.3458878260656,516.3706764106596,658.10343369226,516.5056722650735,661.8605995098867,516.6508701738952,665.6174208544217,516.8047303958623
136,485.72910830326225,541.7414446645506,489.4603005441217,541.2794600825167,493.1678547748918,540.6556136811288,496.8446705097451,539.8706000972844,500.485133944491,538.9312010153191,504.0862147146398,537.8504593536601,507.64773902579986,536.6455833944397,511.1729120404533,535.3379982830278,514.6687123925605,533.953661251205,518.1451057734103,532.5211932670883,521.6137619581268,531.0700536306314,525.0870972647263,529.630172467415,528.5769826748981,528.2309556930172,532.0923172306894,526.8970639921895,535.637824053493,525.6456509246195,539.2151056061407,524.4882592590889,542.8238948151582,523.4332526256355,546.4621172059084,522.4847183235499,550.1260285180718,521.6407764602056,553.811188294652,520.8949706241063,557.5133903440758,520.2388738848008,561.2291526384605,519.6644298120605,564.955626489776,519.1640678414668,568.6904892994869,518.7306534194431,572.4318549805554,518.3574261803393,576.1781947476516,518.037876623274,579.9282801754098,517.7656965551246,583.6811338174916,517.534711363033,587.4359891141332,517.3388513609007,591.19225658971,517.1721688410146,594.949473798318,517.028392986476,598.707313975823,516.90188851005,602.4655143576043,516.7865123765921,606.2237087599111,516.6709375313486,609.9817046189156,516.5490882040262,613.739410172949,516.4186052184183,617.4967189669242,516.2771722392669,621.2535042799079,516.1224734721185,625.0096198468763,515.9523006908753,628.7650013090665,515.7666194470974,632.5199589521255,515.5725130041781,636.2753156793424,515.3863205125386,640.0312576453717,515.2123287579888,643.7877138406889,515.0498128351485,647.5446195734044,514.8980393561345,651.3019164498097,514.7562745229285,655.0595519483039,514.6237842641804,658.8174789912539,514.4998343479127,662.5756555153781,514.3836904719028,666.3340442026687,514.2746240415545
137,487.7428553338785,541.6015121623425,491.46414876765954,541.0647232620054,495.1664596622498,540.4096513984282,498.8463013949484,539.6382934716373,502.49975952971783,538.7503575993782,506.1221950268391,537.7433586153473,509.7077858599606,536.6122335446142,513.2491814754219,535.349606326076,516.7395248506796,533.952042234891,520.1808258332045,532.4374842786535,523.5903192236626,530.8523706560939,526.9982748503485,529.2639371303885,530.4349027891649,527.7387838229251,533.9200132696789,526.3282198831305,537.4591972530465,525.0595155396936,541.0465150349306,523.9340094494689,544.6732189469782,522.9425699955673,548.3312073103524,522.0734764069265,552.0138044835771,521.3152450729154,555.7155058293898,520.6564241940738,559.4318695696013,520.0859454458349,563.1593615134856,519.5932526706073,566.8951801335096,519.1681427816444,570.6370873697828,518.8003242945875,574.3832800475121,518.4789425802898,578.1323618184799,518.1931193549627,581.883270547397,517.9322825360744,585.635174611547,517.6861261374829,589.3873622090674,517.4443148097058,593.139078386813,517.1953262102577,596.8895450525099,516.9282220402429,600.6381946066552,516.6367478518849,604.3849255728621,516.3215340689794,608.1316120067385,516.0057963422296,611.8807918355083,515.721336718638,615.6328683604582,515.4781480626581,619.3877566269271,515.2832710869841,623.1451016929879,515.1437844660696,626.9042369281981,515.0667918927085,630.6641489976912,515.0505124296639,634.4241085539898,515.0596382560533,638.1840615523224,515.0713781098683,641.9440231324868,515.0798961807606,645.7039912252951,515.0847518564584,649.4639622661739,515.0859363158895,653.223932664716,515.0834407327202,656.9838988045811,515.0772562727307,660.743857043396,515.0673740938956,664.5038037126494,515.0537853464533,668.2637350884202,515.0364752828823
138,489.97351343428556,542.2625175208535,493.68012243204265,541.6331656515378,497.35545038824614,540.8412156393033,500.99408768405493,539.8947912362419,504.5916784018386,538.8025707568795,508.14604748307966,537.5768531635586,511.65860090669264,536.2358302820619,515.1352947426818,534.804251886583,518.5858140509567,533.3105716904081,522.0221881162664,531.7845679823681,525.4577401817437,530.2567110399392,528.9061444438587,528.7581471329627,532.3801085270087,527.3199487776999,535.8887537959779,525.9686991286062,539.4363249346316,524.7233205901287,543.022336996829,523.5934281798251,546.6431421546052,522.5805306429507,550.2935945063444,521.6802280792367,553.968412493304,520.8851089376717,557.6629634254307,520.1873021402729,561.3733301593264,519.5790731004806,565.096205884789,519.0526979214297,568.8288065600801,518.6002948393015,572.5688173307498,518.2137904477182,576.314371143256,517.8852032302555,580.0640026664022,517.6068704677614,583.8165712526932,517.3713118792506,587.5712091934577,517.1713319182402,591.3272947706009,517.0005926543113,595.0842575359836,516.8502751243697,598.8418692946115,516.7172216648529,602.5998934183991,516.5962739750786,606.3566488233204,516.4414007139867,610.1122574373658,516.2603334910943,613.8682392532276,516.0872409355986,617.6252728928869,515.9389318076596,621.3834736556813,515.8237480685979,625.140718570098,515.6820367439735,628.8954611460697,515.4839918576483,632.6497811110171,515.2779183941831,636.4039644277836,515.0693715426544,640.1583262013443,514.8640763571349,643.913211882663,514.6686023527863,647.6685864551256,514.4827544711445,651.4243941852341,514.3058734778506,655.1805840638001,514.1372997778881,658.9371094618211,513.9763735119809,662.6939277848666,513.8224346359726,666.4510001263828,513.6748229853396,670.2082911967863,513.5328857519655
139,492.0884589627082,542.6323768924528,495.7665682514844,541.8537175554509,499.40575622080746,540.909513412911,503.0030824099745,539.8164148511369,506.5581419247794,538.5926552045817,510.073496958216,537.2589576578514,513.5548996892188,535.8388530028838,517.0109419572842,534.3579971185417,520.4520381998567,532.842676717799,523.8895921427691,531.3193238788688,527.3352436810108,529.8144082736012,530.8000541561242,528.3542189936337,534.2932373028538,526.963380584721,537.8207110447381,525.6620646093296,541.3843250001382,524.4633072813867,544.9820535880872,523.3711936215861,548.6098715633859,522.3835715921575,552.2633956431068,521.495695428246,555.9386543345759,520.7025219599466,559.6322181296861,519.9994488496013,563.3411263169926,519.3823687722611,567.062772699264,518.8473985295944,570.7947366608992,518.3898276924776,574.5346489754332,518.0024250057133,578.2803510849935,517.6755501914257,582.0300894563561,517.3986352367873,585.7825394632258,517.1611341572617,589.5367278844666,516.9527940751708,593.2919527398858,516.7639758514798,597.0477541634416,516.5869616471043,600.803865871312,516.4166460252867,604.5601540424408,516.2502631891308,608.3165264982313,516.0857924217947,612.0728975895188,515.9212905314287,615.8291740894026,515.7546450893414,619.5852475724504,515.5834903842023,623.340982197588,515.4050643937463,627.0962062338209,515.216212486321,630.8506873862956,515.0131519730913,634.6040964024272,514.7911884067503,638.3560420751556,514.5457538539175,642.1065899257209,514.2797563701819,645.8561754584927,514.000504590255,649.6049217086053,513.7101987192513,653.3529153942895,513.4103293567789,657.1002546309796,513.1023862826099,660.8470471452937,512.7878584316759,664.5934084957305,512.4682339611066,668.3394602990738,512.145000382627,672.0853284225708,511.81964429492035
140,493.4252695747566,542.5432882836501,497.10007453533854,541.7491918940427,500.7357075171138,540.791337684754,504.3307918992532,539.6907925626858,507.88707901090845,538.4704917273286,511.40905278042993,537.1542759460659,514.9030030300798,535.7652719482745,518.3761585349832,534.3249897305404,521.8363110861893,532.8537026721182,525.2917653978626,531.3714005694336,528.7510671452561,529.8981116658042,532.2227328368514,528.4542392893733,535.7149725226514,527.0609368761139,539.2346190548959,525.7384901150069,542.7857059858852,524.5030267461402,546.3691368204115,523.3648298263204,549.9835852738581,522.3293681117148,553.6262279586342,521.3979177063982,557.2931391076265,520.5670563019092,560.9799024593094,519.829158666771,564.6824156177853,519.1747468592589,568.3973166480108,518.5946759974403,572.1219774109463,518.0809084162129,575.854363743538,517.6265823389871,579.5928653636403,517.2256101960974,583.3361770892287,516.8722903517997,587.0832392797568,516.5611957887733,590.8331948791074,516.2871164459591,594.5853536438835,516.045006270234,598.339169176788,515.830057404933,602.0941910073511,515.6372769724505,605.8500732317327,515.4620269810794,609.606570448465,515.3004569101394,613.363241597533,515.1429563937003,617.1198179540186,514.9832118606337,620.8762907362748,514.8210498511357,624.6326631383643,514.6565788833414,628.3889385541901,514.4899074634325,632.145119871294,514.3211286575298,635.9011589462626,514.1492172326673,639.657137796175,513.9760042289342,643.4139417023943,513.8219215250491,647.1718049084409,513.6962789356365,650.9304639707217,513.5972179229658,654.6896901035763,513.5226639034008,658.4492951575188,513.4705396765924,662.209128208445,513.4387672493617,665.9690721050861,513.4252692268975,669.7290399956094,513.4279698110829,673.4889717384109,513.4448150978234
141,494.9861049643752,542.9366371531254,498.6642899633139,542.1586996300958,502.2982345699407,541.19485537479,505.8822913414059,540.0592877356701,509.41509228132077,538.772852106459,512.9001641215712,537.3620007647655,516.3453112945629,535.8561058097771,519.7616249436597,534.2857730208193,523.1624359932272,532.6820786122939,526.5621679537288,531.0760934075366,529.9751999213856,529.4986257745829,533.4148400095825,527.9801639412124,536.891312556419,526.5481791456283,540.4094915168256,525.2220398005386,543.9682843009134,524.0091112494489,547.5632154486218,522.907852713067,551.1894044606944,521.914297657096,554.8423937079621,521.0242653518335,558.5181851879513,520.2336163172552,562.2132116687739,519.5383312363736,565.9242865895443,518.9344841394346,569.6485701369484,518.4182672987014,573.3834324344485,517.9850659996537,577.126193434821,517.6262729521845,580.8742966845061,517.3281480552774,584.6256627267974,517.0741164378061,588.3787928365659,516.8474710404685,592.1325906338368,516.6320977905978,595.8860945945044,516.4116939659393,599.6382657775362,516.169779149017,603.3878838863573,515.8912113958318,607.1338868842831,515.5676565039035,610.8771049222379,515.2131486940632,614.6195344790763,514.8503741759865,618.3628269127888,514.4966501348166,622.1084729105264,514.1688970517442,625.8576125170929,513.8840855066342,629.6108022193239,513.6592178429863,633.3675248074476,513.5041418682595,637.126258699914,513.4087206670074,640.8857099589056,513.3464053198462,644.6453173270407,513.2940960115072,648.4049201337878,513.2414533056894,652.1644988786614,513.1871195497407,655.9240515669316,513.1310120109138,659.6835760867991,513.0730479614397,663.4430702038757,513.0131446745656,667.2025315557225,512.9512194248927,670.9619576463916,512.887189488768,674.7213457782382,512.8209686278211
142,496.5313246942823,542.7885261642114,500.21032806614795,542.0144923465261,503.8460346775739,541.0572254518008,507.434590342569,539.9358295821053,510.9761114058828,538.6734967442951,514.4748214152962,537.2967416742764,517.9382092467196,535.8332500269701,521.3757082167947,534.3098417406154,524.7986286047635,532.75389676146,528.2193896145152,531.1932016742065,531.6505837167576,529.6556205662232,535.1039537468341,528.1686026047373,538.5891079831653,526.7578075827571,542.1115066970358,525.442857654198,545.6717658848565,524.2341887010906,549.266503172392,523.132258483317,552.8911519561979,522.1330501143942,556.5413766059179,521.231691353963,560.2134037901529,520.4236792555341,563.9039117768759,519.7047287515246,567.6099498747874,519.0706263681975,571.3289314672013,518.5174217814574,575.0585904313039,518.0414464903415,578.7967956245393,517.6379332777167,582.5411114561649,517.2955323397855,586.289483751413,517.0006542235498,590.0401124631859,516.73581187674,593.7914628617057,516.4813573759556,597.5437417191731,516.2409948392227,601.2942708661981,515.9753307581262,605.0406958660478,515.656533560153,608.7890357573559,515.3619128274189,612.5451873974569,515.1991166306962,616.3046226755565,515.136397153449,620.0628942809645,515.0287722194638,623.809926063978,514.7269650487834,627.5177699143891,514.109465452478,631.2088860872324,513.3940934308513,634.9341190502922,512.8903584662687,638.68579993446,512.6469657256752,642.4418770585933,512.4759235435445,646.1985536579791,512.3190888797213,649.956820354125,512.2062858852581,653.7156949400444,512.1155935684565,657.4749070798013,512.040148899064,661.2343653027285,511.97813518032973,664.9939976023468,511.9277339753314,668.7537488195104,511.88712573522486,672.5135780119754,511.8544902190615,676.273455859827,511.8280133498221
143,498.50868916189444,542.5875727067017,502.1900763606414,541.8248455247409,505.83015196979784,540.8842283450832,509.4258366508232,539.785832336651,512.9766310217362,538.5498119266547,516.4846965979166,537.1971107784833,519.9553146227142,535.750886905081,523.3970344216502,534.2370631057463,526.8208971482202,532.6832032893338,530.2394137929728,531.1175958065817,533.6655180289256,529.5686934083093,537.1110178270523,528.0634975666993,540.5844637741723,526.6240487752489,544.0908736492519,525.2669497438251,547.6328400737226,524.0056435905776,551.2111525610418,522.8515495564247,554.8244368236727,521.8121502437124,558.468965802514,520.8882164103915,562.1397639939191,520.0748002822904,565.8317936832768,519.3638335968717,569.5407982345192,518.7474108246687,573.2631266313967,518.2172271206982,576.9954456198141,517.7624915678058,580.7347507099164,517.3691172243579,584.4785855618311,517.0213158376037,588.225174004004,516.7044376746296,591.97322122494,516.4052459621684,595.721725315983,516.1118150987247,599.4698926985947,515.8141228409671,603.2172654772544,515.5065984080618,606.9637330939639,515.1882323640915,610.7094022734499,514.8606034725989,614.4543690450121,514.5250360636595,618.1991152299483,514.1870113663715,621.9438601669999,513.8489730185909,625.688329117121,513.507893578981,629.4322145592142,513.1604727600894,633.1752507926267,512.8040205045828,636.9185143802948,512.4499819682364,640.6636488328357,512.116345061206,644.4105379418854,511.8030136404235,648.1589021877032,511.50784321781026,651.9085215109178,511.22906065878806,655.6592035180942,510.9649519069391,659.4107761318393,510.71380343352206,663.1630850676581,510.4739003817976,666.9159914976556,510.24352708522366,670.6693697023358,510.02096743729186,674.4231047149439,509.8045051355675,678.1770901825743,509.5924277595179
144,498.7244728206451,542.8700772061393,502.4324949121563,542.2501435734861,506.1008049766385,541.4270541599059,509.72105212856854,540.4130104560537,513.2896717742835,539.2297506715588,516.8082773303954,537.9048776191767,520.28311053033,536.4688963116712,523.7241014583232,534.9534527644512,527.1438020728775,533.3904649627051,530.5561293403483,531.8114127713269,533.9753184996019,530.2473036844106,537.414828649995,528.728488382974,540.8859255174826,527.2834445639033,544.3954233498818,525.9344575828494,547.9447285400336,524.6940221810871,551.5308056124256,523.5642591574318,555.148531978648,522.5402939348369,558.7928804220625,521.615465375567,562.4594137575657,520.7828575553181,566.1443032881839,520.035596340966,569.8442456667474,519.3667666287732,573.5564295007707,518.7695369998379,577.2784732885926,518.2371294923277,581.008387417738,517.762922834369,584.7445305363859,517.340519701016,588.485446054101,516.9626327680306,592.2298728526232,516.6212147959949,595.9767543039916,516.3078185021212,599.7252432892594,516.0142320559178,603.4747628856629,515.7340912414709,607.2245869374593,515.4580411046663,610.9741619914917,515.1786284882028,614.7234953931174,514.8960218750195,618.4700644330569,514.579149370502,622.2148737692912,514.241854755061,625.9612950458061,513.9229424525973,629.7067781990597,513.5932710666098,633.4488450477518,513.2270239203666,637.1848386236667,512.8035200524424,640.9111442993367,512.302142475149,644.6260665556986,511.72201313230823,648.3442178542623,511.1631755674706,652.0694350962714,510.6531685104386,655.7953625512874,510.14834247342077,659.5213878915363,509.64423949035296,663.2475934179267,509.1414702666333,666.9740607961378,508.6406457491646,670.7008707540176,508.1423771525577,674.4281027785913,507.64727598387657,678.155835500078,507.1559592989745
145,500.9789384289434,542.7395641720256,504.66894319211934,542.0203122711412,508.3143991739177,541.1010574968299,511.9128856717517,540.0119526417258,515.4665737862849,538.7842419688017,518.9804019911398,537.4465131770714,522.4611497540077,536.0247936408317,525.917083206237,534.5436821081823,529.3578479738013,533.0276112074613,532.7940144750461,531.5011305361784,536.2364094901021,529.988770765674,539.6955060861665,528.5150739675844,543.1805443695531,527.1039110680068,546.697653080192,525.7747874159095,550.2486422289992,524.5390670675557,553.831820026003,523.4000385551428,557.443764785984,522.3557865348766,561.0810256630277,521.403421074557,564.7404283998227,520.5400026627304,568.4191022384877,519.7627479571349,572.1144521463029,519.069064484396,575.8241162717707,518.4564990446629,579.5459735152641,517.9229714435953,583.2779328888838,517.4653522744992,587.0177176083947,517.0766803518037,590.7628014652405,516.7426820114067,594.5109515247079,516.4448586601869,598.2603788564004,516.1634780277087,602.0095761397166,515.8790678061582,605.7568852291024,515.5709023283555,609.5006041976563,515.2219572638219,613.238779548981,514.818088843068,616.9701811835819,514.3556375374045,620.6990196980676,513.8727843155359,624.4268860660483,513.3824966644816,628.152099999494,512.8724882439008,631.8727144813038,512.3300072055571,635.586446406213,511.74233736091804,639.2907916528995,511.0981883004319,642.9936611065878,510.445595066387,646.7099329036986,509.8744417740271,650.4329493800877,509.34861832604616,654.1588672944484,508.8437556318602,657.8873942147693,508.3585327783056,661.6182907297707,507.8918757471009,665.3513334050551,507.4427063378318,669.0863139387949,507.00994292251477,672.823038290845,506.5925011089046,676.5613257899099,506.18929431729754,680.301010142516,505.79925290628967
146,500.3156568815161,542.9794433078832,504.0242311367822,542.363253827918,507.69356903570525,541.5444629519217,511.3216907526061,540.558506592823,514.910156166584,539.436472636377,518.4631039880142,538.2063821962348,521.986830611288,536.8947839306235,525.4887903118058,535.5260386351874,528.9762421441093,534.1206951303325,532.4557190651482,532.6956999726997,535.9334479004575,531.2664395420993,539.4157962067821,529.8484834825581,542.9090190446746,528.4575620489392,546.4189165841275,527.1093172756024,549.9505480593311,525.8191385406468,553.5080206203288,524.6021009134704,557.0936523009497,523.4707817042377,560.7073074868841,522.4324659081207,564.3463280217411,521.4868499204977,568.0069817906623,520.6287215531953,571.6856407934324,519.8513293934063,575.3791565077415,519.147835921548,579.0848180142536,518.5113494073108,582.8003217705473,517.9350291006702,586.52371895758,517.4120677018668,590.2533748908456,516.9357334122791,593.9879093889544,516.4992382385994,597.7260411638081,516.0946490402597,601.4665059187557,515.7121767209516,605.208065338278,515.3405376238644,608.9495266280495,514.9679145806459,612.6896650764144,514.5822740974559,616.4270950115688,514.1712765158534,620.1604216744526,513.7245882305313,623.8887115281636,513.2376526287997,627.6119693025221,512.7135923880813,631.3309938984887,512.1602474980712,635.0470709168324,511.5874139128757,638.7615399505115,511.0042326161228,642.4752760575687,510.4163989766639,646.1890372643995,509.8287240263335,649.9033519927891,509.24455828645824,653.6182605959382,508.66418114840366,657.3337497465701,508.08753224137564,661.0498063004137,507.5145511624872,664.7664172930274,506.9451774760818,668.4835699369722,506.3793507152827,672.201251618969,505.81701038347626,675.9194498970439,505.25809595574015,679.6381527574979,504.70254861765915
147,501.49344819367013,542.8547527464975,505.22969283082364,542.4387675070374,508.9335702456541,541.7947662609622,512.5965708136362,540.9481859179244,516.2140745112999,539.9241733022478,519.7840666444143,538.7449200432523,523.3073120972135,537.4323915319754,526.7883597914124,536.0115330869921,530.2362820095941,534.5119214319614,533.6643712268652,532.9674098418449,537.0894341798032,531.4161817864652,540.5293210822749,529.8981956515438,543.9989734936203,528.4496682293405,547.5059111631757,527.0940044092264,551.0503592093459,525.8396877222634,554.628073272284,524.6835952900199,558.2330805249685,523.6155574432972,561.8598365780196,522.623805497943,565.5048300317284,521.7013021367657,569.1661491417376,520.8458880662718,572.8427255066747,520.0586403484668,576.5336585977361,519.341728514066,580.2378646104078,518.6969044957282,583.9535282922284,518.1217019612365,587.6781307914542,517.6074336454385,591.4089597838133,517.1403508597338,595.1437438791545,516.7059338282445,598.8806458066392,516.2900768791841,602.618100863638,515.8792071612382,606.354567084865,515.4594685456086,610.0879269863493,515.0130425232451,613.8152746618667,514.5191034071399,617.5322246636312,513.9525275477457,621.2322324877077,513.2844571580084,624.9111610060224,512.5086798566767,628.5585808511097,511.5968915300358,632.1930318337841,510.6346080250214,635.897386879693,510.00166448464427,639.6431668595194,509.68096345761563,643.396970205533,509.4658077168965,647.1460515036623,509.1821049697477,650.8796248967935,508.740266932764,654.5894001219037,508.12972075608576,658.2708372442672,507.3664316808124,661.9213397879435,506.46655760838956,665.5399846352883,505.44593996125633,669.1272316411386,504.31980786396167,672.6846439690726,503.1026174058179,676.2146395675646,501.8079950394525,679.7202580099195,500.44869399018313
148,502.6010799871666,542.4101947346672,506.3516423920596,542.1525908526121,510.07955049381997,541.667076740191,513.770335951075,540.9522227550892,517.4112254528848,540.0155815577535,520.9952826581857,538.8802544361414,524.5245769006737,537.5842502736687,528.0077095585566,536.1685440809268,531.4574321131582,534.6730705692428,534.8891659240371,533.1366656626244,538.3200176479072,531.5982871492923,541.7671351344143,530.0968009498922,545.2445799520165,528.6671071013668,548.7600396597394,527.3337120078336,552.3134096558367,526.1049122407687,555.8998027984318,524.976042784152,559.5131008171223,523.9364037569163,563.1478218374265,522.9742568573298,566.7998879903635,522.0801450248543,570.466505786779,521.2476802391518,574.1455635779542,520.4720113856789,577.8353139243374,519.7488866376217,581.5342394892779,519.0742380986973,585.241020444566,518.4441541067957,588.9545017314663,517.8548204895793,592.6736675683516,517.3024740725298,596.3976204840251,516.7833623262674,600.125514937427,516.2933308206709,603.8559892033122,515.8232981196139,607.5869247622396,515.3569299600573,611.3154080249509,514.8714230578026,615.0380874287342,514.343410563102,618.7509269882435,513.7503491817957,622.4496197834202,513.0747759538634,626.1312265874955,512.3115106589926,629.7976352511473,511.47810131587755,633.4576887769417,510.61706225955606,637.1253137461636,509.78910547833243,640.81159445308,509.048850396391,644.513809579479,508.3927318909367,648.2282443531061,507.8096814487641,651.9525421017164,507.29329654117475,655.6847044227051,506.8371408289537,659.4230497909591,506.43471480786206,663.1661824256819,506.0794929525333,666.9129585951009,505.76495033675013,670.6624516353297,505.48457997760704,674.4139165805507,505.23190227084666,678.1667549727989,505.00046790863195,681.9204807852628,504.78386694096605
149,503.80290915516827,542.6182309422132,507.5437497502281,542.2479640641202,511.25063167785487,541.6220334834012,514.915502106769,540.7836289276064,518.5368317962814,539.7730452063641,522.117822998515,538.6273432515671,525.6647627208733,537.3799803487109,529.185379703196,536.0600180638716,532.6872040318439,534.6909051393087,536.177664895472,533.293038033926,539.6645724946296,531.8863187072285,543.1562734636316,530.4915569433365,546.6608990723632,529.129643335907,550.1853656484509,527.8199992490964,553.7340938973598,526.5776517573527,557.3084866382367,525.4112274544935,560.9077681225452,524.3240389456574,564.5305729097777,523.318019271105,568.1749358271455,522.3931169673394,571.8380534155932,521.5454816372691,575.5164218940519,520.7666112593374,579.2067507020726,520.0464633524703,582.9062401482204,519.3748976625837,586.6125791128427,518.7421752572742,590.3238296160264,518.1388905984885,594.038320967326,517.5558658878913,597.7545545043231,516.9840362135183,601.4711128497415,516.4143185905879,605.1865694959406,515.8374695277101,608.899439724698,515.2442219971829,612.6084527132416,514.6273347070229,616.312864104239,513.9833946185698,620.0126202066506,513.3132188266566,623.7080073032624,512.6193478354561,627.3994127716986,511.9045908195098,631.0869483201961,511.17013225337246,634.7697740064648,510.4124265543305,638.445673108116,509.621845839315,642.1109770484062,508.78360058865155,645.7619236626377,507.8849072185014,649.3979083168554,506.9274530375466,653.0191234098043,505.91555212371736,656.6259531481716,504.85349851135044,660.2189551447741,503.7455505282821,663.7988421711635,502.59591956312437,667.3664644144819,501.4087627327668,670.9227925011771,500.1881790051081,674.4689014505407,498.93820832792704,678.0059556361899,497.66283332944073,681.5351898568252,496.3659699178519
150,503.7908599557091,542.3682722471538,507.5462820779861,542.1999192504561,511.28137218164966,541.7741215054128,514.9811674478522,541.1074976160578,518.635449845482,540.2242888116212,522.2415286868595,539.1606435547056,525.8047618897904,537.9608299340041,529.3348916383846,536.6666033445481,532.8416116171035,535.3101094331141,536.3335795771502,533.9160239722564,539.8188575915949,532.5052733151613,543.3057564251578,531.0985392615625,546.8025960301524,529.7167368440543,550.3169815213444,528.3802519435976,553.8550652725315,527.1079081406393,557.4209939635177,525.9159204897452,561.016923901233,524.8178400563492,564.6423052258635,523.8213177550298,568.2938884169487,522.9254874709067,571.9665557660732,522.1203231530033,575.6551521544,521.3914613794939,579.3553041449939,520.7236167122516,583.0635160683764,520.10198989972,586.776960602726,519.5123618810355,590.4932712854154,518.9410404812621,594.210342524809,518.3746786856234,597.926153570751,517.8001227866685,601.6385942882843,517.2042184518242,605.3452739043697,516.573530662856,609.043825338917,515.8968586307642,612.7325118492942,515.1683343464487,616.4109661709248,514.3897677297999,620.0800346380984,513.5680677055514,623.7413318077857,512.7123725603178,627.396903246135,511.8325146491272,631.0488816659613,510.9378484829855,634.698757494592,510.034638816426,638.3472311840245,509.12578122338357,641.9942317565886,508.21103143405816,645.638983474611,507.2873656310223,649.2799108786514,506.3487517809819,652.9122017084073,505.37732903929026,656.5307911104562,504.3560685813083,660.1354569846792,503.2866866324558,663.726699985629,502.17304538547734,667.3051608958543,501.0189797402959,670.8716060422482,499.8282894255981,674.4269131035103,498.6047339412975,677.9720574760922,497.3520300157712,681.5080863446688,496.07381568219995
151,504.13082746559814,541.7676400894526,507.8898300214915,541.764211091097,511.6378328882537,541.4748895900987,515.3571083609395,540.927696529283,519.0359721991849,540.1534291866195,522.6672889246046,539.1798630628143,526.2475695800634,538.0324030712704,529.779451827294,536.7432683630637,533.278360641003,535.3667798400268,536.7678811108774,533.966558759591,540.269354768568,532.5965723611542,543.7922553185023,531.282726709376,547.3378315534029,530.0313617513301,550.9046403106715,528.8418592674101,554.4911533908586,527.7131519836028,558.0959288198444,526.6441968854242,561.7175795967054,525.633884351074,565.354767294499,524.6810114784491,569.0060774066868,523.7837582055752,572.669797803474,522.9385802865107,576.3437934933924,522.139213345065,580.0258666092994,521.3778832214672,583.7140087820937,520.6464914715787,587.4065011498549,519.9373684088451,591.1018159171444,519.2430898034019,594.7985548681662,518.5564280288849,598.4953907208312,517.87028768197,602.1910074750136,517.1776168361714,605.8840606881143,516.4714172666742,609.5730820424336,515.7444681897692,613.2564661063061,514.9894970500823,616.9325471921902,514.1997569245077,620.5996850065096,513.3695017650501,624.2561627645831,512.4935152947291,627.899759172438,511.56544714497284,631.5275785762132,510.5775315312308,635.1384027601507,509.5291892426087,638.7323917289942,508.4244836211007,642.3167030203347,507.288662254593,645.9089786599417,506.1783507874026,649.513393429113,505.10809861020334,653.1290970405522,504.0766225613149,656.7552781533911,503.0826026673887,660.3911676687377,502.1246978358136,664.0360380359139,501.2015493639036,667.6892023357585,500.3117841245284,671.3500131730292,499.45401742885133,675.0178614077536,498.6268555707791,678.6921747529367,497.82889806105754,682.3724248855436,497.05878131397964
152,505.3131088716565,541.768686140611,509.0719780413077,541.7574045108357,512.8185240685876,541.4500916544027,516.5355591616946,540.8875460448937,520.2147003426375,540.1140838338725,523.8549555074347,539.1738311240531,527.4608343291255,538.1089153260989,531.039826482993,536.956642133003,534.5996062265845,535.7462071679187,538.1463597963659,534.4980701456424,541.6856918397339,533.2290163850308,545.2232280844371,531.9549595362678,548.7646569223853,530.6917754624927,552.3153242966883,529.4548276340084,555.8801430624856,528.2593228021645,559.4629484300068,527.1189028058827,563.0656355265914,526.042970651539,566.6877167204676,525.0342534545595,570.3276703477129,524.09205122482,573.9834984422655,523.2134276358928,577.6527637867102,522.3926791575722,581.3325027722076,521.6201846155225,585.019889676184,520.8850138793478,588.7124145537589,520.1760652464322,592.4078115020483,519.4822221761225,596.1039565320318,518.7923698096567,599.7987775801213,518.095470532461,603.4901377098599,517.3804899313978,607.1757352243075,516.6364106675294,610.8530766246212,515.8525936212928,614.519115912699,515.0175742975573,618.1703771007409,514.1201991617223,621.8037635481534,513.1530106722576,625.418387209742,512.117876360695,629.0152393579734,511.0225383174593,632.596404080727,509.8769133226433,636.1643419174261,508.6907059656854,639.7219760098444,507.4739208339669,643.2732064144548,506.2385528709338,646.822964223543,504.99895513081015,650.3762039326938,503.76938082378047,653.935363389208,502.55705633147596,657.5027120154582,501.3690597766104,661.0795340349785,500.2098984539647,664.665232691486,499.0784904534617,668.2590905838508,497.9732700741269,671.8604251023014,496.892657486375,675.4685867780594,495.8350611746379,679.0829574881565,494.7988800710255,682.7029556785117,493.78253096531773
153,505.1839759095545,541.3923051837302,508.936837131533,541.6073515661667,512.6954102515996,541.5402688343042,516.4401542931528,541.2103409502874,520.1543174319091,540.6296047008511,523.8228596860506,539.8082986678842,527.4357981872611,538.7688597484798,530.9949359273651,537.557215448997,534.5176194391466,536.2427853179456,538.0320085047646,534.9062082201863,541.559787399836,533.6054931769054,545.1091913086956,532.3650253423294,548.6789652931515,531.1844279492207,552.2654668765088,530.0556290891265,555.865394850747,528.9703824575594,559.4765219585042,527.9229902642745,563.0978600866697,526.9114680469952,566.7294912778706,525.9375557768582,570.371840547578,525.0045414482634,574.0254532069615,524.1166770280996,577.6904329312758,523.2769708503932,581.3657340760157,522.4836291929415,585.0486278297371,521.7262615464967,588.7356239682877,520.9890824379391,592.4230165525062,520.2538847457892,596.1071930737065,519.5027660008531,599.7850376076418,518.7212723405773,603.4544919977892,517.9013045795429,607.1145520302607,517.0403744733275,610.7648804648195,516.1390708243864,614.405256743893,515.1983732426486,618.0353603752186,514.2187819853064,621.6544332333162,513.1992017889371,625.2609595134661,512.1361100989276,628.852711398379,511.0241472781571,632.427021240966,509.85736150042635,635.980717566131,508.6292574747046,639.5103729826928,507.3336984559379,643.0142333809132,505.9698998904754,646.4967389869669,504.5523787716072,649.9634716055987,503.09669178217183,653.415392259248,501.6062159409691,656.8531159606989,500.08327665585773,660.277322556361,498.53017959906873,663.6887509150342,496.9492084230094,667.0881933142198,495.34262329820456,670.4764900587239,493.7126602027095,673.8545243523065,492.06153088746214,677.2232174321346,490.3914234434385,680.5835124486897,488.7044805557445
154,507.2600216937705,540.7582038256775,511.0173403176844,540.8765572495029,514.7743929202768,540.7444500450006,518.5175482696235,540.3941466220346,522.2377619687568,539.8513501467038,525.9284086798618,539.134325739356,529.5843364928031,538.2570908308404,533.2033296245271,537.2378475597056,536.7915333619092,536.1146423110488,540.3633311435076,534.9400800613257,543.9341183466137,533.7624340958729,547.5118186001715,532.6059827444059,551.0984789885481,531.4776327628296,554.6949186812384,530.3808631006218,558.3020717814303,529.3198709010236,561.9206031437268,528.2983698390013,565.5509367811483,527.3196499623587,569.1926416406346,526.3841213802929,572.8442996845358,525.488206554544,576.5038144666102,524.6249201718806,580.1692131152155,523.7869482595141,583.8386521201476,522.9668354748801,587.5102827802713,522.1565822410436,591.1821471681881,521.3473878747463,594.8522418029096,520.5302119772621,598.5184827102759,519.6959328957053,602.1786059231554,518.8352365505722,605.8300609963097,517.9385120329614,609.4699557844351,516.9960027225129,613.0947614049447,515.9970889343911,616.7001824300868,514.9303934494687,620.2817204409789,513.7861051238973,623.8369728099495,512.5625835816434,627.3658401818528,511.26488492081813,630.8704673640677,509.9030268619903,634.3548185100012,508.4900541034612,637.8238647095891,507.0398733879609,641.2864783440745,505.5743735175592,644.7385027262354,504.084204079281,648.1710088020624,502.5495356726065,651.647850577619,501.1191459578597,655.1910931503027,499.86207918558034,658.7870989868838,498.7647838773059,662.4238084376324,497.8107743248705,666.0913064467754,496.9827305508438,669.7816523370175,496.26308848734703,673.488618040785,495.6344263070608,677.2073918116214,495.0796781357256,680.9342822866124,494.5822144079591,684.6664451911971,494.12586783527126
155,507.2173159045459,540.3654003137262,510.960788367576,540.7080790085273,514.7193106394005,540.7792561603812,518.4736125681114,540.5870109319656,522.2059136929175,540.137411728045,525.9025363493342,539.4530913638899,529.5579387321552,538.5739477871175,533.1747508849802,537.5469924372878,536.7609936362077,536.4175104600163,540.3335138753874,535.2451333901871,543.9167761267718,534.1062361904742,547.528964714038,533.0629357073783,551.1687620806711,532.1202463923829,554.8206977757388,531.2254147119589,558.4720540720049,530.328226520509,562.1170601592935,529.4055930491132,565.7558527550233,528.4587359294403,569.3911783613967,527.498637802623,573.0265989725073,526.5388999386892,576.6656356415385,525.5929819015587,580.3109766705934,524.6716729978023,583.9628711490948,523.7766881306034,587.6194614244366,522.9010649663691,591.277788989687,522.0327194818815,594.9346892250044,521.1583905539746,598.5868677628172,520.2645691895901,602.2308835643795,519.338070720198,605.863092422596,518.3663646822783,609.4795930755315,517.3377918151509,613.0762114870995,516.2417755723552,616.6487718267227,515.0697597139372,620.1939286432643,513.8173026416641,623.7102762919001,512.4860826944956,627.1990106326068,511.0840464658746,630.6633821919513,509.62279861675063,634.1079982060259,508.1155316319664,637.5377583245559,506.57473681038414,640.9560091794443,505.0085652401834,644.3633058445896,503.41870567777534,647.7581520900518,501.80243767409127,651.1396100734036,500.15833762301185,654.5116559510614,498.4950069972614,657.8769474044886,496.81805083654496,661.2364508403206,495.129527843189,664.5911256986668,493.43143075298457,667.941948256551,491.72574367359385,671.2899080828975,490.0144437236345,674.6360045785162,488.2995028365604,677.9812435801845,486.582889685904,681.3266349321252,484.86657349430607
156,507.95382661146397,539.9541947511829,511.688096743756,540.3839945652941,515.4448215656485,540.5168287003195,519.2014799528123,540.3771970849657,522.9419383372576,539.9998429596037,526.6574283328173,539.4254671213971,530.3453846218897,538.694212658885,534.0075206474412,537.8426139800578,537.6483813984726,536.9039632062054,541.2738106896014,535.9072334665104,544.8901857683508,534.8780696964965,548.5036073378051,533.83856559845,552.1187827729063,532.8051834732047,555.7381727877007,531.7866683596237,559.3629598084901,530.7875363093005,562.9936846788628,529.8102041752892,566.6302582000661,528.8548621649675,570.2718565955223,527.9188498115616,573.9173946135512,526.9982948230366,577.5658073072996,526.0891954578063,581.2160278371501,525.1873790300956,584.8665735311589,524.2868789656706,588.5154541881227,523.3796616211418,592.1604175773583,522.4568437087705,595.7993920752754,521.510700975669,599.4304244288354,520.5345393494506,603.0514617869143,519.521951693319,606.6602103075672,518.4664291580823,610.2540566785248,517.3612600263973,613.8299436536032,516.199328315922,617.3843299595146,514.9732377446944,620.9129399262974,513.6748755951099,624.4104487486953,512.2949795270553,627.8711096279701,510.82515872995054,631.2916071208971,509.2641347204943,634.6729646012534,507.619986996774,638.0213551556739,505.90962033287775,641.3489525496233,504.1590738568901,644.6733952198812,502.40252998805965,648.0037650665707,500.65724500209836,651.3234203544836,498.891733110637,654.6007795811712,497.0491037731319,657.8390998008174,495.138469405182,661.0652998705311,493.2074086888874,664.2838707978667,491.2636567138221,667.4965087246435,489.31011264416696,670.7049372115837,487.3496616765208,673.9108995420308,485.3851796831249,677.1161512453036,483.4195382513719,680.3224535602999,481.45561130139237
157,508.26669917451534,539.4791488527603,511.97953728840497,540.0652130002936,515.7280388565941,540.3468531510114,519.4872747145547,540.3570032120227,523.2393385327942,540.1227051041352,526.9708219165204,539.6648228078973,530.672945022734,539.0099243578501,534.3446266327998,538.2007369848402,537.994095891539,537.2960972110642,541.6336318111205,536.3520964099267,545.2718598290459,535.4030556644979,548.9127054781312,534.4641132522131,552.5571306748993,533.5391631866235,556.2047486937879,532.6268815902887,559.8539600307719,531.7209892953691,563.5027510629766,530.8134067699293,567.1494383908291,529.897412078719,570.7930319331241,528.9691906192688,574.4331006366466,528.0272418654952,578.0695859626932,527.0715518543518,581.7025432454155,526.1025367927016,585.331754089723,525.1195850314274,588.9564899915688,524.120262499475,592.5755861131861,523.1007120846893,596.1875332277663,522.0561288072964,599.7904736540188,520.9809064032843,603.3821114575437,519.8685334276782,606.9596000624762,518.711492458956,610.5194910781634,517.501426782882,614.0577769556484,516.2296130362951,617.5697551488652,514.8869078355855,621.0503466702135,513.4648652643575,624.49536664529,511.95869775740783,627.9039771023666,510.3718236683013,631.2789554279585,508.7145700914992,634.6255008678412,507.00057952578675,637.9496357707079,505.2434893197694,641.2560680149546,503.45329732610566,644.5439828749269,501.62933119687915,647.8062516267461,499.7599298413161,651.0334465113732,497.83063987615367,654.2222082559766,495.8384691458767,657.3734279102198,493.7874120687542,660.4897067202339,491.6836308005644,663.5739534399299,489.5331487369397,666.62932897333,487.3418282121335,669.6592016467924,485.1153682743972,672.6671074538921,482.85931096685476,675.6567152175603,480.57905445362536,678.6317852664707,478.2798572869628
158,510.0101676852789,538.9928840296017,513.7032724862653,539.6929641689276,517.4414255141796,540.0882872558088,521.1988479337588,540.2049585244048,524.9561986020965,540.0801748537149,528.7009304930457,539.7467291261295,532.4243737099551,539.2264403384468,536.1201975735224,538.5364725599892,539.7863182942336,537.7024249102799,543.4292182385773,536.77169063185,547.0635288390123,535.8077571847255,550.7022263113034,534.8605703264769,554.350494583163,533.950947801916,558.0058694495312,533.0702772727088,561.6638653465249,532.2005358759901,565.3195021623588,531.320952251222,568.9683814483861,530.4137767018159,572.6080472649137,529.4703261286465,576.2387795277704,528.4930412714552,579.8625954886948,527.490391288487,583.4826529282783,526.4742393453912,587.102494561766,525.457317377996,590.7235513828371,524.4447310997049,594.3427329594997,523.4254756769384,597.9530875784704,522.3754550676714,601.5458170493039,521.2667544357607,605.1118692519635,520.0751737657221,608.6433907143972,518.7849263996436,612.1354314350601,517.3913472973887,615.5873360128774,515.9010688945575,619.0017093223987,514.3266345549864,622.3825979985835,512.6814728498956,625.7347821905171,510.978542212484,629.0635750249047,509.2302978547202,632.3739691335547,507.4474411745885,635.6687374067128,505.63586547546515,638.948010654674,503.7963925661954,642.2102815070858,501.92693474818117,645.4549095442428,500.02702195279653,648.6802666752816,498.0945823212885,651.8806692091198,496.12112453024645,655.0470925256751,494.0936159142948,658.178896798375,492.0130193812987,661.2780340185257,489.884057969408,664.3466685499841,487.7113512468672,667.3871471586209,485.4994059080663,670.4019712314358,483.2526117841677,673.3937716288942,480.97524273285484,676.3652862450172,478.6714616133286,679.3193224758777,476.3453061654817
159,510.51324277768276,538.2419915868157,514.1490804828143,539.1934777532064,517.8621315935376,539.7766487732766,521.6124122962375,540.0322886285304,525.3716679665752,540.0144867612041,529.1234003573326,539.7725346122875,532.8592999458288,539.3502667820477,536.5765422847818,538.7861780067357,540.2758595177046,538.1140848671447,543.9602793320101,537.3643558699877,547.634374457705,536.5654201055283,551.3029330940288,535.7413794895207,554.9693237605516,534.9077366934197,558.6342260100815,534.0675757171996,562.2963161357994,533.2152508937511,565.9535550200284,532.3423622268984,569.603745993772,531.4404779469183,573.2446811371135,530.501948585624,576.8744991007278,529.5213191505717,580.4918477448457,528.4956547552804,584.0957778704677,527.4237971250053,587.6854578121313,526.3051450586587,591.2599960937621,525.1390179232652,594.8184159060559,523.9245982684388,598.3596257392879,522.6608788293115,601.8823748140973,521.346581664628,605.3852271209141,519.9801467077505,608.8665506525679,518.5597657934343,612.3244799725736,517.0833540876794,615.7568823337845,515.5485420635398,619.1614338806602,513.9529137961974,622.5360299597841,512.2948780249351,625.879163230521,510.57428359639806,629.1901174322777,508.7925476320589,632.4685681610822,506.9516839015256,635.713928489422,505.05309002840977,638.9252405603211,503.0974582723139,642.1014640464106,501.08533801413216,645.242044651595,499.01802272590777,648.3475858489458,496.8984258672282,651.4163772215906,494.72598256145704,654.442765162222,492.4948560797244,657.4270506814925,490.2077069226687,660.3715584907645,487.86955749610416,663.2788623159072,485.48529526252935,666.1517468251576,483.059660384723,668.9931729507312,480.5972407309186,671.8062469430539,478.1024730700454,674.5941932582526,475.5796493879151,677.3603013923761,473.03289515475655
160,511.903446344401,537.7575613965854,515.4978395253376,538.8573028934079,519.1730456619897,539.6456854409421,522.9018572184855,540.1206796886738,526.6564573745026,540.3055283853332,530.4151696190381,540.2355537989457,534.163777213272,539.9490282076936,537.8944518892454,539.4829216637099,541.6041810608046,538.8714608387231,545.2934470534533,538.1462908538757,548.9652520644805,537.3370860525127,552.6241195197392,536.4711170643839,556.2748870205103,535.5715458314265,559.921156844859,534.6538926273878,563.564705602541,533.7254910805733,567.2058526562645,532.787714795215,570.8442706188315,531.8394066261955,574.4795237541733,530.8790401333611,578.1104817068114,529.9025685405288,581.7349585788712,528.9023298351833,585.3497080442469,527.8675219629233,588.9510232599868,526.7869315380767,592.5345893669397,525.6489177270015,596.0958753768298,524.4430354478703,599.6309170896159,523.1622874015193,603.1368303448216,521.803842126575,606.6109862859452,520.3661327257446,610.0502068295781,518.8467709602517,613.4502740545225,517.2417316400204,616.806602685192,515.5471507254389,620.117735640333,513.7658439279817,623.3871454185228,511.9090037959353,626.6230847074228,509.9943700841985,629.8356804981037,508.0407815692602,633.0329752085498,506.0622351170784,636.2175919619057,504.0633496761474,639.3851628481716,502.03757723819655,642.5265056349099,499.97140308661307,645.629617411745,497.84830181642235,648.6785532174383,495.64821406249484,651.6520758762339,493.34737154413097,654.5267844909702,490.92432798462073,657.2950887018044,488.3803313235067,659.9619166183865,485.73008390520556,662.5340087538798,482.9877404263107,665.0193252511605,480.1664654828034,667.4266783024565,477.27833706392295,669.7654337452502,474.33434968805375,672.0452847285533,471.3444859851568,674.2760465356208,468.3177982499618
161,512.0097541676994,536.6864301110948,515.5022757482012,538.0762776386282,519.0988805133923,539.1688047589374,522.7739964436681,539.9581470314799,526.5007391903274,540.4497478636629,530.2539391262649,540.6618541740752,534.0131215786595,540.6235180696534,537.763941955694,540.3679433495664,541.4969037989124,539.9211074496545,545.2052422886471,539.301953114025,548.8861089490093,538.535683817546,552.5444180786579,537.6674963231213,556.1956067820989,536.7696136862722,559.8569121779929,535.9141833542612,563.5335066527597,535.1269322647993,567.2161982571655,534.368543703466,570.8890774285557,533.5642993575165,574.539086068128,532.6622663396919,578.1575587416122,531.6411161065563,581.7408960456997,530.5027147456583,585.28980213439,529.2610158466608,588.8073875066488,527.9330795872297,592.2985252689898,526.5370096260282,595.7686251230529,525.0893938274896,599.2211496116543,523.6003298999947,602.6563019809939,522.0716209271516,606.0721764804948,520.5003202635536,609.4659300256433,518.8818106992368,612.8343862505546,517.2113064442096,616.1741113155762,515.4840953056089,619.4814999375443,513.6957606712168,622.7531080251438,511.84279110131627,625.9862524854861,509.92350253836986,629.1791473744273,507.9379767648197,632.3305526433319,505.8872349844255,635.4394854318019,503.7726563454168,638.5050593763411,501.5956928727829,641.5262887442134,499.35759301167104,644.5022054811437,497.0595844824862,647.4313681238237,494.7022749533305,650.312456650353,492.28643293532963,653.1533680967025,489.82343193623734,655.9613536938014,487.32294846199693,658.7392151380573,484.78903437241587,661.4897004252008,482.22542438852145,664.2156713530699,479.63575740225724,666.9200841780886,477.0235806339947,669.6059724056411,474.392356452949,672.2764315786771,471.74547137377925,674.9345976382023,469.08623857886533
162,513.4394296167377,536.6675268515617,516.876359217735,538.1893883944599,520.4377096354808,539.391113503306,524.0940202890753,540.2626225832411,527.8109621317637,540.8233565116415,531.559492980319,541.1067667353573,535.3186848147687,541.1482558671811,539.0746154596253,540.9827574539898,542.8188951028502,540.6426816436463,546.5471982693044,540.1572101063588,550.2580744625391,539.5523865406439,553.9520779534464,538.8516013453326,557.6306048670806,538.073521292524,561.2944355133287,537.2289104340704,564.9427316238879,536.3195483562192,568.5733434947438,535.3419960073201,572.1839901211362,534.2931166001415,575.7728747923248,533.1720333653068,579.3389663183825,531.9804204775692,582.8819577784852,530.7217691171339,586.4018332250043,529.3998360684742,589.898559679375,528.0178229770164,593.3719130976309,526.5780697449364,596.8214672352078,525.082188751575,600.2465873723041,523.5311764526303,603.6463255251648,521.9252933238542,607.0192829737516,520.2639023744264,610.3634938184351,518.5453892343694,613.6765589203064,516.7675824170116,616.9558277206352,514.9281923059206,620.1985193295742,513.0250705906384,623.4017385201205,511.05624639886014,626.5625217593154,509.0200016531026,629.6778584791207,506.9148928045215,632.7446961408888,504.7397430941261,635.7601517920685,502.49390694216936,638.7232082390467,500.1793683838212,641.6357696125884,497.80157759917756,644.5031786227798,495.3694970746142,647.3339389952624,492.8948281932035,650.1378890624686,490.3897999297652,652.9326789432881,487.87454054969453,655.7381506852438,485.3712069131669,658.5568512262936,482.8827776078056,661.3882674828773,480.40882586582666,664.2318932209524,477.9489173466417,667.0872291203689,475.5026107197785,669.953782717383,473.0694581218368,672.8310683201262,470.6490055906728,675.7186199752772,468.2408091892876
163,514.3252636013198,534.6891195872022,517.6516661615831,536.4405847026866,521.0942168781115,537.9502519034232,524.6501018773171,539.1685676413342,528.2999249805595,540.0668912379288,532.0134453419529,540.6493778493701,535.7607149073935,540.949099545675,539.5196311403722,541.0139312849049,543.2770926985099,540.8860173707354,547.0258471791942,540.5988008817808,550.7621773243768,540.1792611705233,554.4845842318858,539.6498904294245,558.1928110661925,539.0287469199384,561.8861738828479,538.3245508359637,565.5623936121539,537.5358052245828,569.2174279746133,536.6541692415024,572.8463893773936,535.6707881219099,576.4441242278257,534.578737188762,580.0060228663248,533.3749445895763,583.5289478492676,532.0614298711074,587.0120015826861,530.645518822192,590.455978548179,529.1369907224038,593.8625701208251,527.5457930271892,597.2339357692056,525.8812232130499,600.5726704367901,524.1521029506558,603.8817726773385,522.3669028896201,607.1641153836524,520.5329489935094,610.4216076234208,518.6552031250359,613.6543033334303,516.7350831733127,616.860556886917,514.7711347351424,620.037889147882,512.7607416330602,623.1834928613918,510.7010668716901,626.2944116142265,508.58937846076265,629.3676417260133,506.42321587472446,632.4001102868747,504.20035787868215,635.3889317268382,501.9191561213013,638.3319544601972,499.5791681248737,641.2283056321239,497.1816507974139,644.0773891635706,494.7281493324524,646.8782370052692,492.21972483129633,649.6288340125931,489.65630571870435,652.3244446530855,487.03513869424734,654.9641374282572,484.3576535553316,657.5511888671016,481.62925737474006,660.0893024550695,478.85526562013894,662.5824378677438,476.0407692265799,665.0347603328114,473.1906314958274,667.4505968273274,470.30949385578407,669.8343991299636,467.4017886903639,672.1906762444268,464.4717279587686
164,514.5928580200349,534.5818165508493,517.8410937888308,536.4733968412553,521.244605544673,538.0683189879412,524.7790951835048,539.3472236246375,528.4085636884557,540.325522957941,532.1010508311912,541.0306451752405,535.8322255228691,541.490225337423,539.5840560378923,541.7302014104126,543.34340070267,541.773189606914,547.1006393292228,541.6383485619535,550.848596655862,541.3413692385889,554.5816938214708,540.8945736137784,558.2953553426338,540.3075962115107,561.9855361410313,539.587526040847,565.6484344994151,538.7394769126746,569.2805002362177,537.7677824067669,572.8788958423557,536.677945168401,576.4416907140379,535.4767718548694,579.9679341038423,534.172137097887,583.4576420599084,532.7726575640083,586.9117062158668,531.2873356215672,590.3317863665008,529.7253115588987,593.7200473946419,528.0953853162617,597.0786224197428,526.4051139346142,600.4085921766377,524.6591534563922,603.7095401468406,522.8589282765328,606.9798365648807,521.0036098047096,610.2173137106595,519.0916055727273,613.4197341304093,517.1214542318482,616.5849427717187,515.0920637282285,619.7109442875081,513.0027886486039,622.7959422260261,510.8534325315038,625.8383205910602,508.6441631392757,628.8369153039283,506.3758216691473,631.7912892362637,504.0501731184463,634.7018494040958,501.6699132648645,637.5694611823131,499.2380759798446,640.3949613520058,496.75743010727535,643.1786033448125,494.229901829466,645.919739850205,491.65633789767776,648.6169334876266,489.0367625758128,651.262930786234,486.3655155538481,653.8515859533871,483.6386582625339,656.3856234828608,480.86095791121187,658.868907766977,478.0377793205693,661.3055699797102,475.17425329489333,663.699954505818,472.27527321670743,666.0565726812864,469.3455010330959,668.3800638776248,466.38938071670196,670.6751264766395,463.4111291121398
165,517.0259375831237,534.1185436121428,520.1861540102121,536.1548537941144,523.4756178892999,537.9741863930437,526.9049362818452,539.5129669317171,530.4607916430953,540.7310499647248,534.1086213882413,541.6382134938526,537.8153621527582,542.2639421803602,541.55604662948,542.6379320943963,545.3127362173092,542.7815077263629,549.0715715270628,542.7107312048065,552.8213167108067,542.4392954338874,556.5528684833923,541.9808125511117,560.2592175139007,541.3498969074807,563.9352415763934,540.5610591911229,567.5770389160301,539.6267256645815,571.1814845841063,538.5572259226166,574.7461095620013,537.3616176325883,578.269273614667,536.0487936654777,581.7500869574503,534.6274284447431,585.1883188650008,533.1059035903579,588.5843139695318,531.4922687772194,591.938919053077,529.7942295305907,595.2534575988068,528.0192226034902,598.5296558755405,526.1743832856807,601.7696523825626,524.2666576097685,604.9761042283413,522.3030543220115,608.1514375604346,520.2895042930948,611.2970550505576,518.2298353605048,614.4133098143062,516.1260012867314,617.5007099184056,513.9800424278009,620.559868927658,511.794009601271,623.5899426274906,509.5678422561008,626.5878339464097,507.2985321476308,629.5492853468926,504.98188257191094,632.4696175110385,502.6136234120021,635.3438212356077,500.1896046113993,638.1672544379787,497.7066439333172,640.9375214862321,495.1645013480267,643.6549800736678,492.5659753334611,646.3212770672288,489.9149705406274,648.9374307211103,487.2144673289106,651.5032592841835,484.46609572265436,654.0260831381032,481.67816977355943,656.5135540610669,478.8586469520368,658.9691971949446,476.0113550597945,661.39641856433,473.1397909098014,663.798721385087,470.247343604837,666.1796871997326,467.337303376313,668.5429595299548,464.41287276317564,670.8922271326128,461.47717753127307
166,518.2142147536216,533.9481659904505,521.3398426098997,536.0370011764242,524.6050577295158,537.8994265710791,528.0111621403422,539.4893297492824,531.5374848149115,540.7910996150654,535.1564339408906,541.8077647560733,538.8415807729576,542.5500074206333,542.5698846211841,543.0314375713452,546.3218046790521,543.2677384287664,550.0812346251663,543.2750652855585,553.8350780190244,543.0688249877358,557.5726487747994,542.6628334233847,561.2850303527122,542.0688691155688,564.9646131195323,541.2971880122907,568.6050400619996,540.357848546472,572.2013751675197,539.2616241127656,575.7503270089805,538.0204356734383,579.2502379635597,536.6469351838163,582.7009913048279,535.154137537613,586.1038282151022,533.5550491197206,589.4611173251541,531.8623568811095,592.7761952341165,530.0883665823011,596.0528180243421,528.2442757015313,599.2944358862316,526.3392992068914,602.503361309767,524.3797408810572,605.6800302465492,522.3683096470912,608.8232486174982,520.3050019599712,611.9310964320991,518.1887964357819,615.0019300635087,516.0192310430556,618.0344297959144,513.7964009407495,621.0275551030402,511.5208285687358,623.9806122420052,509.193493099209,626.8931047373517,506.81558952882347,629.7636939399954,504.38726954754765,632.5892450193116,501.90670004333754,635.3652055203456,499.37077071356686,638.0860747877149,496.77584051165854,640.744357122271,494.1168572069141,643.3326927889146,491.3897588141878,645.8488716664372,488.59592544364887,648.2982360805995,485.7433115778516,650.6852240797326,482.83828629461055,653.0141180636463,479.88646970172874,655.2895135057414,476.8932070838345,657.5162526318597,473.8635623089131,659.6993673333668,470.80232307033646,661.8440314757037,467.7140154600873,663.9555222254389,464.60292567222814,666.0391896236187,461.4731269743954,668.100415022694,458.32849846750383
167,519.5366756083803,532.9034153631083,522.5735142155029,535.1201575584149,525.6917660810616,537.2205043879256,528.9185033893175,539.1494934053409,532.2740547803396,540.8436888563529,535.762792456834,542.2422892403579,539.3680047325846,543.3049824890174,543.056894251436,544.0260261174828,546.7944979368184,544.4258408217038,550.552063639203,544.5348301407907,554.3083215912812,544.3835299057514,558.0478260989564,543.9971559226108,561.7586392327125,543.3941974893454,565.4305186343427,542.587187814401,569.0543355880696,541.5861011248683,572.6226790267528,540.4022544588876,576.1311343912267,539.0510518353123,579.5789052067723,537.5515851633281,582.9687126066257,535.925168568767,586.3061746213413,534.1937515919969,589.5987435281444,532.3783237092287,592.8533803863223,530.4956859148621,596.0747551876387,528.5566629815372,599.2645288269844,526.5660757989658,602.4224520923686,524.52533697203,605.5475520811618,522.4346821282031,608.6386032637494,520.2940089290981,611.6942881922032,518.1031507650804,614.7132281756486,515.8619320670626,617.69397420538,513.5701637425309,620.6350302532109,511.22768059313006,623.5348376196631,508.83432682357676,626.3916974999545,506.3898711724635,629.2040738374485,503.89436668261106,631.970656375078,501.34818917132856,634.690201601729,498.75183313182174,637.3611199079169,496.10548242606257,639.9812981840531,493.4088884253253,642.548358854036,490.66168446069855,645.0592160505762,487.86302940249243,647.5093144773366,485.0110365882012,649.9010919186608,482.10993932329757,652.2406347118072,479.166540546215,654.5336550203675,476.1867429956584,656.7860784401769,473.17612972482516,659.0040299266841,470.1400217288623,661.1937841789629,467.08350688168025,663.3617259294839,464.01147650845496,665.5143186280617,460.9286674942954,667.6580784207835,457.83970734017106
168,520.3823045541228,532.4233804704697,523.2900275133348,534.8069636505223,526.2929697340126,537.0689348894323,529.4335871991764,539.134710328949,532.7367023046503,540.9282194324335,536.1975271334102,542.3940189642353,539.7859279605401,543.5120998437257,543.4619289147045,544.2965924940719,547.1909498512182,544.77021712139,550.9454829927904,544.9560845807985,554.7038515276693,544.8749712225023,558.4485986600586,544.544234531493,562.1649472547141,543.9770878557429,565.8396973459892,543.1837642453083,569.4611176339563,542.1744056373933,573.0201107027127,540.9629941178925,576.5115055429526,539.5684679759347,579.9343330642628,538.0130167568179,583.2914753777228,536.3202799013037,586.5886492975665,534.513382483979,589.8322313244565,532.6118713884855,593.0282568795825,530.6314141544433,596.1824230132736,528.5849050996854,599.3004964036971,526.483784747715,602.3871015572252,524.3366862828034,605.4445190381554,522.1482210486178,608.4729118814267,519.9197640655658,611.4715073406855,517.6513725450324,614.4386520222486,515.3419988121564,617.3719798541432,512.9898269855589,620.2689147557338,510.59298155042273,623.1271619727778,508.1501356689357,625.9439086958093,505.6595585055511,628.7156773345829,503.11902969944106,631.4384652778517,500.52608557720265,634.1078996112421,497.87825833824553,636.718991688207,495.17289384841035,639.2680348220804,492.4089915578032,641.7560931864921,489.59004338772957,644.192239762545,486.7260808428092,646.5917750783783,483.83134099034976,648.983957489641,480.9305089848342,651.3950905704963,478.04541650749155,653.8271146745019,475.1779116410043,656.2792153143413,472.3275552089387,658.7505884736249,469.4938918820665,661.2404408341185,466.67645119301716,663.7479899504449,463.87474853615475,666.2724643440106,461.08828612266075,668.8131253338345,458.3165739709578
169,521.4717078132074,532.4395873123253,524.4075034181316,534.7884676190216,527.4370623567014,537.0147509782034,530.5865924322322,539.0673678494453,533.8689238004815,540.8997003153888,537.2827917587994,542.4730144904366,540.8151980242352,543.757965236726,544.4438226683634,544.7388620664218,548.1416275543572,545.4140109508039,551.8818009979725,545.7896961840088,555.6399875396485,545.867915345105,559.3924291225363,545.6464421462515,563.1150160047684,545.1245970313025,566.7851957234022,544.311985340292,570.3861475608089,543.2326999481245,573.9092131082596,541.9207829351677,577.3534863230632,540.4137050931474,580.7227596558846,538.7454181411232,584.0221159210489,536.9426372723176,587.2569637693263,535.0264080751268,590.4330232227501,533.0141611155977,593.5566447407373,530.9213801381446,596.6345669533808,528.7619049376742,599.6731957209979,526.5474508503178,602.6776443466139,524.2868241105132,605.6509125621077,521.9853331111169,608.5945738336976,519.6460888474496,611.5096507549654,517.2713155764567,614.396999278402,514.8629025668246,617.2573705356997,512.4225085665722,620.0915132544404,509.9517006714948,622.8996260351155,507.4513487330308,625.6806883733848,504.9209471343843,628.4319762175469,502.3582095683056,631.1496446510878,499.75985566370855,633.8293529559922,497.12238001352216,636.4666109040267,494.44246734012063,639.0571073058929,491.7173355878142,641.597485172106,488.94542947302364,644.0855780431084,486.12649926145264,646.5204420605106,483.2614652525355,648.9025223013846,480.3523915371474,651.2345245129811,477.40301229394385,653.5199943359612,474.4174216162653,655.7626598517279,471.39953782764627,657.966396506743,468.35310411823366,660.1351968268452,465.28169461208535,662.2731446827996,462.18872469219826,664.3843938738719,459.0774646858407,666.4731263797981,455.95103997701955
170,522.2663511961623,533.1341983264372,525.1040667518693,535.6006368358331,528.0444235136199,537.9434384403411,531.1175879653434,540.1085510280551,534.3448711675487,542.0357512989772,537.7296971684214,543.669837701461,541.2546601725502,544.9740665476406,544.8895115243023,545.9302974903947,548.5988573829745,546.5370185122127,552.3479232042716,546.8073407431052,556.1066544730194,546.7640651025432,559.8508689716923,546.4298722116074,563.5605898304672,545.8221357595437,567.2181595050957,544.9538227361593,570.8083401571728,543.8389941961443,574.3191613847056,542.4947596984205,577.742824857868,540.9416807329617,581.076575571344,539.2037460817149,584.3241035385873,537.3093487070157,587.4954696257653,535.2898307585159,590.6058157757212,533.177388080543,593.6724510843337,531.0018847903103,596.7092091715047,528.7848270836952,599.7237028762854,526.5375812275299,602.7177223620663,524.2631287816142,605.6899453166858,521.96026934587,608.6382134847779,519.6268245605098,611.5600387787938,517.2603584905114,614.4527198586296,514.8583608006148,617.3133955457516,512.4183402538335,620.139013169002,509.93781286114563,622.9263439134037,507.41434686718077,625.6719531138285,504.84555706728804,628.3721514194763,502.2290835459346,631.023054852263,499.56268802240965,633.6204232004153,496.8441271979092,636.1600777937474,494.07158249165724,638.6396147053171,491.2451414248612,641.0629453297978,488.37034326646256,643.4399888782788,485.45712619499676,645.7896505539844,482.5217471185786,648.1385624607096,479.58576478398203,650.493838516078,476.65488541841677,652.8555989423348,473.7292288051447,655.2239584723844,470.80891172661217,657.599031142119,467.89405181835815,659.980930266575,464.9847675771209,662.3697684153727,462.08117836822686,664.7656573874502,459.18340443224986,667.1687164291263,456.2915737554802
171,522.3069683454386,532.2982144193062,525.1767166234322,534.7274268174883,528.1269937702276,537.0579491928648,531.1809794989065,539.2505604783782,534.3523114333615,541.2694071297602,537.6497020587499,543.0745850548623,541.0766142928946,544.6191104658084,544.6255313873901,545.8571719195355,548.2754473047088,546.7541635025786,551.9957254276255,547.2883458629886,555.7507917611189,547.446142530371,559.5028654503761,547.2270518760531,563.2168647155115,546.6493838155134,566.866323061964,545.7489014768629,570.4356308133812,544.5693107245845,573.9188331361829,543.1549865266866,577.3169032464727,541.5464488758229,580.6351375669235,539.7788150577836,583.880255076224,537.8801228121721,587.0585226992707,535.8714394230199,590.1751186866973,533.7682770314647,593.235044887645,531.5834375030804,596.2436140403628,529.3283640796776,599.2061063352996,527.013064653172,602.1273225577083,524.6458800140838,605.0115687983514,522.2337716728675,607.8634472554022,519.7834654385695,610.6882545383016,517.3019863631204,613.4916757514529,514.7963630153976,616.2782680164122,512.272032471819,619.0490603683913,509.7303703153439,621.8015745509613,507.1689302036737,624.5309629312941,504.5828698570099,627.2317713884732,501.9669855446943,629.8982434453253,499.3161212902095,632.5243769908793,496.62530271830303,635.1038287489381,493.88971795953694,637.6297655880824,491.1046608559351,640.0958130286043,488.2664525190051,642.4982659387457,485.37421550124117,644.8410671325702,482.43341558715707,647.1411852963279,479.4590799004831,649.4070988605604,476.4585996033088,651.6417383524904,473.4347513741417,653.8480778193446,470.3901888707271,656.0291599071012,467.3274783209463,658.1880831865772,464.2491048951851,660.3279911724585,461.1574804734442,662.4520628806446,458.0549525345807,664.5634895180535,454.9438036281218
172,524.5999302254539,533.6744913029881,527.3527431950886,536.2355500169133,530.1797864667271,538.7141015721486,533.1367349977324,541.0354067585441,536.2718283450041,543.1086815004397,539.6020000567861,544.8502562503685,543.1056673640055,546.2093538097729,546.7365163759482,547.1797745289123,550.4455405633357,547.7884066705412,554.1940344154297,548.0677613169252,557.9529847262934,548.0437894538219,561.6992384178844,547.7332260914318,565.4122990813318,547.1464832950387,569.0717748341771,546.2867419521277,572.6556909973156,545.1527022764985,576.1427010201066,543.7485463710392,579.520394844538,542.0983064093181,582.7915137265096,540.24528279546,585.9690017762886,538.2355948757122,589.067780322663,536.1063739873979,592.097998351697,533.8805753407281,595.0660835936657,531.5725282088213,597.9772634385307,529.1930721098571,600.8367678578168,526.7517306740834,603.6497257595418,524.2568777683933,606.4212841653116,521.7160949289862,609.1566412782951,519.136364524836,611.8610865379985,516.5242342226162,614.5400965606899,513.8860142322374,617.199512796292,511.2280366657178,619.8455550764255,508.55673960196157,622.4833659797865,505.8773122992794,625.1144382340842,503.19126800579505,627.7351589424311,500.49512636209744,630.3389544702234,497.7826431403012,632.91795733004,495.04658769930927,635.4636111176853,492.2794937430663,637.9653774979607,489.4726830416127,640.4115236967057,486.6173002181591,642.7928262729571,483.70763159818813,645.1092111948925,480.74599740473525,647.3765849808525,477.74663172453467,649.6064211690336,474.7192479505562,651.80194960534,471.6668873233596,653.9662408309601,468.59229469054463,656.1024433849933,465.4981165927335,658.2137693098788,462.38690740854145,660.3034816325945,459.261137157412,662.3748836668337,456.1232006386988,664.4312977033022,452.9754196451374
173,526.105956005053,534.7135904280818,528.9875566444056,537.1286787840686,531.9585809411577,539.4325988866318,535.0443702984919,541.5800074164548,538.2610865731707,543.5253911263165,541.6107430312528,545.2313894285454,545.0850697006589,546.6661362739419,548.6699104894792,547.7961035039397,552.3452836346829,548.5819973998458,556.0816697027522,548.986473968748,559.8398687846288,548.9887929592916,563.5775979527114,548.595671154039,567.2587272342457,547.8365376438497,570.856994116852,546.7496340462824,574.3549015772535,545.3730478543292,577.7406650270857,543.7396415884047,581.0056094239615,541.8762083882497,584.1458592349012,539.8093337430305,587.1650919266705,537.5691323419348,590.0768445298339,535.1906591637833,592.9040944434494,532.7121388123195,595.6718478362013,530.1672355541699,598.4106262048685,527.5911036233596,601.1554093451302,525.0213788668613,603.9273356111795,522.4809789804559,606.724528352264,519.9684041538512,609.5335195172404,517.4690145161358,612.3399015628838,514.9666987440575,615.1280679042487,512.4441231036958,617.8823378676484,509.88461600223286,620.5911441171417,507.2770599950124,623.2503660553961,504.6189535685922,625.8628601084333,501.9148924999278,628.4337997422816,499.1712775683725,630.9690905553863,496.3946744137716,633.4753555370709,493.59183178961507,635.9606011966882,490.7703257187899,638.4325153888997,487.9371278786551,640.8924550179565,485.09352982662574,643.3325620817428,482.23290650005447,645.7390959423287,479.34400795806596,648.094254816302,476.41311584141494,650.3945340357851,473.4389259353672,652.6533765974714,470.4331264029677,654.8763096497179,467.4006674396064,657.067240223377,464.34500127177483,659.2301775260087,461.26945187819285,661.3692117813848,458.177226276634,663.4884962475094,455.071428396063,665.5922236746561,451.9550693226844
174,524.9858778391189,534.8073810992064,527.7199028147285,537.388381691028,530.5571118846707,539.8550078395963,533.5509548924894,542.1281765103637,536.7266533680446,544.1387665464499,540.0757404897973,545.844940163192,543.5664266194859,547.2388911563348,547.1671616693349,548.3173062541144,550.8501829139071,549.0676106016498,554.5872657767809,549.468511150149,558.3455799362566,549.4996608237643,562.0885940880704,549.1589918306147,565.78287458611,548.4661561941366,569.4033006570673,547.4552204007437,572.9339722134978,546.1647193599971,576.3661086233828,544.6308460611144,579.69614728513,542.8860799237951,582.9245457777415,540.9595099323673,586.0551745144743,538.8776509123641,589.0950967036177,536.6653030771345,592.0535154311182,534.3449840296717,594.9400935053386,531.9358054645412,597.7634246254418,529.4527595416033,600.5306060890675,526.9072554309189,603.2482307132981,524.3088844570523,605.9227483726438,521.6661445104983,608.5605054282365,518.9866970198887,611.1676864178726,516.2774772291758,613.7502943368785,513.5448140189158,616.3141851566927,510.7945758515681,618.8647643426906,508.0319843719369,621.4059151347374,505.2607161868952,623.9390403463042,502.48211012449144,626.4628622076906,499.69505249003936,628.9736617114991,496.89626086436294,631.4659868109022,494.08101080612374,633.9338005994883,491.2442574794238,636.3706049200226,488.38083279080814,638.7698174256199,485.48584791499957,641.1265253750703,482.55616300658676,643.440990751234,479.59298509254495,645.7269507576179,476.60773125620057,648.0066513771301,473.61768957363176,650.2847086677383,470.62639561747847,652.5619943232231,467.6345141409451,654.8393804858267,464.6427091723847,657.1177393641328,461.6516449295754,659.3979426902857,458.6619866119878,661.6808611715905,455.67440118965516,663.9673662912837,452.6895599916423
175,526.3261302642886,534.8351353122383,529.1429915801407,537.3255825893755,532.0270485383355,539.7376249237738,535.0207357036659,542.0117333229949,538.15144425308,544.0927157524123,541.4280470324678,545.9349839416504,544.8468123155191,547.4971662351528,548.3956804409012,548.7347901615033,552.0513267935916,549.6072333691526,555.7782181062522,550.0916915719449,559.535401462189,550.1815029217915,563.2810576143556,549.8743827450872,566.9736185852094,549.1745626048616,570.5754450428376,548.1009615438174,574.0568324786494,546.6842301766106,577.3966989655938,544.9597167563994,580.5858575611007,542.9697178837521,583.6330095327731,540.7678804818132,586.5648829041065,538.4142731749159,589.416424355446,535.9636926622885,592.2192168006754,533.4574050571117,594.9925860236518,530.9185659679202,597.7441110704141,528.3560625821556,600.4760334849069,525.7726695051416,603.18872137537,523.1690862930834,605.8820501359694,520.5454817928139,608.5556406493756,517.9017662092182,611.2089476157206,515.237694634396,613.8412811603462,512.5528983378487,616.4518025232563,509.846889457737,619.0395131572776,507.11906007555433,621.6032394089548,504.36867842567244,624.1416192651058,501.59488869262714,626.6531732125151,498.79678771343623,629.136607578613,495.9737010168672,631.5910216515622,493.12534836866564,634.0158683595007,490.2517829001233,636.4108012108004,487.35323909609565,638.775518994529,484.42999273950966,641.1098627705526,481.48243433072173,643.4149429535832,478.5119313769795,645.6965175420733,475.52332529842204,647.9706346308685,472.5290347093113,650.2451547062055,469.53505022915067,652.5209197032307,466.5420119595399,654.7986575697107,463.5504748557742,657.0790952785112,460.5609954066989,659.3629584514126,457.5741321895311,661.6509709725829,454.5904464175729,663.9438601690805,451.61050677472497
176,527.1539913907535,536.499772784967,529.9638204751438,538.9980565005085,532.8643707112209,541.3900323168834,535.8961022243274,543.6128461511488,539.0803889016337,545.6105258115381,542.4160104484985,547.3433978316398,545.8870909219996,548.785677673417,549.4733418582697,549.9109382216291,553.1508481097344,550.6866406380755,556.8886447960145,551.0778341519855,560.646657991657,551.0597080352069,564.37904725954,550.6216558823868,568.0398364969795,549.7718382799757,571.590887549942,548.5407621961394,575.0093116974441,546.9779016669503,578.2879413034512,545.1390628115173,581.4314931827842,543.0773147918921,584.4512037666898,540.8377720612218,587.361646807199,538.457730020919,590.1790565325932,535.9681029984955,592.920612038742,533.395076248584,595.603855703754,530.7612258222855,598.2447883455825,528.0849113625653,600.8557216311154,525.3793038583829,603.4452809464966,522.653223156787,606.01975152915,519.9128832383927,608.5848091711413,517.1637275321798,611.14572753851,514.41071438351,613.7073582133446,511.6583641842016,616.2741339950421,508.91081278662665,618.8499537574777,506.1717398162786,621.4355630093867,503.44190523264,624.0268415344374,500.71744936463375,626.6147026376065,497.9897493630151,629.1879928535332,495.2483085478962,631.7351451852508,492.4825818368343,634.2443107302762,489.68237038115836,636.7034008389987,486.8381106559723,639.1017238245196,483.94245020269744,641.4346571015117,480.9938524183073,643.7026111839042,477.9949791312719,645.9151064318918,474.9549061344746,648.1078563657869,471.9005272547178,650.2984017468781,468.84456660750476,652.4884157387404,465.78822509374044,654.6793295357261,462.73252858612335,656.8725740261692,459.67850465270436,659.0695785352826,456.62718470486135,661.2717695330239,453.5796061267059,663.4805717915426,450.53681618449895
177,527.4517955479429,536.8152221870016,530.2517680610378,539.3246443339067,533.1215369833459,541.7536239114148,536.112509648511,544.0310879466921,539.26289865867,546.0814940760233,542.5874418865999,547.8346304328635,546.0734588627167,549.2391002023421,549.6862041107736,550.2750011636333,553.3853861502869,550.9396970373779,557.132290779816,551.2341337898455,560.8898807595868,551.1552250688926,564.6200752406996,550.6961307719891,568.2824072680518,549.8523972023802,571.8380905479726,548.6348163830942,575.257969811474,547.0754125998842,578.5288857868761,545.2231879122821,581.6508840513993,543.1291758128492,584.633208250107,540.8402465444997,587.4910071759704,538.3973466486547,590.2433763149537,535.8360480791084,592.9123115723512,533.18778170458,595.5218516758422,530.4808768700314,598.0957835618574,527.7400448037753,600.6535708363941,524.9841243761088,603.2074558602809,522.2245853138381,605.7648084724705,519.468260490908,608.330172612926,516.71939205667,610.9058057391183,513.9801436189366,613.4907263882769,511.24965651328665,616.0815810696016,508.52479788121906,618.6737982278258,505.80123500743275,621.2626318545163,503.07445671333585,623.8431932705419,500.3398508099656,626.4104293616873,497.5927351377892,628.9590708834058,494.8283650781902,631.4835473810272,492.04191692775544,633.9778854262769,489.2284671321687,636.4355039335558,486.3828980495077,638.8490969672439,483.49990798514506,641.2103106005234,480.57388547308426,643.508420975502,477.59807323432676,645.7355332552056,474.56877026858456,647.8898265328996,471.4872471663468,649.9754967278836,468.3588535735656,651.9978732075548,465.18916054127277,653.9625849632283,461.9833918585817,655.8754855153076,458.7464285445912,657.742590658901,455.4828257027022,659.5700286985344,452.19683866961884,661.3639581202956,448.8924321235323
178,529.983823710004,540.2794105680418,532.9463587538266,542.5944003418975,536.0119582322036,544.7706241186858,539.2107917484842,546.745107455344,542.5565951800507,548.4581269140575,546.0420431259694,549.8649763132996,549.6429826028394,550.9421794989936,553.3294260884608,551.6749836584546,557.0691883344758,552.0497442724912,560.8276240839108,552.0534664834589,564.567692903467,551.6823757509252,568.2532927997911,550.9456480403612,571.851598898832,549.8597402243979,575.3332832202278,548.4436017372336,578.673404126578,546.7196478528807,581.8580860698736,544.7226815045719,584.8884729881514,542.498055313331,587.7793101068298,540.094510484015,590.5506985585932,537.5539103830605,593.2228481228227,534.9089785306656,595.8116220138189,532.182316229353,598.3270068735679,529.3877682201271,600.7771042238442,526.5357660625335,603.1808315422958,523.6445168593622,605.5691541186372,520.740503262541,607.9750573817411,517.8510559650808,610.4142003301542,514.9896246853299,612.8838420918676,512.1544598615327,615.3740680986377,509.3373472991582,617.8752547695656,506.5299564106478,620.3786724710039,503.72455378515747,622.8764133798634,500.9140979691468,625.3614088506173,498.0923707024625,627.8274289928859,495.2540506383777,630.2690131990316,492.3946892064723,632.6813318050658,489.5106010063296,635.0602837112402,486.5989342885593,637.4037607239118,483.65863903657316,639.7141709519351,480.6922829184916,641.9992337016558,477.7063462134398,644.2684950602265,474.70837665709985,646.5351735196951,471.7084527275229,648.819906584367,468.7222673887601,651.1284275879251,465.75443247334545,653.4596568422545,462.8044003961748,655.8125063776516,459.87158200712247,658.1859028970943,456.9553654675323,660.578788052756,454.0551179547724,662.9901185643365,451.1701872834741,665.4188758849149,448.2999116331462
179,529.3523045460779,540.5661744793822,532.3145070236908,542.8815338355702,535.3806088798142,545.0571265019278,538.5670288416557,547.051989485125,541.8826565779226,548.8233052596611,545.3296317787982,550.3222985992669,548.9007028727348,551.4942597165682,552.5731027754432,552.2927042321039,556.3104921431644,552.6864432909354,560.0685256716508,552.6639985870013,563.8024034852306,552.2366209636157,567.4745244846315,551.4353296137956,571.0575183715351,550.2993008677455,574.5326534978773,548.8663776190263,577.8864317046657,547.1684263898753,581.1078899576987,545.2309680047274,584.1864720854528,543.0736067178234,587.1132231088546,540.7142476308295,589.8874823762717,538.1771515318813,592.5220033907673,535.4949962859964,595.0390724651421,532.7021274225718,597.4654746504585,529.829998549007,599.8294069168314,526.9061503962279,602.1583508251911,523.9543137114149,604.4751644346912,520.9929360543417,606.796212438116,518.0348781430695,609.1327161429896,515.0890202817176,611.4945791406079,512.1634667710457,613.8919838699159,509.2669855763638,616.3345707182648,506.4085220536315,618.827705302573,503.59404154150343,621.365297856387,500.8195537503212,623.932445710838,498.07235989502766,626.5105226336739,495.3354085505322,629.0824930356778,492.59272345699014,631.6327617654852,489.82986556844156,634.1468448647167,487.03406628522015,636.6106958693113,484.1939347163528,639.0105965454057,481.2995962879201,641.3382641737693,478.34686743766247,643.5938776835593,475.3387146983575,645.7913158262216,472.28774602007996,647.9590839702231,469.21559461765133,650.1075698127221,466.12992562192994,652.2390720897629,463.03249888815003,654.355900029228,459.92502367368917,656.460386081621,456.8091757575811,658.5548814022609,453.68660232821486,660.6417517837101,450.55892718316215,662.7233696676533,447.42775332240706
180,531.6498666275174,542.5898724474724,534.7029556430575,544.7840636714832,537.8478921079316,546.8441234242802,541.1055464111059,548.7203389533067,544.490672523784,550.3545571533858,548.0070477294004,551.6819048158582,551.638991883199,552.6480050516037,555.3536616183101,553.2178106113803,559.1084401159029,553.375225712221,562.8575652518358,553.1160874405532,566.5552823457161,552.4450615272794,570.1613232196273,551.3859662970443,573.6480126990989,549.9821445218918,577.0023191499488,548.2855429509802,580.2163543098001,546.335914526785,583.28199525614,544.160261996177,586.1885730008644,541.7762345468474,588.9242535350273,539.1978395982507,591.486128557563,536.4465386593326,593.8874312966832,533.5537753597348,596.1593609881236,530.5580787104838,598.3482919142044,527.5010258052397,600.5123217091351,524.4262338019837,602.7168975490507,521.3804940109369,605.0159188203536,518.4055447604661,607.4276000844455,515.521178319666,609.9295674466155,512.7146241631349,612.4877809362779,509.9591405286254,615.070969941133,507.22701748381814,617.6538974896612,504.49464701781284,620.2153331245981,501.74214136900866,622.7406520985337,498.9564825315353,625.223660219777,496.13304520364017,627.6665742667951,493.2748365862357,630.0759123357362,490.38825522935014,632.4599399736686,487.48072420508794,634.8278661370754,484.5600576303984,637.1898876989507,481.63461089990653,639.5570858243236,478.7133538051492,641.9379999442398,475.8032687469545,644.3280409200789,472.9006687402207,646.7067899024643,469.9888132229226,649.0698894734306,467.0642425399155,651.4182123607158,464.12779287419465,653.7526441867036,461.1802873874548,656.074081724754,458.2225362848976,658.3834317626298,455.2553373914047,660.6816100451259,452.27947680064034,662.9695402921154,449.2957295893254,665.248142666327,446.30485250924033
181,531.5641416109798,543.5094477138057,534.6471404419593,545.6613477455434,537.8299567707861,547.6621682832141,541.1374850990624,549.4485266167542,544.5809106632365,550.9555748330761,548.1461385344468,552.1458124054362,551.8050427998365,553.006248163165,555.5266183630046,553.533155589561,559.2808625201567,553.7136793376933,563.0345321941468,553.525743955237,566.7463272010118,552.9381537555305,570.365463633901,551.9266452679359,573.8416549849518,550.4989047727113,577.1471175004393,548.7100560322256,580.2809540379429,546.6342068059091,583.2597996000361,544.3409186505069,586.1025102953375,541.880594418309,588.8214781351757,539.2840281263273,591.4244532452456,536.5711175322381,593.9162100462995,533.7556664551057,596.301736151431,530.8495915476585,598.5985224241755,527.8727769224083,600.8481073885997,524.8600206119821,603.1086699697705,521.8555205851568,605.4302481300808,518.8979883161986,607.8184405842816,515.9939545400563,610.2537301147612,513.1292393609974,612.7106809025115,510.2830561982299,615.1696201992452,507.4385886574376,617.6144745867697,504.5820160366216,620.0325392427192,501.7027446468362,622.4178693490666,498.7962956446829,624.7751749249179,495.867058816312,627.119010470079,492.92702205127256,629.4692128949943,489.99207879460306,631.8487193762821,487.08087731932807,634.2780525953882,484.21115252968906,636.7581654879307,481.38517791742527,639.2647479443701,478.5826046067293,641.7604795180996,475.77038484202916,644.2107367153855,472.91852249179703,646.5911077965403,470.008129567476,648.8950584158354,467.03685593126414,651.127003835272,464.0111015099196,653.2919974176466,460.9370685679665,655.395440776242,457.8205805921584,657.4429969599053,454.66707936372165,659.4405178966141,451.4816373302132,661.3939859935966,448.26898151351213,663.3094369578506,445.0335069666793
182,532.8344380396205,544.6310167233754,535.938943619307,546.7514727680972,539.1639016098147,548.6832439343747,542.5241056213338,550.3680715376846,546.0159251731317,551.7592251314592,549.6190541314622,552.8294142927849,553.3041450086042,553.5696680545036,557.0411416489108,553.9728316447529,560.7993293783026,554.0276995803123,564.5450262502274,553.7185016163402,568.2390125941225,553.026605206659,571.8342456087307,551.9327222824354,575.2769523121813,550.4265998293419,578.5174928231296,548.5237652229584,581.5299616750704,546.2764895826319,584.3233430261391,543.761222321614,586.9291612875643,541.0514893893762,589.38931165757,538.2084573551341,591.7485962169569,535.2809446955043,594.0527107901474,532.3097003917345,596.3419597573766,529.3269632819665,598.6442207241604,526.3542670581928,600.9713476025078,523.4010030331722,603.3250926911362,520.4689088079111,605.7038108553489,517.5570353472532,608.1048168235025,514.6635088600335,610.5248656471127,511.7858872462124,612.9605296120495,508.9214678522072,615.4083102824618,506.06739371355826,617.8647085637391,503.2207315629257,620.326280806643,500.37854137492434,622.7896746187233,497.53792953205254,625.2516952257861,494.6961276342677,627.7094076261151,491.8505995823435,630.1602110233188,488.9991196050588,632.601830992959,486.13977319562923,635.0324984511076,483.27111130988976,637.4503024517364,480.391600826143,639.8521742841317,477.49879075885354,642.2330796892063,474.5887051410724,644.5885977585091,471.6580361216219,646.919986876572,468.70812841899084,649.234593467743,465.7450299978896,651.535328957363,462.77114722520855,653.8239586901338,459.7879371692252,656.1022652821838,456.79683498845725,658.3720455903053,453.79925687181225,660.6351079062674,450.79660315644446,662.8932693505003,447.79026159581895,665.1483524102947,444.7816099830442
183,533.4696159760471,545.56056444904,536.641644546019,547.5788049404576,539.9105128860356,549.4357674007146,543.2858202000231,551.0909509895816,546.7697845339741,552.5025806501802,550.3555631761669,553.6300560185114,554.0273810095938,554.4331106218448,557.7601224494513,554.8708101747518,561.5179720044896,554.9015347182136,565.2526781926742,554.4871627347435,568.9069730087313,553.6123952046645,572.4276333577478,552.2984591700754,575.7824885791272,550.604376094605,578.9609440247202,548.5979302541926,581.9669531086529,546.34074495078,584.8109654911083,543.8822414551892,587.5035502727453,541.2585528741106,590.0539179016994,538.4962868574293,592.4702663153943,535.6159621594358,594.760915825236,532.6346215899526,596.9372492946351,529.5687477166198,599.0214680682639,526.439417074978,601.0532445561978,523.2756881645538,603.0909920215086,520.1158209480377,605.2017015605371,517.0043704758921,607.4254299853538,513.9727843178118,609.7591317133474,511.0249041646943,612.1752060575303,508.14405625909234,614.6505062958537,505.31387799947305,617.1688280596273,502.52188156680097,619.7176292038231,499.7576632003561,622.2860277590156,497.0116331380391,624.8638801078862,494.27447062012465,627.4412785840871,491.5368809790958,630.0081982685732,488.78946937675005,632.5545598401246,486.02300443430187,635.0707721394622,483.2291031202458,637.5489616690974,480.4014345612148,639.9823683744311,477.535149262791,642.3652881639923,474.62676585205446,644.6945316307222,471.67521771500583,646.9735898895112,468.6847357313251,649.2067523893857,465.65981883863094,651.3975528867422,462.6040745752602,653.5496495936881,459.52094330115096,655.6668181780475,456.4137177482677,657.7529279009436,453.285550507408,659.8119213481725,450.13946460419737,661.8477975121342,446.978366516711,663.8645977751174,443.8050609693964
184,534.6517477484106,547.3165144169706,537.9486007853841,549.1231022770966,541.352121527921,550.7195816105325,544.8500727711736,552.0969015830073,548.4297120046496,553.2451686349344,552.0793451029679,554.1460605713633,555.7863736701921,554.7688558580819,559.5327605011078,555.0725624688745,563.2902552672115,555.0019601219874,567.0128609797891,554.4912998893387,570.6327813467798,553.4855955463478,574.0851947632025,552.0028911359082,577.3362465420555,550.1175880018468,580.3892770579522,547.9249376056587,583.2663144834746,545.5052916601629,585.9897191238304,542.9135921361839,588.5786307731461,540.1873426950301,591.0504082313232,537.354322949082,593.4231615354176,534.4377632444609,595.7150928332917,531.4571996908522,597.9430879221425,528.4284998142675,600.1223111116282,525.364490151036,602.2672899312445,522.276389387643,604.3951536528444,519.1764583266798,606.525636297624,516.0783287974239,608.6799754693346,512.9967610072953,610.8790314776772,509.94697908555764,613.1400130673981,506.9428572926026,615.4682403417761,503.9905412938478,617.8570823328849,501.08702461116974,620.2943777195069,498.2240351266038,622.7713012288872,495.3952460781471,625.2802990599887,492.5948539346746,627.8124488239997,489.81536553034846,630.3558502411553,487.04616160887883,632.8964832064354,484.2744196675061,635.4203776700053,481.4874394355927,637.9158205963615,478.674968759742,640.3748738532715,475.83063812013256,642.7914633789362,472.95015488695174,645.1561977974885,470.0269772503939,647.4777761304388,467.0693441312926,649.7979530026433,464.1106027558659,652.1294479938526,461.16077291523027,654.4722636541909,458.21992522894,656.8244139567203,455.2865373705893,659.1838794793578,452.3590295944514,661.5486531267278,449.4358074329308,663.9167367623327,446.51526571952684,666.2861373220308,443.5957921868139
185,534.6800445772105,548.3675240653918,537.9699503164504,550.1865989323229,541.3737451923266,551.7822587575041,544.8802397713125,553.1372551241578,548.4762020000642,554.2326364776093,552.1462900299515,555.0452217524256,555.8712703764561,555.5483257028211,559.6262978608975,555.7116906246277,563.3784953122627,555.4986199249906,567.0842166334241,554.8742472139684,570.6912436307643,553.8205566877592,574.1474762519047,552.3456094241901,577.4118226405595,550.4836048980837,580.4643076114073,548.2907057354203,583.3111516077188,545.8360418689178,585.9747580879776,543.1831444840084,588.4843821396396,540.3838018463618,590.8707318303465,537.4784447044078,593.1630982330422,534.4982465093507,595.3858737074709,531.4657199475508,597.5584397734848,528.3969866386699,599.6971742542269,525.304557549271,601.8180685526745,522.1998546439692,603.9374010802067,519.0940844463458,606.0716610572813,515.9985629680332,608.2374910849774,512.9250685815753,610.4512310624382,509.88593172598104,612.7270759109297,506.89305547203327,615.075766852334,503.9570322178194,617.504732580748,501.0870955548944,620.0160441891408,498.2889192547467,622.5968881913972,495.5546768407153,625.2203097113704,492.8611780783264,627.8544528813076,490.17814428862357,630.4715662788664,487.4785219882465,633.0473130313414,484.7394557075201,635.5612446267951,481.94360412289393,637.9995914441761,479.0816179743729,640.358305193853,476.1536453554062,642.642684627716,473.1672840149221,644.862563230103,470.1326346656671,647.0442212438189,467.070327878195,649.2295743645017,464.01065531399706,651.4278923136053,460.9602846314852,653.6395536609616,457.91957488079953,655.8649333508044,454.8888908836241,658.1044023686873,451.8686032684623,660.3583274832629,448.8590885570311,662.6270709723373,445.8607292363396,664.9109954372215,442.87391769318106
186,536.3612017116088,549.9786160432824,539.6954033174002,551.7155109610687,543.1331823705666,553.2364308679853,546.6777919243391,554.4874424416793,550.3185898505993,555.4212566685748,554.0316618648768,556.0040264633527,557.7835781510194,556.2272158645045,561.5397216109905,556.0920529687793,565.2651135505598,555.5946692269526,568.9195037505999,554.717488319859,572.4521835306144,553.4362167619436,575.8069240143509,551.7433285296876,578.9358166776224,549.6620461684416,581.8163542858043,547.2480234715872,584.4579844830332,544.5739296324535,586.8894178774468,541.706823099755,589.1530315899802,538.7050194564513,591.3040569612581,535.6212475631643,593.4048347291648,532.502905624424,595.4999201909629,529.3807286270221,597.6133034645828,526.2709182840879,599.7572491862685,523.1821121402758,601.9422459538403,520.1222244000696,604.1767348296555,517.0983051914993,606.4651105483531,514.1149616424253,608.8061287494501,511.17273738627836,611.1931342768722,508.26768212640826,613.6179689198632,505.3941126205131,616.0726039431722,502.5459457248566,618.5494872818277,499.7170972403391,621.0412329748422,496.9013257395675,623.5412333778531,494.0928780138102,626.0440751087519,491.28696142349725,628.5454376689935,488.479726457042,631.0410956880598,485.6674201907101,633.5263948442805,482.8459580367309,635.9960557121354,480.01080191539995,638.4438350953519,477.1567404323872,640.8619978133542,474.27755352947145,643.2437010868541,471.3681441584749,645.5874198730079,468.428042981382,647.9006678790431,465.4638909271699,650.1991471786396,462.48826191508687,652.4897525438342,459.5065669875777,654.7733729243848,456.5195187676675,657.0508368325608,453.52777369087767,659.3229767955276,450.5319830424216,661.590628749065,447.5327936156661,663.8546314575557,444.5308483911051,666.1158240770121,441.52678581867593
187,536.9220446779019,551.5037794399974,540.3075016610492,553.138816909903,543.7779257934835,554.5841463560223,547.34156976594,555.7801805567165,550.9956333217093,556.6604262924534,554.7190149542955,557.1712893061249,558.4755464081727,557.2809495763837,562.2211106377521,556.9751278348932,565.9082689625562,556.2488908276999,569.4916026780195,555.1161913826083,572.934272347635,553.6085212162209,576.2083223073146,551.7627962841002,579.2889639440375,549.6095152454936,582.1583368504429,547.1815979019126,584.8120523730198,544.5193154015632,587.2582129917363,541.6648659459607,589.5118065432396,538.6558010331655,591.5992927132943,535.5289615793325,593.5592467120666,532.3204219012462,595.4490854626921,529.0699183508401,597.3462768474155,525.8237148200699,599.3156043473591,522.6208883198769,601.380866348337,519.4790691932893,603.5384351900303,516.3998998903628,605.7834999016935,513.3839147394845,608.1081921335174,510.4288439229275,610.5017832348956,507.52926469469105,612.9527205193767,504.67796603403997,615.4506474996571,501.86771968131217,617.9859975752167,499.0911710791551,620.5497500951245,496.34081312488547,623.1332566994118,493.6089930903266,625.7280949206786,490.88792875431045,628.3259246631635,488.16971887661646,630.9180613718146,485.44608240165985,633.4957274463146,482.7087538209663,636.0499386321011,479.94953943510285,638.5702470973972,477.1593394738501,641.0533737183245,474.33599466554824,643.5014532984219,471.48220296591387,645.9168240053529,468.6006703836698,648.3019101424861,465.6940172026321,650.6592086412528,462.7647795518029,652.9912770377829,459.81541264551095,655.3007229005872,456.8482954273561,657.5901946360816,453.8657363765771,659.8623735686621,450.8699802626789,662.1199671701214,447.8632156617267,664.3657032980178,444.8475830735477,666.6023148981702,441.82517582531005
188,535.4679593656302,552.2428283939078,538.8765497518092,553.8275831718362,542.4013101403727,555.133707584264,546.0188310741623,556.1553398754643,549.7047942639208,556.8929839172329,553.4369737465747,557.3412987678001,557.1931013578293,557.4850718848205,560.9471257303516,557.2986122251486,564.6647533959406,556.747054267012,568.2990776876322,555.7913450029691,571.7946078863234,554.4122893401907,575.1019239840683,552.6280108385297,578.1953991406863,550.4936492807169,581.0727981867833,548.0751587063694,583.7480915839575,545.4343182463647,586.2437041621138,542.6227019159321,588.5859673658182,539.6818570106049,590.8027998755346,536.6451686695444,592.9217548456794,533.5392792983578,594.9686986421458,530.3853952431418,596.9675597054381,527.2007778569659,598.9422259606736,524.0010809749814,600.9171836163646,520.8015642355914,602.9175173505595,517.6178742163046,604.9685126051826,514.4666309275768,607.0948060047069,511.3657689774719,609.3169136996512,508.3329068884169,611.6446947799782,505.38038328730124,614.0692996932928,502.5067822456251,616.5689326608938,499.6981087916622,619.1198796717105,496.9358993683599,621.7020462668999,494.2028201239892,624.2983190615681,491.48312423715504,626.8935390644807,488.7624245713042,629.4736504938204,486.027404529191,632.0252482058187,483.2657841824906,634.5361727290642,480.4671524517957,636.9998144845276,477.62681635708094,639.4163141267013,474.74625516099957,641.7937375195615,471.8333346447507,644.1470352478733,468.9008740278222,646.4820333445685,465.95382001865516,648.8002074377998,462.9935127261725,651.1030413819478,460.021255582383,653.3920384876928,457.03832839197014,655.6687188031275,454.04598914930096,657.9346166258184,451.0454760522447,660.1912782251999,448.0380096833941,662.4402597524249,445.0247953316379,664.6831187588441,442.0070205632591
189,539.3304517255913,554.2901400944916,542.8776036919749,555.5350051691228,546.5026228143478,556.5303406822446,550.1911521658748,557.2551408334715,553.9251633046067,557.6874573915339,557.6820859221141,557.8074882664578,561.4348474675298,557.596472191238,565.1506534374842,557.0317782400258,568.7878312390906,556.0859737046334,572.2948973421803,554.7361516793368,575.6160889715102,552.9782652543819,578.7038450055686,550.8365123664036,581.5410786405566,548.3715766552449,584.1480949779702,545.6634773857571,586.5689976809803,542.787210347864,588.8529876211802,539.8007110816661,591.057767966457,536.7550526771798,593.2357438950871,533.6901234866573,595.4102595242,530.6227366909072,597.5668738970996,527.542755321598,599.6811869449696,524.4336223428417,601.7255550593952,521.2781412854931,603.6790599113655,518.0655878314335,605.5827715974468,514.8231848386008,607.4499900274238,511.55964829700406,609.3547012001789,508.31822250531116,611.4900222918412,505.2247536589796,613.8572833805111,502.3044573328564,616.3640669857048,499.5022444264198,618.9207169030999,496.74528578277665,621.4875835745925,493.9978179005919,624.0482552818673,491.2445780334135,626.6009755024073,488.48396223598763,629.1514135380871,485.72123708280145,631.7061521008048,482.96248962352456,634.269571471877,480.2118067570855,636.8310397311392,477.4593091578007,639.3777473285568,474.6931513888661,641.9094591952726,471.91326146384046,644.4271188413109,469.1206377593974,646.9316845175117,466.3162640343116,649.4241276671266,463.50111003831535,651.9054314873904,460.67613223745894,654.3765895873996,457.84227463578674,656.8386047367239,455.0004696822461,659.29248769838,452.1516392524384,661.7392561391401,449.29669569550174,664.1799336095752,446.43654293705777,666.6155485857861,443.57207762975105,669.0471288636833,440.70418636126647
194,544.7188006142458,562.3843940457971,548.4752702567672,562.2262763523058,552.2232915745577,561.9298828071708,555.9546251706016,561.4695681581146,559.656826659283,560.8158357560665,563.3115524842026,559.9354052775859,566.8925137192066,558.792200577642,570.363496209387,557.3499821022618,573.6775070976097,555.577348558159,576.7788309987614,553.4550783306721,579.6233067005501,550.9987967426094,582.2193310057703,548.2804780160674,584.5971225826826,545.3687752111044,586.7930828137708,542.3172581013231,588.8420797648305,539.1649565746274,590.7774567563306,535.9415066365802,592.6297404719959,532.6695172820638,594.4255858557004,529.3661689304878,596.1901633463831,526.0459852307905,597.9541781982534,522.7255025952538,599.753635572246,519.424134913274,601.6175463994007,516.1587673387651,603.5606306025038,512.9399094702645,605.5873580674416,509.7730620392704,607.6999616989721,506.6628552232767,609.8978636388265,503.61232475003993,612.1770391137682,500.62201738881794,614.5321982934272,497.69116903661836,616.959699298857,494.81994832102333,619.458306983646,492.01039438870293,622.028139363468,489.2658419565813,624.6677470040767,486.5883220693478,627.3706312997458,483.9746625952697,630.1241375719354,481.4143363526013,632.9112159924173,478.8905565238598,635.7135217904837,476.383673702218,638.505592108743,473.865417548312,641.2582607254786,471.30423155867913,643.947127436327,468.6761978268338,646.5631804526253,465.9756908017002,649.1017476848061,463.2022249502521,651.5618866723273,460.3589455411141,653.946649276052,457.45213330000945,656.2740762164148,454.49910738607264,658.647759329007,451.583385322747,661.1333287639897,448.7624638535008,663.7212360184725,446.0350702989052,666.3991178348556,443.3959127826565,669.1553554173972,440.8386497420498,671.9791766242765,438.35617430509075
196,546.9952542724767,561.278928675241,550.7418092027613,561.5908416055286,554.5000796796025,561.679740332956,558.2549326815794,561.5021977118366,561.9811875067552,561.0095585957504,565.6402226316217,560.1518362148303,569.1782546292031,558.8857843680398,572.5295217051192,557.1867747842377,575.6307038490311,555.0651763338567,578.4649216321034,552.5971089029202,581.0465608278859,549.8651489924486,583.4070349427161,546.9394235120812,585.580436498113,543.8718382022834,587.5955103207486,540.6978149016223,589.4802859220491,537.4445784721606,591.267679755231,534.1367164271107,592.9967448413475,530.7979208753177,594.7032569447832,527.447518581026,596.4171651314147,524.1008995088288,598.1635450304789,520.7711344055061,599.9653049841496,517.4710474155065,601.8436797644594,514.2140139653382,603.8173619770093,511.01389810804596,605.901860995036,507.8849038093097,608.1084847073921,504.84085213783715,610.4363926697974,501.8884992161694,612.8713715555511,499.02371948846974,615.3909870726759,496.2330024143031,617.9749284289389,493.5016737745528,620.6060763764148,490.8157487231708,623.269788869603,488.1620891278379,625.9531300912429,485.5282643300546,628.6443506501503,482.90248533857,631.3326753036902,480.2737434875622,634.0074216180634,477.6311962756602,636.6578637714659,474.9642879770128,639.2747679608373,472.2644762358709,641.8547141195444,469.52932523787075,644.4018591918818,466.76358548362913,646.9257214073659,463.97657068200226,649.4374067950763,461.17856818920785,651.9631837499674,458.39330787333716,654.5497307242019,455.66459750805296,657.2532844901317,453.0521704007749,660.112490802411,450.61141443387993,663.1196575088406,448.3552804956542,666.2502634848818,446.27361484074606,669.4820582835904,444.35260533360565,672.7956698399291,442.57626264751303,676.1747515338851,440.9277085825946
200,558.2617962263076,572.435074869887,561.2479398983726,570.1502984232944,564.2058711670651,567.82913590544,567.1263335086277,565.4610331178923,569.9991800426787,563.0354239352777,572.8131698322326,560.541820811111,575.5557813201705,557.9699748794728,578.2130658015147,555.3101244233923,580.7695761263703,552.5533479138536,583.2084190161936,549.6920285511469,585.5114891967639,546.720417871049,587.6606257352092,543.635709879024,589.6647257861345,540.4546411921025,591.564251268629,537.2099081139686,593.3851815288446,533.9203642337587,595.1474262522554,530.5989763013762,596.8682033151846,527.2558950690694,598.5636121369589,523.8998641175069,600.2513567695611,520.5399680558618,601.9502758062118,517.1857150806424,603.6795847623689,513.8470466337742,605.457542103066,510.534055568073,607.2995981801528,507.25630326293947,609.2198854124268,504.02380024681725,611.2305235797629,500.8467475689945,613.3390300025874,497.7338037872964,615.5449849978927,494.6891397256902,617.8457825400271,491.7154950337829,620.2393725080511,488.8160244273988,622.7248114928593,485.99489864626287,625.3005927205096,483.25600619485965,627.9593995869947,480.5975993335844,630.6899228225543,478.01285920326853,633.4805359191503,475.4930783268459,636.3226761616942,473.03153579890943,639.2075042459115,470.6201324122518,642.1215344585954,468.24405854691184,645.0418554610882,465.87570866556274,647.9276847272115,463.4656289611095,650.7016036910567,460.92822880993594,653.3140804418509,458.2248594924407,655.7818669863192,455.38843248509846,658.1859480071156,452.49750960623913,660.7700692639387,449.7690342394648,663.6575182355284,447.36391092925373,666.7873388714173,445.28308349704616,670.0970668280341,443.5013499297429,673.5364417432986,441.98407551442244,677.0677544779439,440.69445983892075,680.6638174834937,439.59768366298357
203,554.6052360447584,566.0119577604689,558.3201185473487,565.4456084132839,561.9484390134519,564.4660943734322,565.4589287286686,563.1233508333995,568.8301696292544,561.46115186875,572.0463338655454,559.5154937840168,575.0932136866301,557.3140274385086,577.9556321678742,554.8774985441918,580.6156040469627,552.2214731716842,583.0529450601597,549.3597959247339,585.2552064777623,546.3134143337508,587.2367974745592,543.1187326658288,589.040253525611,539.819870836755,590.7218825407961,536.4570434338968,592.3381357315473,533.0621999548626,593.9423946507827,529.6616534638493,595.5776150134412,526.2759145440575,597.2680010887751,522.9174038320737,599.0209250027718,519.5911126856204,600.8393262089669,516.3001676049417,602.7267698323768,513.0483399201571,604.6877060428728,509.8403084982724,606.7265959623959,506.6812635644171,608.847599625771,503.5767707228109,611.0539908397492,500.5323850818787,613.3462659404256,497.5521254604366,615.7174960923804,494.63426644573804,618.1569728466413,491.7731852133065,620.6536934418147,488.9618925442469,623.1987811029398,486.194292869606,625.7864268617992,483.46643527750194,628.4182187875177,480.78116067946354,631.0954999896061,478.14122720000046,633.8173347661689,475.5472890559794,636.6028509138905,473.02192359843383,639.4312388826659,470.54451969580765,642.2987015443957,468.1126487940261,645.23759439109,465.76743754545106,648.1266893344795,463.36169124191025,650.8595365195528,460.78047625925484,653.4206461038417,458.02816346546024,655.8851954734697,455.1886613544892,658.307174040076,452.31267157867717,660.7065488563659,449.41779287509337,663.0857848049055,446.5063376927211,665.4470822324444,443.58031295984796,667.7926751122094,440.641682299216,670.124825189201,437.69237042807646,672.4458167415482,434.734268058235,674.7579420705973,431.76922956574344
204,555.4414729997736,566.1289245219538,559.158972199881,565.5809097245933,562.7844347771257,564.5922638595268,566.275219325255,563.2001690176894,569.6008297809257,561.4492159318511,572.7407445233298,559.3832799357837,575.6805436374099,557.0410718871502,578.4074442021486,554.4539786289946,580.9075420518056,551.6470631181884,583.1695778216592,548.6448508081296,585.1999542147655,545.4811063125074,587.0316271585314,542.197961478671,588.7151984254907,538.836193354834,590.308130369205,535.430378779355,591.8686185257931,532.0095229254615,593.4431186301998,528.5951088732668,595.0603371995812,525.2007412383407,596.733951021042,521.8338418829564,598.4739413628436,518.5007817530523,600.2895557374296,515.2083296496279,602.1892297149244,511.9636770707064,604.1793114843855,508.7736943203586,606.2621412899967,505.6434889509743,608.4361242147669,502.5758853265984,610.697751790884,499.57230750437276,613.0421479034127,496.6328609270935,615.4618207914187,493.75503899538927,617.9479499360014,490.93440329849943,620.4920649473277,488.1659345813955,623.0867702971083,485.44480627285816,625.7254736846525,482.7663070682688,628.4022097417123,480.1258029365865,631.1115646585664,477.5187690076566,633.8485315734927,474.9407298333301,636.6083342455639,472.38714445716323,639.3866756056105,469.8537366896468,642.179171720762,467.33593516266177,644.9803017156677,464.8277384481822,647.7821595360962,462.3203544707821,650.5747359312127,459.8026452417126,653.3441106907133,457.2594648215557,656.077262976133,454.67740994597904,658.7720440880058,452.0553310232869,661.4307504136909,449.39667127288385,664.0569630800724,446.70590170209,666.6544215955378,443.98735786087195,669.2269912749363,441.24524394942085,671.7786375628216,438.4836445240577,674.313403884477,435.7065396994964,676.8353873733703,432.9178183526135
205,557.6933944598943,566.3085542136348,561.3755328508538,565.5558356977808,564.9619808560759,564.4319530247088,568.419133013673,562.95751206458,571.7102838999807,561.14268900235,574.7957777425316,558.996943890871,577.6394308990921,556.5396099501829,580.2194087032618,553.8064955219329,582.5336926306463,550.8446805058352,584.5909911736146,547.6986466782297,586.4122487346814,544.4099857479223,588.0377210607662,541.019966196915,589.5224086967789,537.5656817283277,590.9887240247594,534.1034821772948,592.6057574585583,530.7098046435915,594.4911565299242,527.4577870286467,596.5579606128234,524.3170570650136,598.6734761377177,521.2086927646944,600.7291847278924,518.0606348932723,602.662783607706,514.8362296718306,604.4859982268839,511.54802709568156,606.2193846293748,508.2115529579529,607.9409257873251,504.8689557621919,609.8209385923102,501.6135062801139,611.9327957545482,498.50371614074953,614.2292473847805,495.52691174309035,616.6347096920608,492.63729223459296,619.1246082193315,489.8200293446377,621.6803532071327,487.0623046617835,624.2877172649693,484.35330047056976,626.9360082297201,481.68426958885067,629.6162293741111,479.0472886497826,632.3208382554582,476.43531594885064,635.0428905421365,473.84151919735854,637.7767090915895,471.26012338463966,640.5189164050482,468.6876394427015,643.2683033063779,466.1228296582295,646.0218412602331,463.56247561595706,648.7730518123535,460.9996224351527,651.5119704624603,458.42364656492344,654.22626203473,455.821756271477,656.9002984641361,453.1785533861808,659.5250234281061,450.48637276372426,662.1042483744502,447.7505565564553,664.6418795974804,444.97610629485564,667.1417375123184,442.16756464631146,669.6078165836141,439.32930930159773,672.0442512453532,436.46555942749313,674.4552865671383,433.58038735152473,676.8452435034919,430.6777262546579
206,558.5421379759721,567.042025064829,562.193851122306,566.1555425596479,565.7199152241301,564.8555886293728,569.0852577954545,563.1825759578305,572.2602939403965,561.1714626862683,575.2214787984128,558.8567087536511,577.9556903424893,556.2775293243427,580.4580545096776,553.4726090643913,582.7284756718252,550.476667805263,584.7741894184907,547.322783902384,586.6168882407551,544.0458873598473,588.2935007349957,540.6807388286584,589.853014634388,537.2595548223244,591.3544641216295,533.812387125948,592.859930842482,530.3669726550235,594.4064506492456,526.9398178973631,596.0047066703683,523.53647965956,597.6530541613006,520.1571202292446,599.360120351229,516.8070849913049,601.1654271914459,513.509099802906,603.1033239101904,510.2873559264351,605.1788983397271,507.1524698829809,607.365966567453,504.09421826114806,609.6412763478515,501.1009659068332,611.9858356003489,498.1615901398294,614.3854703053827,495.2669770422413,616.8323554836643,492.41218305962616,619.323193806968,489.5956534520249,621.8561316496583,486.81692096589484,624.4293058648943,484.075402694904,627.0402603477279,481.36983557901937,629.6855316785709,478.69780384770337,632.3610033368841,476.0560041841954,635.0622153754084,473.4405224318697,637.7845988174226,470.84707851559875,640.5236458746564,468.271235090195,643.2749798494052,465.70851624547527,646.0341820822719,463.1542683715046,648.7962828026474,460.6031540635813,651.5546572289905,458.0480131941839,654.3006347770518,455.4795627184836,657.0204092897179,452.88341462953827,659.697953894542,450.24375076539377,662.3360506200336,447.5646424845469,664.9401435503182,444.85246229990963,667.513959161036,442.11152573987283,670.0613260856717,439.34598506240377,672.5861833466867,436.5598735228668,675.092557130111,433.7571186057061,677.584533451397,430.94155179982636
207,559.2965110968353,566.9283557296949,562.9731521361826,566.1510594484402,566.5374671149726,564.9601688016604,569.945382820201,563.3762505227046,573.1553541071455,561.4219774203254,576.1311947459285,559.126793380764,578.8402577639025,556.5220480601281,581.2509451063409,553.6389553600036,583.3577471096145,550.5262167251626,585.2283726299386,547.2650836549784,587.0206588843356,543.9597718705011,588.8044132254179,540.6498525732289,590.5339971153685,537.3114546001266,592.1299143791048,533.9073222753334,593.5786068442168,530.4379061229467,594.9215054568524,526.925996562483,596.2271967853384,523.4000148355807,597.5644874737579,519.8859489259595,598.9942780909383,516.4086500957706,600.5845358339641,513.0020972917728,602.3780748569004,509.6981129658903,604.3611522608165,506.50416025192703,606.499402447331,503.41175427268524,608.7613223130494,500.4085010370092,611.1236468272717,497.483492519924,613.56982091625,494.62818810261956,616.0881751764377,491.8363064449001,618.6694408069575,489.1024600263592,621.3053701175584,486.42125759428734,623.9878676088136,483.7866244006766,626.7083008435728,481.19116044490204,629.4579144937062,478.62661361305175,632.228045236062,476.08423031552087,635.0101703539298,473.55497085881484,637.7958528101577,471.02962777290304,640.5766851395551,468.49894777774387,643.3444993127425,465.954043489879,646.0912467323367,463.3864280364721,648.8080952462508,460.78721284891117,651.4879841668575,458.1499192381588,654.129285565681,455.4739715944801,656.738704819863,452.76690457467515,659.3321561206826,450.04451786244533,661.9421306888543,447.33800560838426,664.592457573063,444.67100656072984,667.28148394391,442.043023927276,670.0056544541535,439.45148256092665,672.761527911337,436.8936737115588,675.5457773861522,434.36677653529676,678.3552153200269,431.86790899261774
208,560.1622083583859,566.7460600630075,563.8279012215968,565.9161045799491,567.3948588756633,564.7316191588271,570.825502344446,563.1967150469368,574.0765191313872,561.3112971220947,577.1001365819149,559.0796121378786,579.8482135578653,556.5165118994693,582.2684934321195,553.6421432241223,584.3266366589454,550.4979767487358,586.03983154978,547.1524652356366,587.508208956241,543.691461787631,588.9345293653868,540.2126108891057,590.4714915988927,536.7813545399616,592.1092913853297,533.3968689009926,593.7301205630131,530.0042318888696,595.3182954502722,526.596142315551,596.9126213546234,523.1909298363558,598.5367458651409,519.7998464234348,600.2089402902575,516.4322327686873,601.9459016987366,513.0975971752928,603.7633602141362,509.80618449832053,605.6765976205345,506.5695642247646,607.7011479827748,503.4014463929776,609.8477649110382,500.31478092834715,612.1157109867947,497.31610338216746,614.4919520354341,494.40242672592666,616.9581138113018,491.5643839552632,619.4969904907123,488.79114481706176,622.0938245855964,486.0720599995885,624.7365366769557,483.3975162363748,627.4162021225586,480.7599812373303,630.1269503509122,478.15439367279635,632.8648092326733,475.57730236851927,635.6266355960072,473.0259086358209,638.4091665750487,470.4971059637327,641.2074896404704,467.98578313334093,644.0144668788879,465.48413170759704,646.820928023483,462.9819018046285,649.6163738046175,460.4673808650358,652.3886674222875,457.92737801110474,655.1247114935466,455.34840063604906,657.8086727315869,452.715326642258,660.4206359262229,450.01087159294025,662.9570672604091,447.235427612996,665.4226360442068,444.396822022153,667.8225969053358,441.50251301242463,670.1626359560635,438.5595270568769,672.4487631088043,435.5744524655418,674.687222657284,432.5534540490645,676.8843820633738,429.50227510504857
209,561.5355914025845,566.9670157599143,565.1763770138524,566.0383883282074,568.6612447325963,564.6341458172343,571.9258119961191,562.7741290666897,574.9323121997902,560.5198076313736,577.6730049673,557.948039225623,580.160809382486,555.1303311886405,582.4149357829945,552.1220309887008,584.4550203836325,548.9644082835712,586.3009440851478,545.68930833243,587.9764519680909,542.3236604471748,589.5149636180784,538.8930616018334,590.9596896434114,535.4217973342128,592.3608375609447,531.9326516296866,593.7729853637034,528.4479607385817,595.2493717852842,524.9900747656085,596.8215284978666,521.5747267738944,598.4982031977655,518.2094527312782,600.2752963462558,514.8961018299711,602.1495723617434,511.63673567701875,604.1187684311952,508.43382284878817,606.1812499516687,505.2901711419572,608.3349207761921,502.2082711325729,610.5757621968302,499.1891479504284,612.8977287167892,496.2319446481702,615.2941740935812,493.33475070060405,617.758361245982,490.49493181582466,620.2833409855936,487.7090083589514,622.862281937448,484.9729436293169,625.4886648827857,482.2823707930629,628.1564025520659,479.6327830675501,630.8598713526046,477.01965166917483,633.5936425004023,474.4382280712836,636.3517358020897,471.88279723012386,639.1276580109437,469.34673685307746,641.9145492057072,466.8227295042676,644.7037458297973,464.3012685757376,647.4837564448051,461.769692079328,650.2406825785049,459.21301907966296,652.9594892818022,456.61588311002345,655.6249015007874,453.9640279757793,658.2191511992364,451.2425861314906,660.7554144690725,448.46686012467796,663.2992068882422,445.69803106835235,665.8671781923304,442.9516115822849,668.4587921989213,440.22749044175686,671.073513763411,437.5255406280347,673.7108132890372,434.84562358712026,676.3701671175064,432.1875897658407,679.0510604047632,429.5512817259247
210,561.6870313488168,566.764737728446,565.3321367820125,565.8540162537344,568.8244001446798,564.467568690174,572.1210130458275,562.6636884316317,575.201821820389,560.5110533775579,578.0598703427431,558.0699262179768,580.6912380277151,555.3857552691235,583.0889042076407,552.4908174774814,585.2402056400966,549.4083683679695,587.1435275714103,546.1667176928953,588.8238569150151,542.8037068637842,590.3377823002567,539.362245325594,591.7537285603833,535.8791296883646,593.1366922155703,532.3827329718287,594.5362627917874,528.8929641611709,595.9790311410601,525.4208544059517,597.4779487527404,521.9726270349686,599.0420132398826,518.5534746261353,600.6806048701964,515.1694294654048,602.4036020291769,511.8275989493925,604.2213632685265,508.53639012329984,606.14440094886,505.30560840656284,608.1824989423412,502.1461965453096,610.3422541661056,499.06869415027955,612.6203039940417,496.07767699184706,615.0040264315488,493.1701074236845,617.4762766758881,490.33736538718136,620.0214432106795,487.5699023438096,622.6265106047331,484.85871327408734,625.2807448987494,482.1956132946365,627.9752187009759,479.57321496672836,630.7023478154715,476.98477845526014,633.4555018680003,474.42402966819054,636.2286711940473,471.8849622305503,639.0163465751958,469.3618243815872,641.8133766161085,466.8490571011567,644.6141044380826,464.3404104237491,647.410442029233,461.8268742326434,650.1909853453078,459.29589240378004,652.9409213873013,456.7317227187782,655.6426130141133,454.11682415713085,658.2810981515061,451.43820381739414,660.8492591194729,448.6920811072054,663.3501731785428,445.8845570763502,665.7885905038297,443.02256564208693,668.169675892982,440.11268469442433,670.4989149246909,437.16112416964216,672.7820341021828,434.1737325915941,675.0249352998943,431.15601789195136,677.2336087167505,428.1131534730547
211,561.775167928103,566.0267881088362,565.4463269617836,565.2238709665063,568.9960951217537,563.9914115191751,572.3611201760384,562.3198568788584,575.479295613819,560.223435252999,578.3118346053916,557.7540749373176,580.859152635848,554.990556260627,583.150009859377,552.0102776802089,585.2268985100757,548.8766616291839,587.1337988799373,545.6365032231845,588.908048969683,542.3216949841961,590.5677923469477,538.9480701748986,592.1115884485359,535.519861174911,593.5316309767917,532.0385571827653,594.8439584804001,528.5151525703079,596.0926193307317,524.9685879759887,597.3428386974849,521.4225774630335,598.6714092895952,517.9053475873916,600.1633231637518,514.4546137066088,601.8826632176065,511.11174395980834,603.8365519549744,507.9000652429853,605.9612918402051,504.7983305264441,608.1777457295448,501.76117439006316,610.4304581933569,498.75075492498996,612.705097481003,495.7568842925174,615.0308307299501,492.8026314392335,617.4558433569988,489.9295334136565,620.0014408672423,487.16274291283423,622.6551257773732,484.4992987372123,625.3857765334474,481.91468113535217,628.166534274041,479.38396870644027,630.9753375718107,476.8843794967126,633.7947931625858,474.39680001919584,636.612518716164,471.9072619866975,639.4201864154373,469.4063916942119,642.2110233013296,466.88676063909844,644.9786554103862,464.34167277298025,647.7166865519591,461.76477901306026,650.4185534105678,459.1500068860234,653.076972244454,456.4910924820938,655.684560098555,453.78232816022125,658.2372626532714,451.0217720990178,660.7419964415269,448.21759498954737,663.2048813236077,445.37658237503047,665.6297087985619,442.5030109676127,668.0203914025201,439.6009636312198,670.3809732235185,436.67437322394153,672.7156028359406,433.72703321287554,675.0285102817206,430.7626120050606,677.3239812590908,427.7846652280295
212,563.8313556989561,565.7274820415646,567.4672970577878,564.778619934259,570.9619310413744,563.3973952632733,574.2643389955356,561.6044450542481,577.3310929599965,559.4326425968983,580.1350872748823,556.930390391734,582.6620454347604,554.1483025879248,584.909698329207,551.1357102872702,586.8908222207737,547.941155068474,588.6363948772943,544.6116717702126,590.1887969110844,541.187554583701,591.5979671490024,537.7018224409749,592.9203984755011,534.1821263433671,594.2189512661793,530.6535095073382,595.5496602868926,527.1369354244302,596.9517866316204,523.6482727172618,598.4437919011397,520.1971207507559,600.0292602881706,516.7878945665319,601.7021529150264,513.4206825623487,603.455250144494,510.09451601704114,605.2884166033193,506.81181508314336,607.2120261522824,503.58132725184964,609.2418571923176,500.4165781032134,611.3945979317606,497.33420857598486,613.681654762618,494.35018451217303,616.0986819866685,491.4703902394091,618.6278758589375,488.68847593085025,621.2461509028411,485.99013354339667,623.9319977796199,483.3589645701008,626.6666577871225,480.77851163398384,629.4336438194124,478.23271831419913,632.2181403633876,475.70607172632657,635.0064622019299,473.1836434913623,637.7855951080103,470.6511031191965,640.5430007843123,468.09494181606135,643.2678870285259,465.50416116582466,645.953415590361,462.87261253920417,648.5996199147685,460.2015153965815,651.213396973542,457.4986585445877,653.80555477476,454.7750463665344,656.3908968895378,452.0449574606271,658.993097145112,449.33095030126987,661.6205828317006,446.6414138226929,664.2718739046575,443.97533923142214,666.9454071596317,441.3315676834841,669.6396507652743,438.7089032304114,672.353104091499,436.10611679128573,675.0842971380772,433.521949829803,677.8317896069625,430.9551177364396,680.5941715233938,428.4043149490556
213,564.2022429152503,565.1877015652789,567.8321535677214,564.2167946129247,571.3086612421356,562.7911779639248,574.5800456078349,560.9423070925396,577.6189531689721,558.7312321491304,580.4177780524071,556.2225790781733,582.9793750235361,553.4717315381133,585.3106283353707,550.522871674685,587.4186107808675,547.4103187817286,589.3075500307946,544.1600801915067,590.981403869281,540.7939184083618,592.453736217107,537.3346975731571,593.7624231760161,533.8100798088416,594.9679983719747,530.248681629691,596.1419635823172,526.6766817057977,597.3490650968204,523.1157889321171,598.6370423666272,519.5834330719796,600.0458802178927,516.0976499909546,601.6098785055766,512.6788103931652,603.3499250476531,509.34619354697077,605.258990921319,506.1073636917388,607.3137862036458,502.9588432597194,609.4869950600041,499.89075752425674,611.7564609724559,496.89310619035,614.1075718619938,493.95901632373705,616.5305695036874,491.08398311678604,619.018174838126,488.264647296699,621.5640477463431,485.49779881429345,624.1625956283712,482.78034797275734,626.8088102972479,480.1092811516132,629.4981399624126,477.4816190591058,632.2260731768329,474.89404464697344,634.9867074619088,472.3413737398403,637.7728452933318,469.81654984086595,640.5763528210398,467.31101627249086,643.3882225473062,464.8148650200062,646.1974915075143,462.31578949899483,648.9914048208412,459.7995737319747,651.7558356992938,457.2510324259462,654.4764901941862,454.65584559358,657.1427593486644,452.004837555843,659.7538939558182,449.2994856128517,662.3151442075413,446.5468454723705,664.8300721286113,443.7518094361446,667.302241231086,440.9188741918357,669.7354059801249,438.0523607199158,672.1334754661864,435.1564160480147,674.5004819084705,432.23502074594734,676.8405538842637,429.29200104087846,679.1578849300762,426.3310375252417
214,564.6137001018608,564.5734424668956,568.2596940024602,563.6617137778309,571.7834468130291,562.3558446212359,575.1284845210469,560.6437762487187,578.2404093112389,558.5375836224804,581.0826996002539,556.079207977191,583.6447310370028,553.3293639654055,585.9397327620668,550.3525000045363,587.991903239972,547.2029243715313,589.8290524561412,543.9229981883766,591.4797662358078,540.5452027251928,592.9736748692798,537.0950306867594,594.3446491065539,533.594062108483,595.6328014806402,530.0616836555763,596.8836827921209,526.5158887595071,598.1463706722641,522.9742967402389,599.4695825432783,519.4549401843666,600.888284023218,515.9730525489292,602.4200671362796,512.5394394266153,604.0686910166376,509.1603814147729,605.8335516579353,505.8405560898263,607.713627546794,502.5845994432909,609.7084455822309,499.397660735461,611.817677839859,496.28527130045256,614.0403265026048,493.252848618567,616.377688780151,490.30796624666215,618.8284214402744,487.4567308737638,621.3835427755605,484.698591168236,624.0247975630415,482.0227357375031,626.7340270405807,479.41565803389045,629.4954563712661,476.86388838012317,632.2956277818764,474.3546598354648,635.1227139697902,471.875772659691,637.966008294851,469.4154803785937,640.8156253049991,466.9625093543586,643.6620417742497,464.50582761498595,646.4953539650412,462.0340544381021,649.3047148377009,459.5351126715733,652.0766426192027,456.9947525267813,654.7967657411965,454.39903465846635,657.4544791975998,451.7394915655196,660.0379200843939,449.00775823913204,662.5987783408624,446.25473267776374,665.2255901244089,443.5646926271464,667.9251704619381,440.9476656850425,670.6911219596066,438.4008677354776,673.5173122505369,435.9210667204181,676.3979126136467,433.50466523752107,679.327419073984,431.14777560802435,682.3007149321608,428.8463590418848
215,563.2462013600128,563.7853607646814,566.9292633191338,563.0369755460493,570.5072380377848,561.8883275096138,573.91563275071,560.3068508689975,577.0877072580131,558.2931403203687,579.9778066421858,555.8916589352307,582.5710114925703,553.1715378393963,584.8777849781832,550.2040455070884,586.9188648261174,547.0474849933627,588.7192276850632,543.7473993092398,590.3090983312242,540.3406461030795,591.7282800860729,536.8590842935671,593.031026585994,533.33211225502,594.2799140593883,529.7856185700143,595.5411594937816,526.2435226533215,596.8769227199252,522.7289544617149,598.3308029717927,519.2616903909153,599.9199234981177,515.8543167775556,601.6436465029808,512.5130030416916,603.4939614793147,509.2400676625226,605.4613383848035,506.03610306810003,607.5357303423682,502.9003330231641,609.7071232642161,499.8309045820664,611.96590747405,496.82517723053877,614.3030576951614,493.87994742725255,616.7101903214436,490.99161042147915,619.1795024663652,488.15622892709143,621.7037547431812,485.36962932391737,624.2763634933924,482.62759506987766,626.8914588387809,479.9260382196179,629.5438164061652,477.2610456678101,632.2287455379347,474.6288630253776,634.9419683832709,472.0258478619005,637.6796091805868,469.44852002150947,640.4374627081089,466.89282598984016,643.2099633948162,464.35302225712303,645.9890279119755,461.8203982851419,648.7642958495554,459.28361768762596,651.5235186834032,456.7294091067824,654.2528727295487,454.143336839225,656.9369988763862,451.5103982478319,659.5578100727209,448.81449313928374,662.1064390019476,446.05023691191855,664.5864947992881,443.2242736555862,667.0027366121086,440.34353872165605,669.3603344767852,437.4145981813196,671.664774323405,434.4436374036679,673.921777444428,431.4364681716766,676.137234674935,428.39855003108823,678.3171332177906,425.33500695847937
216,565.8972223908738,562.9994375282369,569.5427443596217,562.0841889555255,573.0815768049928,560.8186272681556,576.4616645199976,559.1762592917923,579.6255599207967,557.1488666634066,582.5261185768892,554.7597186685206,585.1357281034428,552.0554119145177,587.4473772043623,549.0919520412161,589.470851986917,545.9243220116389,591.2269809379626,542.600679415078,592.7493783805443,539.1633400769447,594.0877078161058,535.6499369996915,595.3039572361048,532.0922160377722,596.4624883785216,528.5151888545325,597.6227787321235,524.9387333034917,598.8334015485242,521.3790501907364,600.12675646621,517.8486453915228,601.5266225466506,514.359168008751,603.0558538277206,510.9245149704087,604.738097157069,507.56226171545717,606.587633892906,504.2891183260493,608.6014849359357,501.11438910602135,610.7625169485585,498.0378515289402,613.0462598824131,495.05116104308513,615.4283236594795,492.1421901235493,617.8886102930084,489.2990090281116,620.4114631727936,486.5111553096303,622.984657000746,483.7696697090955,625.5983228904922,481.0667215071389,628.2440152762496,478.39509888013623,630.9146217694384,475.74837139196495,633.6046741786272,473.12140525302004,636.3108077779631,470.5110052310881,639.0308883427223,467.91513989939824,641.7632693997288,465.33222382626474,644.5062800295938,462.760597705654,647.2578614560063,460.19814280054663,650.014665058022,457.64130552859484,652.7714648857273,455.0844642539345,655.521338197373,452.5201784636667,658.2564241641446,449.94013582798044,660.9645330833825,447.3318150594281,663.6381904033718,444.68819078127467,666.2789770657519,442.01172541509,668.8891568285308,439.3053978787501,671.4710892263631,436.5721038878179,674.0272151006283,433.8146570629307,676.5600436277132,431.0357919424958,679.0721408194245,428.2381686056208,681.566093584858,425.42435582667747
217,563.9034047003779,562.2297226679615,567.6097681325157,561.6057192038136,571.2288459741462,560.5936443297022,574.6961973518811,559.1462204053537,577.936512621412,557.2447478205303,580.8841356912029,554.9150134439063,583.5149745878169,552.2316998257721,585.8639175125061,549.2971139803676,588.014177183886,546.2131385952296,590.048469204692,543.0511910885447,591.9677554439987,539.8182729206178,593.7303685379134,536.4975640970989,595.3073593253282,533.0847472158556,596.7254723781448,529.602709322534,598.0411221220941,526.0804966082667,599.3160400594102,522.543272902736,600.6047170353161,519.0110548824156,601.9502285342917,515.5001457473645,603.3783869081791,512.0220808030166,604.9046812019443,508.58598624443516,606.5408943457571,505.20089775154156,608.3008639059103,501.87854818397165,610.2068686622407,498.6378974060843,612.2703808675423,495.4952251058633,614.4851749037435,492.4572153569618,616.832985550599,489.52069941982984,619.294026788521,486.6783196822827,621.8481981148808,483.9192363447682,624.4763926143731,481.2305028729525,627.162570578862,478.59964875326784,629.8941073492412,476.0158888657901,632.6608677072361,473.4698621728214,635.4544584542041,470.9532896339931,638.2678190075453,468.45882883826084,641.0952401207085,465.9803109819822,643.9299363501077,463.51011264405946,646.7603568790879,461.035022695683,649.5676321061882,458.53374639990335,652.3309825931042,455.9840904497627,655.0293293344798,453.36581851906607,657.6529135118394,450.67260238941316,660.2234710578754,447.92860926884015,662.8058748736231,445.1957931043239,665.4331095720208,442.5060511995034,668.1025801264909,439.8582144089739,670.8108466916027,437.25006535383085,673.5545806487144,434.6792469603231,676.3305677094148,432.1432835665596,679.1357078525666,429.63959992344564,681.9670448987274,427.16557520287444
218,561.0163628624289,561.8505862752654,564.7578466337275,561.490813421722,568.4462734118205,560.7693993790757,572.0354456175903,559.6554600526795,575.4774670743676,558.1471521340962,578.7202394564295,556.2485181250208,581.6987102328213,553.9580676863592,584.3406513829027,551.28680092194,586.6099655045646,548.2919100962878,588.5318444572613,545.0618980130637,590.1916452282748,541.6887764608532,591.698435744029,538.2440795233898,593.1382734449937,534.7707329229125,594.5556312452829,531.2881396115853,595.960351714143,527.8004273256015,597.3603209694561,524.3108041642016,598.7737054380763,520.8266017934178,600.2257565466562,517.3583647436172,601.7414412617084,513.9174994873229,603.3386235255723,510.51373671674963,605.0302975505883,507.15597085357695,606.8273015659471,503.8534176181775,608.7400095928258,500.61655022878557,610.7779565555395,497.4570822780511,612.9442842555577,494.384233671391,615.2324262367633,491.40093530184555,617.6276785916374,488.5028686715393,620.114316172461,485.68276478703183,622.6785778656234,482.93300796003945,625.3088823604758,480.2463211983577,627.9954427410738,477.61586009945495,630.7298930022705,475.03519594173446,633.5049576007956,472.4982389708109,636.3141327155669,469.9990910531348,639.1514991257073,467.53198485839175,642.0113928005638,465.091017710283,644.8861898523918,462.66760989339366,647.76334384853,460.246998151417,650.6243898519035,457.8073963541359,653.4436058519807,455.31969146954356,656.169629794373,452.73056674588696,658.7662680200576,450.01172113673255,661.2321661338434,447.1737028539843,663.573349493077,444.23188573365684,665.7985397351722,441.20131651483797,667.9179562132555,438.09579801125756,669.9428146067905,434.92776693318905,671.8849253026167,431.7083057597045,673.7563969083127,428.4472440898734,675.5693594384851,425.1532715883297
219,565.4906583287682,560.9870041956362,569.1509176285706,560.1383723192812,572.6609862522976,558.798120903829,575.9936707087724,557.0606032175084,579.1612622141254,555.0365194274597,582.167496939709,552.779782214269,584.9781630535953,550.2839758037015,587.5599385601022,547.552194469696,589.8927388248682,544.6048566991481,591.9724125954123,541.4735742464601,593.8083757555058,538.1932370877827,595.4192779468607,534.7965029571028,596.8337414312896,531.3131705105462,598.0920676484985,527.7702340998392,599.2462059448488,524.1918520842403,600.353238939817,520.5985489266441,601.4681004122409,517.0076769971265,602.6404520735744,513.4352285693043,603.9163949806348,509.8985898427786,605.3476314566324,506.4221375328928,606.99268534354,503.04202638790184,608.8858505406733,499.79445805580815,611.0065981973509,496.69042503408565,613.2893861890286,493.70309848828936,615.6770522895127,490.79870825387513,618.1371263037693,487.95532847321357,620.6583422568432,485.1660011456701,623.2362529528364,482.4289783252121,625.866446369192,479.7421455035921,628.5428694891342,477.10134234575673,631.2580966549867,474.5004353802387,634.0041833837843,471.932115830217,636.7730272738725,469.38833413390563,639.5564359328428,466.86048900012565,642.3461445944139,464.3395944665342,645.1339912831689,461.8166419743296,647.9124566014515,459.2833664724823,650.6747299148029,456.7324521761873,653.4145382629387,454.1574335532343,656.1259538857241,451.55254499455054,658.8042013575289,448.913574115741,661.4440305090234,446.2361868298106,664.0401630950755,443.5164115048283,666.5938835017779,440.7567664151489,669.10821865271,437.961182276766,671.5863540281103,435.13345243362124,674.0316061613034,432.2772332409038,676.4473984047577,429.3960486008806,678.8372399404437,426.4932979202953,681.2046886047453,423.5722512423904
220,563.8367980617005,559.8218097133021,567.5294315876354,559.1196622425066,571.1356692859006,558.0618075349803,574.6024854534672,556.611415455976,577.8837671371332,554.7793851314015,580.9503207677575,552.6065920605262,583.7804752249211,550.1335102714315,586.3611187610934,547.4007840250504,588.6962809540485,544.4550951856769,590.816276060957,541.3505276263505,592.7587648518262,538.1316319794333,594.553356418255,534.8278800092793,596.2164256463947,531.4559413335891,597.7601516906174,528.027665378588,599.2065962094971,524.5571442254684,600.5894580177858,521.0607321247226,601.9500715393159,517.5555769502289,603.3294497896015,514.0577822323866,604.7605177089375,510.5808565639255,606.2681959108724,507.1365058876639,607.8723467704098,503.7360715367475,609.591729779499,500.39249627566727,611.4445075007105,497.12104416901025,613.448494188453,493.94008868478636,615.6179388752639,490.8696858900535,617.9552223098859,487.92503443093614,620.4396241179672,485.10322911734744,623.0385206240776,482.38631087698735,625.7193074341728,479.7500294931532,628.45730519835,477.1731381568212,631.2335228814424,474.6374257039873,634.0326528726182,472.1270059211634,636.8417702332771,469.62775786473253,639.6494247888648,467.1268677736012,642.4446686951843,464.6121239192455,645.2157502510582,462.0708007002657,647.950839041692,459.49080427112574,650.6413757962566,456.8643944980989,653.2857711356493,454.1915262588204,655.887613162188,451.47720204861014,658.4563261134846,448.7314777255289,661.0079917272172,445.9698901162619,663.5486092451156,443.19813414520877,666.079577255536,440.41756341014155,668.6022954799334,437.62950512917985,671.1181751714906,434.83527383624806,673.6286369543157,432.0361734292094,676.1351087757013,429.233499320545,678.6390239489303,426.4285406678084,681.1418197440182,423.62258309103606
221,563.9698150418704,559.7923182386041,567.6673612883064,559.1231448997684,571.2541975400417,558.0030764866375,574.6863710574635,556.4721795026524,577.9448316975863,554.5989223739563,581.0182085568549,552.4349594332429,583.8918018197259,550.0119101297939,586.5459480579995,547.3502859152485,588.9625879659349,544.4712222523311,591.1374180083617,541.4052167477765,593.0813023153422,538.1875762186285,594.8167238025671,534.8526514307491,596.3726966586495,531.4301238711746,597.7844906270085,527.945478877217,599.0990062907672,524.4228422382205,600.3716952935015,520.8848165113811,601.6577619890995,517.3516479017514,603.0030740204493,513.8406760180792,604.4434096401226,510.3676871451849,606.0023273298408,506.9463414103461,607.6899634392743,503.5866519722664,609.5079789296616,500.2956960686595,611.4550017024337,497.07938641861136,613.5285162147921,493.9431340823467,615.7248914539714,490.891657095044,618.0383783309713,487.9279650173227,620.4582864978902,485.05045978306856,622.9698984457569,482.2525757351058,625.5572251382804,479.5245003700047,628.2062694057278,476.85627074657936,630.9050311240976,474.23830629994615,633.6431316276235,471.6614903445698,636.4114059024482,469.1171000429612,639.2014308243827,466.59656670435015,642.0051755435504,464.09129577694046,644.814639686081,461.59243698282535,647.6214022281016,459.09054595790207,650.416012200801,456.5750966493383,653.1878856042066,454.0346325573935,655.9260833603561,451.45793085685114,658.6191838423892,448.8341667634788,661.2535070163404,446.15143101438895,663.8254190317999,443.4087895154892,666.3384310014027,440.6120640874167,668.7965164896077,437.76692798179863,671.2039419786125,434.87878669223244,673.5652054282348,431.95277258922476,675.8849834938535,428.99375054502246,678.1680874854785,426.00633222486766,680.4193868286718,422.99486669108006
222,564.6273237532305,558.2775936512746,568.3303122364937,557.6290404369279,571.9729142890325,556.7018833338185,575.5060755700383,555.4208542480409,578.8748220395202,553.7553929787199,582.0336608534147,551.7196011801129,584.9502892810261,549.3495236328577,587.6093437828906,546.6932060780756,590.0215093537145,543.8103131222281,592.2155772565094,540.7576912920465,594.2367644275251,537.5875597295211,596.1352280721457,534.342250248523,597.9345651172134,531.0409808083076,599.5735396579612,527.6576576787439,600.9812299850861,524.1720346236906,602.1509205222872,520.5991400413591,603.1789383808641,516.9825149910135,604.1965294886256,513.3628998636498,605.3088501412352,509.7714433248214,606.5833111436733,506.23452964735856,608.0705796929549,502.7819584517424,609.7953405693834,499.4418119911555,611.7370308050216,496.22263265714764,613.8473267080484,493.1111348211088,616.0877945467054,490.0918658578986,618.4336096698455,487.1536175231082,620.8674435599808,484.28779914446085,623.3748926846952,481.4861163291898,625.9424712110133,478.73939620592927,628.5594036580518,476.03963151901104,631.2179380936899,473.3808095847651,633.9121946309616,470.758180391741,636.6364066695805,468.1666697367052,639.3844617674833,465.6004463665446,642.1496620243797,463.05269854501046,644.9250621446822,460.51606094574004,647.7041431130741,457.9834548698675,650.4811816864512,455.448610237541,653.2508021115916,452.905665268157,656.0076783414353,450.34891425155587,658.7467917776037,447.7731474232847,661.4645789661954,445.17489455374107,664.1511743161179,442.54443109488443,666.7968965025738,439.8728645589497,669.4032694333307,437.1628871840958,671.9732591100538,434.41837444523503,674.5099767668476,431.64307325575237,677.0166537667344,428.840603679264,679.4966195112532,426.01446436194897,681.9532559946459,423.1680184567968
223,561.8619280138713,557.9548618238176,565.564731907383,557.3071788497815,569.1954155398154,556.3353722766777,572.7174206855319,555.0223562761884,576.1273001809437,553.4398486385898,579.4233981946296,551.6320202704487,582.5898911132372,549.6059719130433,585.599363751604,547.3534477687651,588.425850867177,544.8753422428766,591.0389666502492,542.1733926800704,593.3980416665422,539.24736446517,595.462330200592,536.1065065545707,597.2172525078456,532.7826415573974,598.6959691773379,529.3265286723648,599.9585458674429,525.7853114688681,601.0768182862255,522.1956282190258,602.127494682859,518.5854513479261,603.1863541431967,514.977685417266,604.3469582796953,511.4016300229083,605.7092265406442,507.8979297530491,607.3281269126626,504.5051362451533,609.1162042275183,501.1977514246755,610.9934917733628,497.94004408360047,612.9407531183219,494.7237032154774,614.9815880679163,491.56601326942786,617.1450555410261,488.49118753305225,619.4478545625846,485.51934914470246,621.8863440765463,482.657718243199,624.4379642539814,479.89636829181103,627.0798252241748,477.22112533119866,629.792311353524,474.6174458379996,632.5585203178233,472.0708605090393,635.362959538247,469.56639888020175,638.19131267281,467.08895108955215,641.0303608029567,464.62375609985224,643.8675116196406,462.1563795906613,646.6903707508117,459.6726781051122,649.4868467899544,457.15933228822865,652.2425272232784,454.6013664918448,654.9476370426644,451.98998115282853,657.6038338658569,449.32884725655725,660.214149276466,446.6226826758261,662.7818404753458,443.8760322798474,665.3103505309051,441.09326180633184,667.8032731478448,438.2785585563931,670.2643221275518,435.43593771023654,672.697305432663,432.56925316075785,675.1061035792702,429.68221189045994,677.4946519472842,426.7783910640173,679.8669206340194,423.8612523598951
224,562.549120500456,556.7968468563083,566.2057899192272,555.9230891678734,569.8095028909617,554.8523976000671,573.3330032316721,553.5424447628174,576.7377932850347,551.9501013632283,579.9858104597001,550.0583230297858,583.0656593161798,547.9031184396052,585.9846104140244,545.5341328739606,588.7437147127877,542.980729392705,591.3312995390294,540.2536752445191,593.7322143262991,537.3609917444044,595.923791520677,534.3067694253863,597.8857487520421,531.100253056869,599.6170653864795,527.7633416404261,601.1500770894334,524.3305310976408,602.5331371041019,520.8343769497736,603.8243225331794,517.3031058021686,605.0849780771168,513.7607722128452,606.3716413782081,510.2278350172727,607.729053962857,506.7215516688395,609.1990697652099,503.26110354028253,610.8232548008637,499.8704800799474,612.6351429423435,496.57648014211804,614.6362867597791,493.39387193282363,616.8020053929779,490.3206956780546,619.0969859736256,487.3426452529647,621.489977937289,484.44264835750846,623.9566336617794,481.60497146489524,626.4804771315711,478.8180005255374,629.0513132099707,476.0742994895208,631.66252795866,473.36898635921204,634.3085718276942,470.69771939974146,636.9845379393304,468.05641992723037,639.6859291891535,465.44112296751837,642.4082980831006,462.8476633640357,645.1466498603734,460.27107974435665,647.8953401473485,457.70552389243386,650.6483151928505,455.1445645457509,653.3993101822629,452.5814792452099,656.1416834189162,450.0091749951199,658.8695542517429,447.42150154990236,661.5761388580728,444.81158375912844,664.2540127259823,442.1722223271566,666.9031262478163,439.5039913909039,669.5254771022427,436.80944974699287,672.1231367250352,434.0910933766587,674.6982400448243,431.35135684901985,677.2529760229404,428.59261579975635,679.7895791594045,425.81719049226615,682.3103052482014,423.02733529169427
225,560.4323272151861,555.7341730713847,564.1049761123888,554.928658579125,567.7600957688753,554.0474706174145,571.3787133538426,553.0274777449469,574.9324894402821,551.8016347245594,578.3799964394196,550.3038385741031,581.6717558762938,548.4899952591629,584.7586630256429,546.3463353114669,587.6018651931389,543.8885074463115,590.1822279211442,541.1556923213594,592.5057550452924,538.2009774586434,594.5894819253251,535.0722085443232,596.454506849424,531.8081042002028,598.1265888793204,528.4408596509845,599.6425615975822,525.0003039966133,601.0487990316923,521.5132995493116,602.3995302642899,518.0043338003389,603.753845728898,514.4967550477426,605.1671546972929,511.0126037336644,606.669659428092,507.5660159215915,608.2624286775593,504.16016691154107,609.9333168827097,500.79195905415344,611.7000516049285,497.4731275817002,613.6151373667868,494.23797901940674,615.7181192304586,491.12178914830974,617.996566808371,488.1313169797086,620.4050312458262,485.24426566502,622.9074251647605,482.43812206168576,625.4807899721243,479.6968474015349,628.1082151519531,477.00729996826436,630.7766551733926,474.3584120490802,633.4751177310491,471.74009602907904,636.194014087067,469.14299327809096,638.9248035569732,466.5583921856883,641.6594239329725,463.9778426404169,644.3898317863703,461.39283864684387,647.1079626050347,458.79493493195145,649.8059093829575,456.17608583405945,652.4767263652165,453.5295828073693,655.1186973442939,450.8542797331296,657.7361140647943,448.1549376588264,660.3407481854427,445.44324754098835,662.9539706670923,442.739840603207,665.5838243937865,440.05260950092475,668.2296914336778,437.38114316251045,670.8908711984102,434.72492967321585,673.5666726273596,432.08344571816554,676.2564141703491,429.45615737964624,678.9594237140035,426.84252089454634,681.6750576207573,424.2420034544099
226,561.0895248388273,555.0609543736632,564.7571817219858,554.2330808254973,568.402255949607,553.3114779693435,572.0014756543126,552.2254691235744,575.5212195141718,550.9055692684254,578.9180267535756,549.296417927569,582.145671705143,547.370653329244,585.1694278324788,545.1382835604943,587.9747739156245,542.6366104494422,590.5589549211193,539.9068159226666,592.922581182984,536.9837953134991,595.0660780241873,533.8956092642387,596.9889699931688,530.665365182162,598.6968722874635,527.3163463956442,600.2123539785396,523.8757314025684,601.5840213806291,520.3750662450961,602.8732758686217,516.8430740518777,604.1445769987108,513.304549919902,605.471431067818,509.7866144014966,606.9391027083263,506.32532922588956,608.5913793658792,502.94841944025325,610.4276484009291,499.66782288909206,612.4220640600527,496.4807687615292,614.547095573278,493.379163404333,616.7778275636734,490.35260095587057,619.0962264268234,487.39261111407615,621.4905578923868,484.49367037582095,623.9521253731214,481.65157687196904,626.4730609360474,478.86198794780285,629.046231467781,476.12049048913826,631.6650893173179,473.42258766600986,634.3235169783604,470.7636547698302,637.0162290966714,468.13943724893636,639.7371385541176,465.544455364913,642.4776552890504,462.9701751694822,645.2258447694988,460.40408114677996,647.9685484326121,457.83212953046836,650.6928328462814,455.2406911638944,653.3855525459563,452.61649728380564,656.0342547797122,449.94790287491486,658.6354541332847,447.2329804771599,661.1958916451391,444.47955114489406,663.7637368451578,441.73310429574383,666.4300093946649,439.0824144200311,669.2054582152283,436.5462032411772,672.0771587066351,434.1194518171642,675.0329533968059,431.79580314150144,678.0616218744635,429.5679155676677,681.1529511998993,427.4277711258646,684.2977577985625,425.36696741520313
227,559.1117048411776,554.5673372159405,562.7333011358734,553.5566901669691,566.3492242954733,552.526042292951,569.9398936404348,551.4110152018054,573.4843536699951,550.1573135455103,576.9605518471617,548.7255749607272,580.344786829278,547.0886605542529,583.6061457689275,545.2193741702056,586.6988300575553,543.0833062964367,589.5644733681295,540.6517444530913,592.1475210164972,537.9220545525019,594.4245387669656,534.932040802975,596.4034523991622,531.73642212658,598.1032220585868,528.3837560861913,599.5485612245881,524.9133317155421,600.8385577783661,521.381693655656,602.1040168759873,517.8410991197346,603.4459413567527,514.3288798158632,604.9003261703971,510.86178450353964,606.4770195495183,507.44858767256494,608.1730837303085,504.09308888309045,609.9826045365223,500.7973826308139,611.9039554879109,497.56560717182026,613.9404544397958,494.40515220631494,616.0926956148328,491.3223554469266,618.3552746249304,488.3195742278534,620.7167640625512,485.3938938779844,623.1626793836629,482.53836712287466,625.6793000694912,479.74491258959165,628.2544784230632,477.00531282770504,630.8773795029042,474.3113413245343,633.5382723645345,471.6548680674167,636.2282263105955,469.0278110003635,638.938899874988,466.4221276712047,641.6623610698306,463.8298063222088,644.390891791496,461.24281880754575,647.1168419566546,458.6531135842102,649.8324801789829,456.05260233560006,652.5297487916442,453.43305282156854,655.1996992964874,450.7856814847913,657.8310970865784,448.1000148170752,660.410572908038,445.3644810860096,662.9269470134277,442.5708028405104,665.381558017766,439.7226875734869,667.7788895223355,436.8261778988392,670.1237583509754,433.8870217484635,672.4212425469825,430.91066694317044,674.6766196978567,427.90226886244454,676.8953158461801,424.86670848037966,679.0828432173453,421.80860307897115
228,558.692263143082,554.2133428280636,562.2949188915485,553.137270605146,565.9060598238574,552.0898743303347,569.5062252200435,551.0055668501047,573.071773321054,549.8129508870454,576.5716905526649,548.4405120910449,579.9662109729607,546.825768640582,583.2110639878541,544.9286285797131,586.2741507500514,542.7501630222625,589.140739246754,540.3186327534012,591.8091885483369,537.6709423512715,594.280331918218,534.8380651350674,596.5532978982175,531.8437618980568,598.6229361230025,528.7054648403002,600.484819152574,525.4395619302654,602.1468904904558,522.0674244220842,603.6427026688608,518.6180891314086,605.0249723470724,515.1215111397837,606.3569028758914,511.60536118627857,607.7038049086791,508.0949439014288,609.1273297950831,504.61501956466066,610.6844674089277,501.19300905728863,612.415355668875,497.8556563913398,614.3287128428102,494.61944546658407,616.4007190405471,491.4822856715389,618.5988612709023,488.4320327707142,620.8946208997862,485.45446832713617,623.2683693692148,482.53864796285256,625.7089124911262,479.67847733634477,628.2091252772537,476.8703026352225,630.7633569194254,474.11115713165213,633.3658811642682,471.39750047424775,636.009762663094,468.7241046304867,638.6869785600796,466.0840745948158,641.389036876772,463.4694631333137,644.1074997491987,460.8719029849085,646.8337902490235,458.28255507887195,649.5587980969367,455.6918581841059,652.2725807009517,453.08941292457087,654.9640850339988,450.46395032028687,657.6210171403546,447.8035323172902,660.2317195176755,445.09776137972443,662.7904339577677,442.34277188494343,665.3000482840233,439.54297008362465,667.7644526757407,436.70328231050723,670.1877544608426,433.82842940220075,672.5742345843497,430.92292908885236,674.9283102356916,427.9911055162461,677.2545034642247,425.0371044222689,679.5573930603338,422.0648955145441
229,557.7544140167203,553.8492366738002,561.305365996111,552.6131878680285,564.8654005474135,551.4034219088811,568.415272947267,550.164266136932,571.9363949133965,548.8459039909644,575.4067539458978,547.3996150454989,578.7995968055013,545.7802770890264,582.0857179564998,543.9544112244236,585.2408617091756,541.9106754249052,588.2456110879899,539.6516665604153,591.0817593941043,537.1843747627202,593.727442724703,534.5139676472945,596.1579940129328,531.6464866457288,598.3468085360124,528.5906131439676,600.2741499029613,525.3633958522166,601.9424913875561,521.994741077379,603.3905783878312,518.5253235893113,604.6863403766446,514.9958449078515,605.9155782719827,511.4424934507757,607.18094145287,507.9019880686702,608.6274259684266,504.4322322001666,610.3422191412237,501.0873136824206,612.2825383593133,497.86703205646444,614.3006723319513,494.6946052109804,616.3653333644207,491.5522708158463,618.4882972885059,488.44906813582986,620.6869530116385,485.3990834366794,622.9756828828183,482.41613587788464,625.3560249454868,479.50576445880296,627.8192018513428,476.66511186151956,630.352572094376,473.88683987874424,632.9450939911502,471.16365179353056,635.5875058329713,468.4888238599025,638.2721387307425,465.8563576006028,640.9920454517462,463.2603379383047,643.7395942234739,460.6935758255304,646.5044913380734,458.1454972034869,649.2736960195161,455.6020963310629,652.0321356682912,453.04703628185723,654.7631995039741,450.46276774639864,657.4490526338021,447.83158686123875,660.0797975118618,445.1453183330127,662.6539480258896,442.40475952498775,665.1748557436932,439.6151330091173,667.6465619354099,436.7818077682084,670.0733656763713,433.9099178983429,672.4597710569019,431.0043621532533,674.8104418866706,428.0698126041074,677.1301638022035,425.1107305050148,679.4238027382677,422.131379524193
230,558.276941182719,553.0741503380358,561.7604372463541,551.6594286128985,565.278213613051,550.3319221766881,568.8090582551134,549.0394399988369,572.3329792877424,547.7282702844466,575.8290203855327,546.3447437129611,579.2730296207355,544.8367684579651,582.634710002413,543.1538312761282,585.8708249176069,541.2412992084942,588.9345170373639,539.063714778188,591.78929419261,536.6186443499356,594.4194651317507,533.9333242185612,596.8104243980168,531.0329315695723,598.9464140466127,527.9399497328402,600.8226697547211,524.6826313674255,602.4632758031536,521.3001660928253,603.9171471475751,517.8329875840908,605.266168147891,514.3233943150817,606.637428181244,510.82255025500984,608.1690474057428,507.3890958343777,609.8312610737494,504.0166300524746,611.569943197872,500.6828670261608,613.3695076597619,497.3815817777206,615.2430477720752,494.12174822773994,617.2032766023905,490.9133328553055,619.2597081200571,487.76574662999576,621.4172775095578,484.68661962234336,623.6739462289258,481.6793505152352,626.0197108930477,478.7410109159986,628.4435055053839,475.8666665426445,630.9359883066492,473.0516533107724,633.4896947594316,470.29204198862897,636.098593281632,467.58453486983245,638.7581075386724,464.92672024642394,641.4633819504652,462.31548162001224,644.2062070495558,459.74368714517647,646.9712848382716,457.19580640251587,649.7400592673546,454.65193827264113,652.4923269865274,452.09024439114,655.2078578952866,449.489681264763,657.8734679438436,446.8379880300333,660.5023337489542,444.14979614743163,663.1375617324568,441.46787061898704,665.8308870033019,438.84439604771717,668.588246951566,436.2882871396298,671.4032978141818,433.79583548036135,674.2699852682821,431.3629315004683,677.1825673260322,428.9851451224111,680.135621056805,426.657796690395,683.124059129663,424.3760475326926
231,558.2426959491485,552.8259105942465,561.6793988993971,551.3014407517769,565.1728358888997,549.9114223027293,568.695327701507,548.5964038546514,572.2191408527531,547.2849134324465,575.7145580613978,545.8999229224044,579.1449338514597,544.3616430682434,582.4666502721448,542.6018181575389,585.6368953138362,540.5822124676997,588.6247341571925,538.3014382565435,591.4146826144736,535.7822934280465,594.0027255192605,533.0559220500068,596.3955285321457,530.1564436099184,598.6113658614786,527.119325831428,600.6808742878125,523.9804479484133,602.6398155367102,520.7712488474501,604.5134415246745,517.511462595793,606.3034220982439,514.2050400772802,607.9879011399681,510.84370294488167,609.5622500815264,507.42936307877926,611.0565454389499,503.97911618548324,612.5379486672268,500.5232919795301,614.0963890398873,497.1017097834354,615.8063054194776,493.7535468471354,617.6979092075362,490.504586735371,619.756753610917,487.35883325338807,621.9542349873927,484.30817058060626,624.261732931879,481.33973588870015,626.6550585279055,478.43997954187046,629.1168298273659,475.59806276865123,631.6385365080121,472.80917604559767,634.2163547247975,470.0720665422581,636.8483734795009,467.3870338083748,639.5336451560961,464.75526208081817,642.2719485581813,462.17871149019544,645.0578000276766,459.65362061260856,647.8740787296435,457.1624556508755,650.6904718191001,454.6714228897046,653.4698106302922,452.1391962623553,656.1900323491548,449.54361428259796,658.8489404915177,446.88521601539054,661.458098692951,444.17793549739605,664.0277248909003,441.4330847272774,666.5626036824641,438.65610707738654,669.0652433476007,435.85003547196425,671.5382429640682,433.01780289329747,673.9842872216706,430.162254119309,676.4061321946213,427.28614936835334,678.8065927894938,424.39216970073073,681.1885166722872,421.48291156228424
232,555.154541853565,554.1354078033922,558.4709635960311,552.3644474858972,561.8592470431026,550.7349832448646,565.3032755978517,549.2267152634156,568.78656198831,547.811218810541,572.2843397975664,546.4317531014294,575.765370829816,545.010799276326,579.1930592953908,543.466205296862,582.5271748785639,541.7295284283122,585.7266123369649,539.7562448023417,588.759319848208,537.5352946581985,591.6096668837865,535.0845055073125,594.2769506027402,532.4354655655949,596.7592700559417,529.6122809327134,599.0494227265898,526.6310929282675,601.1415829707669,523.5076872354134,603.0452266709107,520.2657570560009,604.7946302794998,516.9378245833772,606.4369962211204,513.5556155511281,608.0200110374005,510.1451468370303,609.5837791273407,506.725788407878,611.1648064958268,503.31439380475496,612.7980353484652,499.92773466605644,614.5144333901693,496.58252818624686,616.3364536892601,493.29372065627297,618.2753556292811,490.0724749729165,620.335482386154,486.92739714266474,622.5165105006405,483.86492463670413,624.8134432850121,480.8883713932348,627.214472945312,477.99508047055605,629.7046330549852,475.17807505166485,632.2693896751866,472.4287680219523,634.8969993144625,469.73943430750364,637.5776867516277,467.10297600622357,640.3001852550647,464.50968278182796,643.049007383212,461.9442757497737,645.8026445409598,459.38403094491457,648.5340764265491,456.8001507154775,651.2172524141115,454.1662668297259,653.8373098053117,451.46959294481366,656.3988621081628,448.71724301710697,658.9212108596918,445.9288654338648,661.4455099475931,443.1422585537715,664.0054791132252,440.388401941119,666.6018387317555,437.6688235989749,669.2322792988731,434.9821914512688,671.8945480071771,432.3270917592893,674.5864511738348,429.70203853099673,677.3058554405897,427.1054822612859,680.0507255996528,424.5358584990093
233,557.4779289887915,552.6088531553828,560.8078596970395,550.8634976874247,564.203642606633,549.2495180637524,567.6361073502884,547.7148265012348,571.0816708526057,546.2096784271924,574.51869465593,544.6851911836706,577.924707103032,543.0928321011911,581.2737228796842,541.3841985393075,584.5336542670525,539.5116492717799,587.6698658556652,537.4389191122161,590.6517026602539,535.1498207727295,593.4592157709537,532.650017037447,596.0753396311525,529.9505851589328,598.4855353953405,527.0657868387119,600.6816691861815,524.0147734027912,602.6682122593072,520.823174952407,604.4620026748912,517.5192043399642,606.0950678005825,514.1326851903603,607.6170017827585,510.69459398958617,609.0949627559908,507.23728262390705,610.6070738638739,503.7948473675865,612.2268733780303,500.40196656220127,614.0037810124098,497.0887998462127,615.9462532903356,493.8699035169701,618.036269276413,490.7446726662585,620.2460171178963,487.70279639818807,622.5488990547944,484.73072270275713,624.925460210693,481.81717667548565,627.3613119613844,478.9529818999846,629.8447420129856,476.12991626666224,632.3655404684122,473.3401492858604,634.9147156321916,470.57627494678104,637.4842506178132,467.83131004788856,640.066702368357,465.09848841973604,642.6553997270536,462.37158013047474,645.2454972801407,459.64600140461107,647.8361796587643,456.9209785931147,650.4299168362445,454.19886396845357,653.031201327248,451.4839629555562,655.645227965787,448.781332390953,658.2774025166029,446.09638060630243,660.9382297112311,443.439847133865,663.637169791271,440.8220497484952,666.3724423420367,438.2422323552778,669.1409258602916,435.6980815265197,671.9395955955466,433.18716924589575,674.7655240793204,430.7069702894918,677.6158792678934,428.2548778418587,680.4879206398676,425.8282173042842,683.379020473713,423.4242908475477
234,555.2856206255988,553.8453788316934,558.4675200485538,551.8432679108304,561.7578752258,550.0245166319253,565.12798653839,548.3578038991509,568.5503303492105,546.8008091345215,571.9972344756255,545.2987539228216,575.4411458071108,543.7898782849729,578.8529690463538,542.2100753161332,582.200077282641,540.4978698418016,585.4501951761036,538.6084319537241,588.5760912163834,536.5200617231568,591.5573362573689,534.2300061838085,594.3776463247749,531.7444594295858,597.0249338679242,529.0753669080074,599.4870281927272,526.2345644110841,601.7476048131122,523.2310035417337,603.7871588479118,520.0732092513222,605.6048116657729,516.7825283061461,607.2368072741386,513.3955573232129,608.756500712753,509.95645012706524,610.2535611361797,506.5073692003921,611.7992093644061,503.07986812742183,613.4360206906496,499.6950271442603,615.1839939301194,496.36628419042495,617.0529426249816,493.1039588408124,619.0438340505873,489.9145896487334,621.1512225174032,486.8009442215789,623.3659738609788,483.7626973689409,625.6779080090527,480.7976979325452,628.077107873452,477.9028256918071,630.5530447940885,475.0732700898351,633.0946321991905,472.30249927253584,635.6909617832431,469.5829271938831,638.3317543397808,466.9064845052958,641.0074893169653,464.2649560023801,643.7091479528987,461.6499326904027,646.4272210694156,459.05196361179986,649.1491451860226,456.4580261110885,651.8609109061089,453.853480186855,654.5499200661448,451.22546058496295,657.2060430996519,448.5642317980486,659.8149219676308,445.8567102006318,662.3677159998508,443.0962538350496,664.8639814332994,440.28456225471393,667.3088417448936,437.4280419715588,669.7083242223432,434.53328455593504,672.0687323526566,431.6065656445361,674.3965778960882,428.65387100908487,676.6985261497163,425.68093439531657,678.9813513605476,422.6932828558196
235,556.7853085702641,552.5026601432719,560.0155333476066,550.5789430524994,563.3220851763014,548.7893932153042,566.6845569646872,547.1070343716985,570.0806924597235,545.4935158722075,573.4852865269687,543.897861940869,576.8731218426982,542.2670404275711,580.2217529720078,540.5573285615793,583.513128554912,538.7399855325459,586.7312258725923,536.7959809345839,589.8554029131104,534.7045941410612,592.8572073177107,532.4413821608273,595.6955034227186,529.9767490680688,598.3087649773362,527.2752894009133,600.646902645488,524.3326803776029,602.6989329970497,521.1834141573828,604.5095718944143,517.888778152665,606.1693797048365,514.5151553896994,607.7681693669483,511.1120384216577,609.3667639459651,507.70882630484795,610.9964991520762,504.32044543651375,612.688155534277,500.9626054018871,614.4661115099977,497.6497101312754,616.3461131955237,494.39368138460924,618.3365996152203,491.2040294183179,620.4422341194362,488.08921479585035,622.6630464744599,485.055446211666,624.9884818092354,482.1010351718363,627.3972558768463,479.2140861224903,629.8663156939009,476.3784607984042,632.3761943249135,473.5788647017367,634.9125344735799,470.8032033469435,637.4677187695894,468.04487685158284,640.0430711118101,465.3053753942027,642.6438032997668,462.5899658013125,645.2751618634318,459.90423221373055,647.9386280258947,457.25033225107506,650.6280678349657,454.62274357695827,653.3321142677829,452.01017660357877,656.0376587331925,449.39915972974126,658.7314199799853,446.77599838488675,661.3994096846936,444.1266518464077,664.0279031948239,441.4381442338861,666.6109356986091,438.7059250775502,669.1512776371751,435.93395956368227,671.6523359102955,433.1264901680058,674.1176819213056,430.28760164159945,676.5510207204131,427.42122438667974,678.9561642577908,424.53114251398347,681.3369889067819,421.620989596633
236,555.0230006275949,552.9815627801992,558.2094043755984,550.9863564641618,561.4894475520372,549.1488324010094,564.8328303600756,547.428854234387,568.2083886201059,545.7727054966329,571.5929674310432,544.1350210908142,574.9732885734949,542.4885773078988,578.3373710520426,540.8092628415905,581.667506827391,539.0637580456279,584.9384345212407,537.2099530985304,588.119980222881,535.2069898416582,591.1717361015786,533.0119110247903,594.0432102757184,530.586256881583,596.6885306067977,527.9160774010451,599.0788952253106,525.0153472160271,601.2562599234202,521.9504783479807,603.3238928796292,518.8101605350948,605.3336224772469,515.6324176455294,607.270112446233,512.409622223751,609.100311494065,509.1253780651627,610.8183357311057,505.7810071107125,612.4625491393674,502.3996416869145,614.0646005375019,498.99806073132436,615.7143713611548,495.61960049501806,617.5465417482292,492.3370651969433,619.6181501446274,489.20022441054795,621.8559811605977,486.17898118519275,624.1790766005199,483.2226207981759,626.5499290736224,480.3043527995638,628.9454147594362,477.40625546864726,631.3696069846435,474.53214628865413,633.829053980866,471.6881467406953,636.3219942759554,468.8734569079466,638.8463303491167,466.0868866149691,641.4000012995111,463.327171613546,643.9809854805325,460.59298113141443,646.5873021734758,457.8829250361284,649.2170123871915,455.19556056427854,651.8682188717398,452.5293985842441,654.539065432971,449.8829093765857,657.2277356318373,447.2545279298785,659.9324509476511,444.64265876135306,662.6514684789456,442.0456802812217,665.3830782495123,439.46194872728444,668.1256001808991,436.8898017024827,670.8773807864857,434.3275613527786,673.6367896363921,431.77353722629215,676.4022156371284,429.22602885724035,679.1720631651481,426.6833281200875,681.9447490338389,424.14372243230446
238,556.5473095198421,552.2754553293009,559.6679350422654,550.1786174921613,562.8756904540189,548.2175586411943,566.1559880417374,546.3802854687526,569.4925468993524,544.6471025731198,572.8650307691443,542.9847304059194,576.2487128561866,541.3451964874047,579.612730858525,539.665859810402,582.9188443646635,537.8756833828515,586.1235970581479,535.9103664185418,589.1892866603008,533.7348225704825,592.0923156657102,531.3465080031497,594.8259833515434,528.7659108925413,597.394179405054,526.0204240770182,599.8043088756464,523.1350579377993,602.0614077900494,520.1284137776152,604.1689609800368,517.0150472196959,606.137259823154,513.8117251567363,607.9907041352791,510.5404785867963,609.7629124161557,507.2244200026497,611.493286187814,503.8862848485815,613.2267002490422,500.5497323862963,615.0109135127484,497.2401439502382,616.8902548584866,493.98376544830813,618.9030213452321,490.8083083231052,621.0774587332027,487.7414132497446,623.4074263735553,484.7908426852298,625.8567723454661,481.93832991708507,628.3792435311965,479.15012810828154,630.9413357239521,476.3982256923638,633.5171525770705,473.6591473086328,636.089302126488,470.91662708084004,638.6504529824401,468.1638332121041,641.2035034973007,465.40352270521055,643.7564182884107,462.6430866039779,646.3185169399857,459.89117713927567,648.8985770506741,457.1561085900355,651.5033160910624,454.4445388423631,654.1338248208407,451.757959392304,656.7857584680676,449.09251739290505,659.4496751328669,446.43904279114474,662.1135927251266,443.7855684255733,664.7744026657261,441.12897782507844,667.4321220271519,438.4692953293995,670.0867701406836,435.8065473882011,672.7383664224382,433.1407603774734,675.3869303722303,430.47196059955553,678.032481572447,427.800174283177,680.6750396869248,425.12542758350764,683.3146210926981,422.44774326592784
239,556.0068666066406,554.5813193437604,558.733587912191,551.9938513436349,561.6448098621293,549.6154206355641,564.6911350638668,547.4121892878013,567.8346394207672,545.3496865955398,571.047871150588,543.3973797800504,574.3070632894124,541.5226304265832,577.5861037932066,539.6827228890444,580.8572993766238,537.8289450096934,584.0908075287934,535.9103782797874,587.2532004273886,533.8770530936293,590.307179489481,531.6846175373579,593.2239159989267,529.3128066597338,595.9878614525998,526.7645400181917,598.5943646418222,524.0553923822855,601.0389111017192,521.1992120711626,603.3203062141241,518.2110359243054,605.4467935327395,515.1105756039149,607.4406009701403,511.9230123885391,609.337562312002,508.67674061645255,611.1822936646887,505.4004222990083,613.0259802120466,502.12351464347466,614.9190346216653,498.8749444931535,616.8939206758694,495.67552382860725,618.9543735557282,492.5305037225104,621.0885900787835,489.435027991768,623.2826522482508,486.38165102947954,625.5262206392662,483.3644474611402,627.8141090780899,480.3807069233994,630.1470997515507,477.4321079560617,632.5319514348516,474.52531991443516,634.9807433053153,471.67224052765056,637.5119243937022,468.8920921397224,640.140894782704,466.2043029924137,642.8701225372486,463.618347151737,645.6821472900693,461.1225465037362,648.5416538693526,458.6811388479981,651.3961830720873,456.2339435655462,654.1811022392459,453.70813109042916,656.8394077469369,451.04963331648503,659.375468318657,448.2739962503906,661.8366765840057,445.43154223962694,664.2706202591678,442.5656656118417,666.6859092728367,439.6840480938152,669.0843380710926,436.78838085948075,671.467730414705,433.8803233865865,673.8379349658424,430.9615060554361,676.1968212693107,428.0335331164732,678.5462760813994,425.097985960113,680.8881919962215,422.15642026816744
240,554.5399023718089,555.3064676226373,557.2966675328158,552.7506603554867,560.2054772171047,550.3689140517783,563.2312214041306,548.1373872428653,566.3505074583838,546.0384315315966,569.5431263779793,544.0526348154162,572.788740622186,542.154533355731,576.0639661931336,540.3078648275192,579.3394543040993,538.4616667715076,582.5780162339706,536.5516660616705,585.7412943695463,534.5197880815725,588.7922313355704,532.3231804348171,591.698813367127,529.9390334244254,594.4408719236773,527.367353827531,597.0189349972956,524.6311082673661,599.4460497587795,521.7599328425638,601.7400340779485,518.781175603047,603.918908674922,515.7171097852998,606.0013827635362,512.5866471579593,608.0082972454709,509.40715005668903,609.9633748485891,506.1954706495382,611.893388238055,502.96864269476697,613.8278127353149,499.7444618679521,615.7971915521204,496.54155016368424,617.8322000450379,493.3800061353222,619.9627800157458,490.28217574073796,622.2146498076477,487.27147446940853,624.5894267088466,484.3566838355105,627.0629625670512,481.52506077661906,629.5976860976997,478.74796799934643,632.1664603000331,476.0022984512551,634.7498922042714,473.2704022371169,637.3352910579586,470.54036614669667,639.9179952513772,467.8077807246904,642.5018275567079,465.07626248109716,645.0949722400705,462.3535884764552,647.7070268012751,459.6490614000872,650.3465579151188,456.9713553196034,653.0181633657915,454.3256554376631,655.7212092230053,451.7120797189666,658.4512897884127,449.1267473862223,661.1922897933628,446.55298398993375,663.886700045394,443.9306500974602,666.5074443277413,441.2346821586391,669.0576699577895,438.4718901554099,671.5416565268683,435.64937383330835,673.9641203514892,432.7738628677917,676.3301162315474,429.8516970218435,678.6449531589532,426.88882613908476,680.914075741359,423.8907889435477
241,557.2302946763458,554.8243115250222,559.9205406028228,552.1983447143485,562.7544633367434,549.7279020381602,565.7049033688713,547.3976767645155,568.7484889577445,545.1903272278615,571.8610207546569,543.0811346740567,575.0159802156868,541.0358008119298,578.1863395810813,539.0143654515571,581.3487437920695,536.9805285157848,584.4850046427421,534.9066594221885,587.5790400550025,532.7703806448063,590.6138863803544,530.5509263217481,593.5695015432957,528.2271418437381,596.4229557575127,525.7791572674541,599.1467850878518,523.1879236905039,601.7115657663187,520.4393347855361,604.094799989555,517.5319720526755,606.2927897597377,514.482041530964,608.3181287042546,511.314654060672,610.2004125021202,508.05999592193496,611.989004228721,504.7527539418764,613.7418913554,501.426381543939,615.5583050158865,498.13454208560745,617.5284063027347,494.93247466529306,619.6469478364951,491.82651396326906,621.8803861819961,488.80195684806523,624.1982341421559,485.8415072546093,626.5784175840209,482.93088258592036,629.0027808546424,480.0569234229147,631.4627863642237,477.21340511364923,633.9563608623657,474.39927961789175,636.4838558359575,471.6155801923528,639.0448637399991,468.86268091065034,641.6386287906826,466.14062242522465,644.264946694794,463.44995944513187,646.9235906010845,460.791232009059,649.6119279176878,458.16252255016377,652.3201283820199,455.5542657232493,655.0334440376186,452.95132505302234,657.7337570875803,450.33491486430097,660.4003074343916,447.68414828923557,663.0118740967276,444.97925126817165,665.5619837040482,442.21631782176684,668.0567535625663,439.40329257828404,670.5030838010722,436.54802277632757,672.9082143474495,433.65794736657654,675.2796354912874,430.7401358242743,677.6250179352218,427.80134361253084,679.9521594970959,424.8480794110054,682.2689414664917,421.88667763637534
243,558.077004431612,555.4693768090477,560.7015908871304,552.7775651817351,563.4579482384559,550.2207876880107,566.331298779826,547.7961452393174,569.3015034094725,545.4909930302058,572.3411723330528,543.278051269003,575.4183523720711,541.1174436770972,578.5028645979764,538.9672916035873,581.568066302083,536.78975147372,584.5909618261287,534.5539418292906,587.5520054723305,532.2369312654253,590.43716089718,529.8261353254933,593.2376934910162,527.3175516379962,595.9482982284876,524.7120692591313,598.5635111248099,522.010865014622,601.0770530530482,519.2148227754641,603.4828241455377,516.3255407935185,605.7772360101716,513.3470436429757,607.9630308325811,510.2879074329726,610.0506648025147,507.1608978478538,612.0590473617538,503.98233406121017,614.0154504049175,500.77145782329046,615.9539505414369,497.5497192410627,617.9113188879967,494.33943384363323,619.9246729535846,491.1640360888142,622.0258479568604,488.04613756194664,624.2310902910638,485.00099763665725,626.5371361645324,482.03142932906354,628.9339052249951,479.13455969793154,631.4130473087587,476.30784229981197,633.9692435169363,473.55060821757644,636.6051397839123,470.86949271290246,639.3091276887008,468.25695663815793,642.0935569054695,465.73088896167945,645.0410427395909,463.3972949917525,647.9962557669389,461.07316970162356,650.827448631531,458.5995438902153,653.5441058923014,456.0004557964729,656.1665862607027,453.3062261630936,658.7178023265844,450.54431666621576,661.2221873099948,447.7398086711296,663.7050582386523,444.9162074067188,666.1852424429035,442.0902436708145,668.6649421538801,439.2638548029788,671.1439092891356,436.43682339566254,673.62189299548,433.60892995448955,676.0986400737808,430.7799533935438,678.5738954599107,427.9496715815937,681.0474027226376,425.11786190350716,683.5189027726626,422.2843002605713
244,556.7946309573734,556.9434942628708,558.9797703606616,553.8862469927951,561.5064881964976,551.1041681194696,564.2718948238613,548.557843932221,567.1765930720171,546.1707706499037,570.1598509611324,543.8823805424553,573.1899985821759,541.6563259301327,576.2427476900773,539.4613159197173,579.2994332236951,537.2717836564782,582.341766741451,535.0623829840645,585.3490071547552,532.8055284157343,588.2975921113471,530.4726833110295,591.1638948168186,528.0395809312278,593.9311306890156,525.4944220706159,596.5919135783166,522.8381598062593,599.1464693899669,520.0795456592715,601.5989491715956,517.2297520702014,603.9573119156394,514.3015382557167,606.2329436160629,511.30852439463035,608.4400206995059,508.26455681562607,610.5962973114516,505.18435411902993,612.7225544250534,502.0833266433392,614.8414552328835,498.9772614640991,616.9763351677918,495.88217223922214,619.1507182710462,492.81474280543387,621.3853128534784,489.79094379847413,623.6936652217411,486.82309603208586,626.0789025628802,483.91668213294685,628.5362151801866,481.0709256979484,631.0566310122006,478.2808739677679,633.62911841816,475.53872809526575,636.2419383153002,472.8349594576029,638.8841694743135,470.15990730495935,641.5455602058765,467.50390454212936,644.2163851045054,464.8573832154444,646.8877638870694,462.2114205557545,649.5529862788675,459.55925895190757,652.2075567565591,456.89643800971135,654.8481694073533,454.2197777571801,657.4715887379559,451.5262671787666,660.0746206103312,448.81305276755336,662.6533796829505,446.0767636135445,665.2056285835376,443.3157299014282,667.7327527185707,440.5316788768811,670.2365279577768,437.7266085028546,672.7187781824985,434.902470286707,675.1813687283063,432.06117092465075,677.6262004396879,429.2045746270227,680.0552043105492,426.33450602706915,682.470323219031,423.4527423299462
245,558.4403725055093,556.8042418813418,560.8888777529934,553.9512658305177,563.4619839446306,551.2099948898682,566.136464288605,548.567429086418,568.8935745709842,546.0111144930348,571.7173464621504,543.5285683766605,574.5935708973028,541.1069376991925,577.5102670354795,538.7341719094356,580.4561095902777,536.3976618637175,583.4171684805459,534.0804425071112,586.3736104789925,531.7573472217106,589.2990413029269,529.3953975223299,592.1635823415951,526.9601070601501,594.9394302717375,524.4243120922806,597.6077226710761,521.775631525839,600.1629792629346,519.0177140163717,602.6105016445388,516.1636777312835,604.9638074299387,513.2313829589069,607.2420115965092,510.2402915405794,609.4670686283931,507.20940270330226,611.6633572344626,504.15757248123106,613.8553552563333,501.10265479209824,616.0644479461582,498.06008839979376,618.3061327100759,495.0414718010512,620.5884770592869,492.05348708824596,622.9124651594354,489.09777188590243,625.2742243436277,486.1721429239681,627.6698559631435,483.27417986938417,630.0968316806421,480.4024134575412,632.5539332682846,477.55637964926837,635.0408589221012,474.73636998469647,637.5579640896957,471.9432663112853,640.1058143343874,469.17818089301585,642.684756454182,466.4420719598273,645.2947341132414,463.73555220866467,647.9352836210174,461.05884892344744,650.602839234503,458.4090498265051,653.2887392536334,455.7778330263469,655.9785682533973,453.1506292603847,658.6539636858903,450.5087453256538,661.2977162743724,447.83522678383815,663.8955609124289,445.1171089001295,666.4386059428232,442.3476607023655,668.9281838021761,439.5300382440902,671.3680858040572,436.669279682663,673.762350270509,433.77020744398664,676.1152138918321,430.83742559900276,678.4310696120582,427.8753255492979,680.7144310206927,424.88809833276713,682.9698970131205,421.879747676688
246,558.1218692575692,557.7720092996401,560.4418552074251,554.8137443065577,562.9135086070634,551.9807923621947,565.507203449257,549.2589731464657,568.1976381080351,546.6326294258535,570.9659803503292,544.0884616375292,573.7971193191884,541.6143066017606,576.6774878467655,539.1975940489469,579.5923963367018,536.8226086243789,582.5233264467856,534.4673962650817,585.4480209151326,532.104458229256,588.3414912848427,529.7034559016461,591.1762705522403,527.2335598200744,593.9245147576149,524.6678491732562,596.5692319705021,521.9955953618785,599.1085766757268,519.2229506581377,601.5518712485061,516.3652360923674,603.9111891306733,513.4377468660678,606.2007111657722,510.45530315230536,608.4375475583066,507.4331003913655,610.6415801323435,504.38686291650794,612.8340350736164,501.33227209468043,615.0344512665067,498.2834171110179,617.2591542698609,495.2522529548749,619.5215348884517,492.24912584523645,621.8333002989258,489.28387308721574,624.2054095743558,486.3666990191489,626.6446735738741,483.5054578625661,629.1502744145795,480.7021068803575,631.7126731377543,477.9505436861516,634.319517299999,475.24102051202414,636.9593521784024,472.56360930341066,639.6224243542307,469.9092972523433,642.300270787629,467.26988380746616,644.9853528867574,464.6378282464739,647.6708337134515,462.00617934013394,650.349764262936,459.36786592000846,653.0148059762366,456.7155292435183,655.6606796233133,454.0440749753294,658.287287020344,451.35367197822245,660.898970114941,448.6487738919934,663.503885543888,445.93735369492845,666.1174464036917,443.2342725787976,668.7463739360302,440.54613419776587,671.3900439983229,437.8724925285893,674.0477012282067,435.21275338317014,676.7186001256811,432.56631118594714,679.4020049126947,429.9325498503309,682.0971893319257,427.31084360832824,684.8034523669503,424.7005744087495
247,559.4692609178937,558.1514750918394,561.665826176936,555.1001384378702,563.9851318163229,552.1410602270671,566.4315665870433,549.2862513881181,569.008083283081,546.5482927828938,571.7063899410849,543.9302195698635,574.505960941648,541.420567105943,577.3784963175555,538.994609158859,580.2922995114606,536.6182653884481,583.2127291817951,534.2500499308005,586.1030031676587,531.8452183264502,588.9312716220311,529.3678675713128,591.678733928708,526.8012456721863,594.3392317884595,524.1445876254274,596.9073729324183,521.3985686011094,599.378346033127,518.564792208976,601.7540150176188,515.6506067564452,604.0493063625412,512.6726241343688,606.2890514780757,509.6525723878231,608.5057480063306,506.61552846554315,610.7341764945457,503.58709508965603,612.9975991413692,500.58475031844125,615.3022185483472,497.6139080397332,617.645651338533,494.6735822674194,620.0258374300206,491.7629254033049,622.4408050253068,488.8810586781933,624.8887701894022,486.0271659796609,627.3681041867426,483.20048038320357,629.8772834697891,480.4002521518042,632.4149155626504,477.62578076114625,634.9796583553499,474.87634964181836,637.570222128076,472.15123228816157,640.185318667714,469.44964674983754,642.8235873322851,466.7706843754923,645.4847205625139,464.1144337441271,648.1688686944251,461.48144213056236,650.8745763567682,458.8706052213838,653.5953479937982,456.2754623456931,656.3208635344122,453.6852984407741,659.0380756596977,451.0864331846693,661.7322085412776,448.46367254052313,664.3911254314837,445.80522335019134,667.0316100796432,443.12843003090677,669.6728240381433,440.45235587532727,672.3162203420721,437.7784374303935,674.9620659901049,435.1069426312146,677.6106272814418,432.43814018382733,680.2621697316705,429.77229964281804,682.9169579854681,427.1096914858274,685.5752608736057,424.4505923363163
248,559.2067385784487,558.7895456574931,561.4396868778285,555.7648349230236,563.7657535884862,552.8107878484,566.1538219320092,549.9067023304217,568.62638675899,547.0742675225272,571.186910604591,544.3211036270701,573.8354393477953,541.6524999716704,576.5632222810038,539.064891606868,579.3509048224428,536.5418402301532,582.1744973108578,534.0589793384139,585.0113189929314,531.5912222553228,587.8395527294498,529.1136417573775,590.6373830863822,526.6018267149185,593.3839230080928,524.0340896430788,596.0652023304241,521.3983166011687,598.6750758583563,518.6918203511145,601.2138738162054,515.9185263276927,603.6859501053395,513.085569240613,606.100137096432,510.203087616048,608.4683337524518,507.2826736730892,610.803804619782,504.33600292543963,613.1195068185946,501.3737600184952,615.4272046711638,498.4052731416102,617.7378947932772,495.4391162931085,620.0623017962051,492.4837029759686,622.4112372009159,489.5477592435209,624.795583660751,486.6405186289064,627.2255043878881,483.7712830827172,629.7078230163868,480.9472675126179,632.2428134271061,478.1704314183734,634.8250943993919,475.43750058816056,637.4477850467483,472.7433108612916,640.1045095125555,470.08266423296834,642.789616798004,467.45065494664317,645.4976433855394,464.84222461532596,648.221212188126,462.25001774532745,650.950012598194,459.6633147570144,653.6714652240529,457.0688879585085,656.3748079762754,454.4556078942031,659.0511613773738,451.81470706666204,661.6923479494722,449.1386530933722,664.2869834871833,446.41748789019044,666.8106396141004,443.63046019464616,669.2525717287875,440.77153550634296,671.6177254586448,437.8487475811343,673.9121114847052,434.87006023686433,676.1422241296955,431.84293101186967,678.314911826534,428.77430693371036,680.4372711818972,425.6706459012094,682.516513072372,422.5379230915085
249,560.588990051882,559.9827913502945,562.5421615675425,556.770361520183,564.6430510587699,553.6524408940976,566.8710265856558,550.6239600477878,569.212644462052,547.6824234893325,571.6578864298116,544.826416482776,574.1976764107212,542.0541203784917,576.8210716681067,539.3607486545047,579.5122793337875,536.7350670193813,582.2520121592122,534.1599966141971,585.0208153677648,531.616172208983,587.8003733415218,529.0840899283976,590.5729507489536,526.5443749694682,593.3202264194267,523.9773433749182,596.0251383984935,521.3657526564597,598.6740611694894,518.6974217412616,601.2584480224024,515.9665585342769,603.7728102671792,513.1710999785414,606.2125058745241,510.31025603999575,608.5756423395961,507.3858398083431,610.8687626802941,504.4061634585743,613.1115606899643,501.38837303499514,615.3317277860589,498.35386580263435,617.559297869816,495.3247975232949,619.8212629377745,492.3213603087077,622.1360666000171,489.3584909518205,624.5140973195417,486.44614609034915,626.9606390341725,483.5911314018683,629.4785368168019,480.7988521183802,632.065208340636,478.07014660491734,634.7126860946611,475.40036272932565,637.4096593231205,472.7805536351257,640.1441427617257,470.19989284118907,642.9044950029946,467.6469009310583,645.6790665306585,465.1093578932027,648.4559021807041,462.5742907625014,651.2225648334946,460.02813432813934,653.9658931225237,457.4568752886585,656.6712350242901,454.8457161672051,659.325482356937,452.1826628678504,661.9239785779653,449.4651685659682,664.4790839375287,446.7067952816023,667.0000524678225,443.91718204966173,669.4895039962187,441.0994024919451,671.9499797353743,438.25628209033437,674.3841027403699,435.3905638101413,676.7945645361922,432.5049115082807,679.1841132726457,429.6019149621253,681.5555433254608,426.68409624233203,683.9116799896145,423.7539121586251
250,561.145398121768,559.5470996623187,563.0374923003261,556.298174879779,565.0592836021881,553.1283477268141,567.2113556663913,550.0455152797869,569.4959233809981,547.0595793340211,571.9137576976973,544.1805116977341,574.4567216036057,541.4112877121125,577.105676802643,538.7431376503359,579.8330175229942,536.1550338963173,582.610627969319,533.6208638864832,585.4127920922032,531.1138276352125,588.2153509945398,528.6072320197076,590.9939927921661,526.0741918316758,593.7238316001059,523.4887066579563,596.3854168962437,520.8330717597263,598.9680797380353,518.1006320242547,601.4707178978413,515.2946946881704,603.8990390763306,512.4241617005827,606.2660622270919,509.50282568283785,608.589399092313,506.54658935662724,610.8873598662898,503.57056480225833,613.1759322009725,500.5873081029392,615.4699825719489,497.60826532315315,617.7842319450654,494.6449002557476,620.1336229716696,491.70934221159325,622.5324204239122,488.81404736979573,624.9894068620935,485.96798462315746,627.5054014825017,483.17394045244487,630.074228230331,480.42837245715435,632.6880241174077,477.7255615965837,635.3394759162329,475.05966667009193,638.0222461998949,472.4252801381891,640.7309023765533,469.81750861521834,643.4607745843364,467.2319488786259,646.2077911632683,464.6646071384887,648.9682245210895,462.11169344810344,651.7376941810651,459.56858192352615,654.5088789957014,457.0273387077214,657.2698895541688,454.4750550923698,660.0058856521212,451.8960010870778,662.6974201320945,449.270654444646,665.316256684071,446.5728781266909,667.8542932655452,443.79892542863416,670.3156617123556,440.9566984992393,672.7052019069437,438.05379988559093,675.028236887117,435.09739112697645,677.2904548840252,432.0941724709774,679.4978095234164,429.0503865099767,681.6564387848578,425.9718399332359,683.7725537085402,422.8639058772458
251,563.4903632935567,558.6456325785601,565.1943812959902,555.2944200547191,567.0949443103078,552.0509670786213,569.2138464351154,548.9457443986176,571.5232149135102,545.9792017733276,573.979205669323,543.1325750535516,576.5406159280974,540.3802334161807,579.1735380150743,537.6960957506858,581.8483805576667,535.0536596492655,584.5385173018074,532.4267705556827,587.2211645840058,529.7922429423431,589.8788802401332,527.1325861850921,592.5013185060155,524.4381531770986,595.0851449485757,521.7066716546407,597.6318152280654,518.9405072099032,600.1452796267353,516.1441277426956,602.6299797603435,513.3221518812688,605.0906359669362,510.47918011608937,607.5321738044313,507.6197678589926,609.9596859913162,504.7484352701978,612.3784230241708,501.86970453651037,614.7938294524686,498.98817778718035,617.2115073081044,496.10855718973545,619.6371687538086,493.2356606437439,622.0765746044134,490.37442934334905,624.5354214741153,487.52989324596956,627.0192059466009,484.70711303513997,629.5331634202672,481.911179666538,632.0821148799247,479.14712068692614,634.6696798715268,476.41918273608474,637.2960546880294,473.7285857373466,639.9574121876127,471.0725745891605,642.6468096968023,468.4449470738608,645.3566283095903,465.8383745012895,648.0792586284056,463.2451806078994,650.8071900611545,460.6575611882505,653.5328805420774,458.06758251307514,656.2485285079463,455.46708124541783,658.9460037899488,452.847744139659,661.6162999734889,450.2007212291357,664.2497245589649,447.51703132659236,666.8397222328092,444.7914169127231,669.3853660198611,442.02432434600945,671.8894762116369,439.21958192736423,674.3551317507215,436.38096760312885,676.7855532491416,433.5121217272457,679.1840776042089,430.6165493933843,681.5541358313392,427.69762643874697,683.8992340252531,424.7586084423119,686.222935484566,421.8026406716098
252,563.0104706611153,561.058313747912,564.5227850471427,557.6159934507956,566.1584499091023,554.2308229031327,567.9746195133973,550.9391984739686,569.9924802190941,547.7672950027529,572.2020539769097,544.72573747697,574.5736318931272,541.8085136826486,577.0699747259052,538.9971091045393,579.6553520643354,536.267203103098,582.2979541031143,533.5925542762163,584.9690233245138,530.9462860912503,587.6447872524038,528.3047585356277,590.3091253278058,525.6517143749552,592.9542841342599,522.9795538398389,595.575615014475,520.2840199894997,598.1692334537712,517.5618167789212,600.7320309442918,514.8105800582728,603.2640365649618,512.0309760956715,605.7686031180845,509.2266153528751,608.2510813727835,506.40267610981715,610.7174371042054,503.56463990467205,613.1738957244455,500.71802978069934,615.6268568948578,497.86840416801425,618.0828339186145,495.02137838436806,620.5483962461482,492.1826527692922,623.0301134868132,489.35804496722534,625.5344629518919,486.5534915696988,628.067816201081,483.7751197147694,630.6362315510768,481.0291395260711,633.2445864287589,478.3210780150922,635.8941033041264,475.6532744845439,638.581206619378,473.0233189360602,641.2979771497243,470.4240044936399,644.0345628738983,467.84554652778763,646.7804380986569,465.276976698465,649.5245206114831,462.70649319584356,652.2549522835039,460.1215254809677,654.9588623031945,457.50885127001357,657.6225440325585,454.85520786021164,660.238843462599,452.15483474464236,662.8098995562425,449.4113408291718,665.3386582057586,446.6288033455913,667.8282391949774,443.8111510408185,670.2819059306854,440.96216239487944,672.7030387073376,438.08546856094307,675.0951115418341,435.1845601992901,677.4616724550116,432.2627974527436,679.8063269586229,429.32342240468375,682.1327244264795,426.36957345670737,684.4445293726125,423.4042874777492
253,563.5818426240795,558.5665528387619,565.397033930676,555.2740730997806,567.3493908144701,552.0610346180642,569.4320424027997,548.9308422331354,571.6317878765062,545.8817401446751,573.931943406245,542.9075927401539,576.3163812340646,540.0005265571718,578.7702356628843,537.1517679825544,581.2797677675516,534.3518973480208,583.8319889060399,531.5908557454901,586.4142354009699,528.8578540074942,589.0148542395668,526.1423172871465,591.6242806366166,523.4352387473463,594.2358546190331,520.7302311769024,596.8446320325686,518.0225271748776,599.4458664318122,515.3075780942278,602.0354524441342,512.5815181857802,604.6114650746734,509.8426287278192,607.174981531893,507.0920382615539,609.7283311874671,504.3320059684424,612.2740877643325,501.5649674731446,614.8147373431469,498.7932383801657,617.3527743182586,496.01911640517295,619.8906261488446,493.24482502893636,622.4306447429832,490.4725175832979,624.9751076533496,487.70428916390796,627.5261055739742,484.942082495314,630.0855424449152,482.1876943166677,632.6552133266091,479.44285239570723,635.2368999675108,476.7093102184136,637.832408771208,473.9888902752639,640.443563315098,471.28348585549793,643.0722521398412,468.59511747437466,645.7204243485255,465.9259414415408,648.3899325441306,463.2781069266555,651.0832579677331,460.65450722864443,653.802149854793,458.05741290350943,656.5447781390292,455.4853897786656,659.3018941919845,452.9288915112762,662.0581161929067,450.3714306586652,664.794367122521,447.792641057683,667.4891673171259,445.1706290916528,670.1180892139905,442.4826472671607,672.673073136871,439.7242695501301,675.1582534782017,436.9028162767486,677.5785022577073,434.0254504003654,679.9391131182506,431.09894024426444,682.2457011234967,428.1296488183246,684.5041184028494,425.1235428132291,686.720330172611,422.0861762931266
254,564.7262439825872,559.0715154544041,566.3924830294462,555.7010769667083,568.169664134603,552.3878268306026,570.064217263165,549.1402948984679,572.0810889499011,545.9673103918484,574.2231535214653,542.8774856293946,576.4872420122682,539.875898305865,578.8608787065182,536.9601050319892,581.3246921521511,534.1200191907752,583.858403506865,531.3420436879509,586.4429221843949,528.6112241112554,589.0605091877944,525.9120526672207,591.6943706303352,523.2287436983476,594.3292677257689,520.5464507096791,596.9531026980591,517.8533416724871,599.5579479699645,515.1418679488164,602.1384747410733,512.407246364643,604.6898241265656,509.64539015662064,607.2095439528739,506.8546460895255,609.7005809856158,504.0382603068561,612.1724247033442,501.2050028492959,614.638481444217,498.3667026565664,617.113467812811,495.53619229843423,619.610194352943,492.7248504926188,622.1351023397651,489.93879721304927,624.6885782187735,487.17890024819945,627.2680402144592,484.4432710835619,629.8707170051849,481.7297158551946,632.4942770790573,479.0363436020846,635.1368662762668,476.3616374327028,637.7970377023836,473.7044160930892,640.4736709893486,471.0637767170894,643.1659032114658,468.4390422055857,645.8730776680652,465.82972150994095,648.5946680750468,463.235440171845,651.3302878408139,460.65595664979884,654.079659283346,458.0911349390215,656.8408457106577,455.5390346576077,659.6076491899393,452.99302152744923,662.3687061990252,450.4407832363748,665.1089433104288,447.8662314360736,667.8041807559462,445.24468606247444,670.4386260369731,442.562058165769,673.0142670506009,439.8229063192408,675.5346231653397,437.0327874000998,678.0035157307528,434.19701582207057,680.4250091558633,431.3206524992812,682.8033593325018,428.4085046431445,685.1429697578594,425.46513429257544,687.4483057713444,422.4948355577207
255,563.9866089937495,561.9487205508381,565.5123696240313,558.512336800416,567.1441607901617,555.1251360743752,568.9075020750616,551.8045891938871,570.8088596023524,548.5611171298564,572.8465058213089,545.4014818488814,575.011371619922,542.327560165726,577.2861494045578,539.3339877972909,579.6504521820365,536.4105311413765,582.0850012476403,533.5452520918737,584.5727426938572,530.7259923975009,587.0989717265513,527.9411411754345,589.651837692675,525.1806719328339,592.2215000486924,522.4358228378164,594.7989939363805,519.6983225068674,597.3756255690502,516.9600108997547,599.9440708797955,514.2140220344359,602.5007739739741,511.4570978764188,605.0460400023546,508.68960984672816,607.5827846029447,505.9143072533675,610.1144668430103,503.1343849275399,612.6447499457165,500.3531887655512,615.1773841794962,497.5741339179322,617.7161296847052,494.80066202854516,620.2647311473822,492.036246284412,622.8268928011456,489.2843967267642,625.4062494236114,486.5486613302837,628.0063512275304,483.8326393217952,630.6305980711248,481.13994402435674,633.281441673091,478.47343135504366,635.9592101362344,475.8339564977774,638.6614431297533,473.2195279844043,641.3834896144024,470.6257283489256,644.1199092880585,468.04709136185454,646.8649449709504,465.4776248595019,649.6126293755317,462.91098989973887,652.3568498101657,460.34065306403176,655.0916508479324,457.7603001585916,657.8106138497735,455.163271104529,660.5062188265312,452.54201760709185,663.1691561382332,449.8876063790228,665.7840043756064,447.18585888400827,668.3409565439025,444.4292522280398,670.8423769051675,441.6221446004642,673.2917392209555,438.76948820945654,675.6927662222536,435.8760205515645,678.0493815958837,432.9462585621236,680.3656680424391,429.9845009739901,682.6458315699413,426.99483731505336,684.89414789216,423.98114438888985
256,564.0211424493929,564.1639305870085,565.418258801923,560.6731812066505,566.8198444900107,557.184234844794,568.305143073172,553.7302820991883,569.9481459479452,550.3488006506486,571.7855296800301,547.0690067627448,573.8138904234487,543.9036474636282,576.0049193280206,540.8484853099094,578.3319405115776,537.895460848386,580.7669415263799,535.0306893968738,583.281092345544,532.2350135133806,585.8471155343499,529.4868021741536,588.4422042425906,526.7659861901594,591.049828016691,524.0571715085139,593.6589648187864,521.3498132457579,596.262092418833,518.6366790993826,598.8522768318708,515.9111904913827,601.4233713663109,513.1676919665956,603.9718863207933,510.4032071261636,606.4983575707151,507.61855897312853,609.0068314508753,504.81768272337735,611.5025380519279,502.0054205633912,613.9911183385872,499.18684820518155,616.4784066542343,496.36713527182735,618.9702962584961,493.55148926294646,621.4726542068313,490.7451459396439,623.9913045432795,487.9534206380371,626.5318345805803,485.1815978632259,629.0990049452494,482.43443646890574,631.695771245857,479.7152376182748,634.3235492102208,477.0259979445565,636.9828943751069,474.36797207310343,639.6742848783795,471.74240049033904,642.3982024056397,469.1505918046434,645.1551015018389,466.5938954617187,647.9454018407401,464.0736966704499,650.7689388916439,461.5907887949723,653.6206668529758,459.1402944547901,656.4852656096168,456.70483627187343,659.3366349536312,454.253934530073,662.1377807591261,451.746004465161,664.8054578152935,449.09734864842073,667.2851262945687,446.2718166831594,669.5850243229463,443.297958590728,671.7155708725393,440.20039055663347,673.6901577896825,437.0010323640024,675.5247584976975,433.71930108158557,677.2367942220646,430.37191703676064,678.8442970513203,426.97303447260913,680.3652397717909,423.5344997736207
257,565.3112175172238,561.6753672235104,566.6103799793434,558.1470736296637,568.046859984789,554.6727647252749,569.6642603024478,551.2789260503706,571.457886013222,547.9748176893233,573.4191107320225,544.7673258638803,575.536462528633,541.6606337630898,577.7915869616224,538.6523544979653,580.1603159413661,535.7325708718479,582.6166703888407,532.8860140937089,585.1377932208875,530.0965900907192,587.7030365560506,527.3476395060584,590.2945602587464,524.6234269943155,592.8988974514842,521.9114531530491,595.5080252220998,519.2040860754236,598.1164711643937,516.4960622552875,600.7195976356771,513.7829260427409,603.3125694906237,511.0600864730406,605.8896066260237,508.3221657528886,608.4458280128686,505.564805063637,610.9801195595106,502.7872721491925,613.4966909541635,499.99366859196624,616.0020601583092,497.19001009312973,618.5031452213744,494.38252758519485,621.0068938974863,491.5774212565977,623.5203831125126,488.7810431802956,626.0506731579202,485.99986446815785,628.6046555993972,483.2404358453571,631.1891893409363,480.5096137500226,633.810766665036,477.81434647605425,636.4739753019934,475.160218731161,639.1814704090174,472.55129041861295,641.9346769896483,469.9906538487363,644.7331749532964,467.47958814721335,647.5708203739771,465.0128222439643,650.4329716541353,462.5744971837752,653.3012235918919,460.1433425125353,656.1501211431062,457.6896100122215,658.9283455177072,455.15637653647843,661.6059943870787,452.51711481423575,664.1873463320571,449.7834453374999,666.7010758993497,446.98735774364434,669.1721752115665,444.1534715463369,671.6221401432033,441.3012729565008,674.0632833486509,438.44151838553967,676.4971233284773,435.5755454433877,678.924417387364,432.70402617082414,681.3459274073714,429.8276274043099,683.7624192416846,426.947011333549,686.1746606276909,424.0628348206454
258,567.1824804801387,559.2040785431617,568.4191588059487,555.6533055963581,569.7202182319209,552.125824682882,571.2024995525193,548.6711393091656,572.9441051263941,545.3399684983497,574.9452778188289,542.1578550922019,577.1624278756487,539.1218780108178,579.5425817109186,536.2116161903015,582.0392755054155,533.400468617347,584.6132072620986,530.659718703748,587.230896601765,527.9606532381787,589.8660518592312,525.2786143131375,592.5008076239548,522.5961823977053,595.1256698149533,519.9040727621158,597.7344392869252,517.1963706848245,600.3215645291889,514.4679876962942,602.881925756526,511.71447910326907,605.4127700068965,508.93381685299397,607.9164266098028,506.1286434791024,610.3993081500865,503.30505641849754,612.8701592911153,500.47093023584745,615.3383171597977,497.6344569602716,617.8133551601583,494.803988512274,620.3047869109429,491.98794745966063,622.8217859953111,489.1947474174626,625.3725894440091,486.4323974521886,627.962524506173,483.706712103934,630.5926086181846,481.0197444748072,633.2598624717405,478.3696609587472,635.9589780525275,475.7520251500098,638.6841319485984,473.16149849051357,641.4295491000499,470.5924488968556,644.1895943681194,468.03911581544247,646.9586692287655,465.4955745528482,649.7310610061054,462.95564769612685,652.5007656314333,460.4127920479244,655.2611561933163,457.85983329379525,658.0045625880872,455.2886415702054,660.722149566163,452.69019104091296,663.404137330639,450.0550347889298,666.040996176001,447.37474208486,668.626078338979,444.64448529838035,671.1600476851313,441.86671371887667,673.6462237405176,439.04607488777447,676.0881544296454,436.187035982427,678.4895728777344,433.29387727761576,680.8543610793326,430.37069439596513,683.1865186298653,427.4214062196881,685.4901363843976,424.4497673248759,687.769342036733,421.45935916922815
259,566.3154500136001,560.0669795469985,567.499491234189,556.4983423624915,568.7915243903216,552.9676752114178,570.2826983110373,549.5167448182001,571.9986683229187,546.1719583430215,573.9291946025778,542.9461527449245,576.0491759221658,539.8414118208947,578.3267671417887,536.8501924485879,580.7275948605228,533.9567803099095,583.2207353013005,531.1424013423886,585.7801542656197,528.3880770840058,588.3833370283172,525.6750258907574,591.0105903771314,522.9852513915488,593.6466245921762,520.3040749940137,596.280901529843,517.621172674145,598.9068655663688,514.9301358153899,601.5206955591391,512.227313342359,604.1215776110447,509.51202828100145,606.7111109464311,506.78591640495216,609.2919969319444,504.05161499839664,611.8671632727556,501.3119251850155,614.4396638585832,498.569731671419,617.0126563276997,495.8279997751866,619.5893707093644,493.0897661765998,622.1731265894588,490.35817718710626,624.7673266230023,487.6365071735836,627.3754409662187,484.928170903997,630.0010049240248,482.23675137815263,632.6475817405466,479.5659962893328,635.3175354637449,476.9186134685723,638.0110399704581,474.2951935806012,640.7257911370144,471.6937623935195,643.4584489072719,469.1111434118747,646.2055318450729,466.5438702296084,648.963097387917,463.9878566709934,651.7258527902313,461.4374514946859,654.4864653955798,458.8847283046612,657.2363573265692,456.32046669498885,659.9662013932161,453.73488588825006,662.6667244385102,451.1187106475249,665.331445910111,448.46608606968834,667.9630911765523,445.78062631911035,670.568126979503,443.06934012042836,673.1490201636315,440.3350591941118,675.707898157035,437.5801615538414,678.2469434116713,434.8069718909633,680.7683849533846,432.0177647083173,683.2744907613624,429.214768346388,685.7675609187916,426.4001697577533,688.2499086788879,423.5761086924666
260,567.6428582739059,559.0439850441014,568.9874026463708,555.5326981764077,570.4335434186346,552.0621852484508,572.0227637588528,548.6549380054462,573.7697387900436,545.3258471194399,575.6711996750399,542.082488986852,577.7151120678338,538.9269109381628,579.886183164945,535.8573701032204,582.1691054608345,532.8700259027135,584.5494424024685,529.9596539288882,587.0129526648949,527.1192910016109,589.546469941706,524.3411510415352,592.1382814315647,521.6172826544146,594.7776634783959,518.9394554051496,597.453623259763,516.2981551325295,600.1536711638558,513.681463753906,602.8639416140086,511.0753523191197,605.5696917299744,508.46455244441046,608.2562150194746,505.8339892034636,610.9106808479851,503.17110307076194,613.5242451341709,500.4680746977824,616.094490088728,497.72381463610714,618.627533387845,494.9451602011245,621.13537777894,492.143722764093,623.6322084677373,489.3324563873748,626.1324569799928,486.52423185758073,628.6501070668038,483.73160958538807,631.1965762992388,480.96525684090705,633.7792454894345,478.232680403893,636.4008171291182,475.5374048767084,639.059358932219,472.8785815298562,641.7493185527132,470.2515357666655,644.4636238817372,467.64964066610844,647.1948297274456,465.0654833430788,649.9355173082132,462.491379583764,652.6785794028032,459.9198051999117,655.4179099138562,457.3442575212735,658.1484819310364,454.75942868090385,660.865946430534,452.16082678065254,663.5661854870177,449.5443350401727,666.243476848923,446.90437693597573,668.8932750757151,444.2368252988487,671.5165377091876,441.54317125675783,674.1149660793362,438.82555017640357,676.6903180227011,436.08604823492925,679.2444004886486,433.3267033400686,681.7790627957748,430.5495068709827,684.2961905305195,427.75640613372195,686.7977000594879,424.94930742877085,689.2855189983563,422.1300667625517
261,568.0303367903227,560.7765879977328,569.2415763522124,557.2171220266728,570.4380118685236,553.6526077149674,571.7241442296429,550.1196951858569,573.1799909284059,546.6535509683646,574.8471683228971,543.2841176667964,576.726409197513,540.0281628790325,578.7952576974195,536.8891062713928,581.0209054920863,533.859018988434,583.3695496630124,530.9230914950332,585.8142888773758,528.0665880221441,588.335399211782,525.2771993952149,590.9186030286494,522.5451765867255,593.5528500023443,519.8623073331278,596.2279317395905,517.2201280222084,598.9325603369417,514.6081796063705,601.6540577338003,512.0137974839031,604.3784769007264,509.42248108764403,607.0905008092667,506.81820759093983,609.7745529470001,504.18514181454725,612.4175065566371,501.51084971187134,615.0121658545216,498.7896812949076,617.5606867671984,496.0252373050829,620.0741712244385,493.22887006633357,622.56989765665,490.4166246471607,625.0670672034399,487.6056614815223,627.5812984863196,484.8099600618362,630.1213274810516,482.0376836362266,632.6907384470018,479.29262048343844,635.2909594678093,476.5767267025997,637.9234055749109,473.8920597185905,640.5896679402965,471.2409786122484,643.291602796284,468.6262695438419,646.0311513259591,466.0510024769894,648.8093086996863,463.5174351451089,651.6230101453314,461.0233883838563,654.4633377038268,458.5596821983715,657.3160098650434,456.11026562071294,660.1638456392715,453.65523771917117,662.9785702430584,451.1623968872924,665.7408378354565,448.61156005097877,668.4519288534523,446.0063831675484,671.1148352547601,443.35196121176983,673.7328072235451,440.65320054902975,676.309307441685,437.9148091875806,678.8479704659288,435.14129531173387,681.3525675034391,432.3369726340711,683.8269765526387,429.5059712091269,686.2751576254515,426.65225251659183,688.7011018800576,423.77960198362734
262,568.3421461404985,559.7917362753803,569.57303608397,556.2390615660332,570.7736191884006,552.6759381940553,572.0742668217174,549.1484410296724,573.587233997776,545.7072523021313,575.3603760648267,542.3926561212903,577.3679251808765,539.2142704334881,579.5552746718988,536.1565053984065,581.8783272649509,533.2003312501937,584.3031638038993,530.3269181368357,586.8007821321278,527.516446467852,589.3481297666461,524.7509167355806,591.9300427239889,522.017607340442,594.5368394433299,519.3080088153839,597.1615188267388,516.6157219836272,599.797763562446,513.9347545415494,602.4398442169064,511.2595362465425,605.0822590583955,508.584647928869,607.7198104785474,505.904965283002,610.3485557893603,503.21664483597715,612.9673890066412,500.5186674003722,615.5776895707786,497.81243246616623,618.1823567989342,495.1007741593596,620.7846679130388,492.38685420709544,623.3881266025885,489.6740353427798,625.9963458938339,486.9657942220836,628.6130388457506,484.2657413689802,631.2420002296523,481.57763508371266,633.8862013027751,478.9045203731408,636.5460237097561,476.24694740830876,639.2186916106622,473.6022900669241,641.8993252338048,470.96570455526563,644.5828769245271,468.33208822636897,647.264619337507,465.6966300917999,649.9402022585897,463.0549205118497,652.6058555258322,460.4031934068478,655.2599168293898,457.7398645536116,657.9033382908451,455.0659734460237,660.539352648703,452.3847780960143,663.1724027679462,449.70067085500864,665.8070920458573,447.0181731070298,668.4501552007454,444.3439301570428,671.1080145513181,441.6843947550123,673.781380159017,439.04044667996254,676.470119226691,436.41213400155124,679.1740991718793,433.7995035304606,681.8931876563801,431.20260084685435,684.627252610438,428.6214703245659,687.3761622561094,426.05615515550994,690.1398082219923,423.506722513906
263,567.5547037729449,560.3343031321559,568.8221220882127,556.7946426759086,570.2370607331409,553.3113833156867,571.8042634422413,549.8939282391004,573.5181603218169,546.5476065610458,575.3675748088461,543.2741967050496,577.3429040948283,540.0751696228003,579.4368277025695,536.9524660850154,581.6425396804865,533.9076723241214,583.9506240874384,530.9396909732869,586.3465306128021,528.0420818041049,588.8136821598988,525.2048338687282,591.3369372395708,522.4173272116994,593.9050678304594,519.6710855607569,596.5089456499247,516.9586977221852,599.140263309775,514.272908471593,601.7909728499612,511.6062467746259,604.4532075160311,508.9510854766922,607.1192243801376,506.29972005205616,609.7804502723787,503.64354866574365,612.4284428598816,500.9741899812679,615.0578890432242,498.28656346969467,617.668813398439,495.5809377750883,620.2638473396053,492.86006446410175,622.8461884935016,490.12713938091116,625.4189786650488,487.3852192604258,627.9858855678551,484.6377893046571,630.5515530024376,481.8892014924113,633.1214783576071,479.14459579541074,635.7014404825703,476.4094259079928,638.2970369087385,473.6890930567464,640.9136838495752,470.9890090226584,643.5567723488977,468.31481210655,646.2312434874389,465.6720086572248,648.9385194061269,463.06282040040065,651.6750051051176,460.4842715470819,654.4332932226212,457.9290462525279,657.2046011283403,455.38793925988574,659.9787478986227,452.8499297963813,662.7410209287651,450.29901761669004,665.4734357448328,447.71618319204805,668.1600518307519,445.0857757057158,670.7939637214976,442.40260051,673.3780522749717,439.67138338161743,675.919335291508,436.9002799869006,678.4215730763657,434.09386142242624,680.8882664180196,431.2561432791647,683.3230582587504,428.39100007250903,685.7297067486761,425.50217126365845,688.1120433210102,422.5932559264464
264,568.344366491102,559.3194117038,569.5074244764162,555.7438550930567,570.7086488714198,552.1810613008167,572.0662901317206,548.6753341054398,573.6695073940166,545.275390153588,575.5366501228546,542.0128465093785,577.627091980078,538.8882388967925,579.8761285017666,535.8754355087547,582.2359699549612,532.9484219064614,584.6711587894702,530.0836842244429,587.1571799302727,527.262901138503,589.6801333017268,524.4750827740837,592.2329818214,521.7146051982697,594.8105166657047,518.977157070717,597.4079313306337,516.2585594201197,600.0206752842724,513.5546869366567,602.6443469549448,510.86141394789416,605.2746141668459,508.1745801494816,607.9077866814242,505.4905930249355,610.5414984434241,502.8071349770414,613.1750873697899,500.1235563770215,615.8086997830175,497.4400008272879,618.4427727371726,494.75689733822225,621.0777907878019,492.07472203028937,623.7142565117629,489.393969756237,626.3527013211666,486.71516537568874,628.9936175360762,484.03879747933433,631.6372998211822,481.3651618478369,634.2835885176363,478.6941058897081,636.9319268946266,476.02508207641904,639.5815635782526,473.3573470727219,642.2317058323915,470.6901142801364,644.8815463326931,468.0225817162476,647.5302652897076,465.35393557172506,650.1771098714653,462.6834304313657,652.8212772618722,460.01027465065835,655.4615227051329,457.3332454603857,658.0964812900427,454.65101270387805,660.7267653105608,451.96419506542077,663.3560863388742,449.27643483025963,665.9910290453125,446.59418912632657,668.6447819193512,443.9305697060767,671.325449394527,441.2940398813312,674.031606365281,438.6836765627851,676.761327179963,436.0979619397898,679.5127300551277,433.5353283875428,682.2839764949981,430.99416460666095,685.0732700484917,428.4728212413307,687.878854485117,425.9696159808908,690.6990277920836,423.4828567536833
265,568.3944590121423,559.1352442269704,569.7899018169686,555.6438185499072,571.2016431796322,552.1589828904197,572.700251111037,548.7107553421304,574.3329801211386,545.3241238588738,576.1203909857816,542.0165679769276,578.0621226678791,538.7971656968499,580.1483965944681,535.6694644370482,582.3711320188762,532.6372046460328,584.72325528954,529.7041578236452,587.1928841022782,526.8692593827633,589.7579688738102,524.1203161969131,592.3903261916773,521.4356142469485,595.0632459331945,518.7912334777448,597.7539073464782,516.1648833512257,600.4431964497255,513.5371290102901,603.1157614190113,510.89238195247185,605.7581017429717,508.21746052874033,608.3605303867273,505.5037047415559,610.9213014259019,502.7505967889963,613.4488300092461,499.96691707997155,615.9566757503676,497.1654759600643,618.4599114950653,494.3599111488973,620.9744206919145,491.5644576158373,623.520862627318,488.7980962240551,626.1139510023205,486.07543801485195,628.7561380200505,483.40038585391824,631.4381794987537,480.76527017517657,634.1503179454368,478.1611237976708,636.8837807302313,475.5793581317444,639.6307331368118,473.0119430966709,642.3840693097084,470.4513722815978,645.1372484421466,467.89063266005746,647.8843415419699,465.32336754896494,650.6194716239258,462.7433659552289,653.3357940210515,460.1435802181362,656.0245245004737,457.51528324335237,658.679629135316,454.8530286850887,661.3016862746822,452.1582074590416,663.8992741269976,449.43977643390235,666.4856651499659,446.7106806468269,669.0825131950314,443.9915506996331,671.7316054251672,441.3234923425737,674.4831623834218,438.76141163687424,677.3354707969139,436.3119176236806,680.2747662417036,433.9674432740243,683.2882980423996,431.71912364051303,686.3644376179274,429.5571944246018,689.4926811682711,427.47131759525075,692.6636067511008,425.45087296571205
266,568.4498879314523,559.7489918646068,569.9240129504972,556.290212969971,571.3326335795666,552.8040796977507,572.7657905834523,549.328013861805,574.2996905320007,545.8954129324596,575.9951431911479,542.5399321197735,577.8810777741612,539.2877630008961,579.9507387840663,536.1492238611745,582.1765562036355,533.1192754244029,584.5300955396239,530.1873015781697,586.985339932481,527.3398441704293,589.5185083542079,524.5613967976794,592.1079735488141,521.8352781409335,594.7336312876197,519.1439602029039,597.376925058217,516.4699427651022,600.0217157706451,513.7974042200354,602.6557507264428,511.11427106076263,605.2698186791442,508.4116900946101,607.858680199573,505.684957178988,610.4226037291172,502.93475622535345,612.9685255886114,500.16787357590306,615.5070289961384,497.3941784784927,618.0505914153767,494.62512558525236,620.6120855153889,491.8726641516291,623.2024867121391,489.14740410064786,625.8260632822105,486.4540696354224,628.480777764517,483.791412391578,631.1609229054685,481.15434536493024,633.8605759259398,478.53724560045987,636.5741736157229,475.9346026311845,639.2965789761698,473.3411711739026,642.0230234370077,470.75198505602725,644.7492466872891,468.1625660194711,647.4727392709264,465.5702753671564,650.1931657354907,462.97476703948007,652.9119042986518,460.3774905295397,655.6309637274998,457.7805499710273,658.352123016876,455.1858099751887,661.0750952747832,452.5929723976716,663.7959888465258,449.99795467914987,666.5070492310697,447.3926707669849,669.2011896791084,444.76989993969545,671.8759955183035,442.127412416944,674.532902704365,439.46692733172745,677.1735131523591,436.7902648043195,679.7994608220298,434.09921429661694,682.4124071963734,431.3955367174739,685.014037124294,428.68096692346165,687.6060549971523,425.9572165546692,690.1901731071546,423.2259694859873
267,568.2108003278786,558.459817045691,569.678108233478,554.997970118223,571.1772998491128,551.5498706476111,572.762389442327,548.1405009373411,574.4639580159429,544.7878328492233,576.2997286638919,541.5067961764244,578.2789458508735,538.3102891507694,580.4033454658394,535.2083827959174,582.6672465224794,532.2067458342103,585.0574378809926,529.3045969550759,587.5526442576715,526.4921129024909,590.1278560414263,523.7525935803645,592.7586644855104,521.0663485959382,595.4236575363932,518.4139724830965,598.103693653563,515.7767799929603,600.7827806002884,513.1386238408052,603.4485497154518,510.4870200281389,606.0912678954526,507.8124535035856,608.7042210420664,505.10880850825487,611.2858405582364,502.3752234812772,613.8404634568457,499.61638270655624,616.3758772648504,496.8398690679155,618.9009789637272,494.05396866597755,621.4251184846844,491.26719597801656,623.9579070629901,488.4882862784587,626.5090234352161,485.7262022893248,629.0881200128449,482.9902420126487,631.7046242958357,480.2900552698426,634.3668508993475,477.63495825283456,637.0797667765991,475.03168645105524,639.8410509704356,472.4797598662498,642.640953234211,469.9702281959834,645.4646214872039,467.4874406647296,648.296326230837,465.01381330699184,651.1209517939626,462.53211325725033,653.9240551465714,460.02615141944744,656.6920496051865,457.48149326627873,659.413786357163,454.8874404440822,662.0866081239659,452.2430062506237,664.7189638485858,449.5582494536703,667.3324879653721,446.85512680494134,669.9589921227458,444.1646294890736,672.607975195944,441.4962600064249,675.2780730838965,438.8490175061377,677.967898147457,436.2218203701392,680.6760887183221,433.6135575241768,683.4013087345385,431.02309150863323,686.1422470903694,428.4492613259986,688.8976167310027,425.89088506761505,691.6661540729907,423.34676292871495
268,567.7642438042401,558.1753134457773,569.4971307226856,554.8384762210792,571.2494519789981,551.5118198221816,573.0471744893116,548.2095156966977,574.9158403524298,544.9468890109277,576.8744814529507,541.737520731338,578.931793476397,538.5905054649936,581.0862986151067,535.509207616102,583.3319963567144,532.4937077989917,585.6623315157051,529.5431079854732,588.0690084202108,526.6544077756861,590.5405567070543,523.8209748024188,593.0634173183122,521.0330972099362,595.6245586990187,518.2803201768924,598.2118695177624,515.5521078602321,600.8138255695737,512.8378498753532,603.4191042227917,510.12677874966647,606.0162862585647,507.40795535069833,608.5966209558636,504.67314303970556,611.1570639611978,501.91969738001427,613.7018053929174,499.1517283193348,616.2390007568634,496.3768367819054,618.7787974862274,493.6043275882356,621.3320124154847,490.844178228619,623.9086432824784,488.1058862582713,626.5141675426802,485.3950777123075,629.1492463919909,482.7129864114958,631.811392191017,480.0577547370318,634.4979866096853,477.4272596591827,637.2067955094092,474.8196434889012,639.9359902750597,472.23336935593784,642.684060305552,469.6671586521989,645.4496729614547,467.11986200198254,648.2315213205819,464.59030467253933,651.0283161771563,462.07728148772486,653.8387816257632,459.5795551057537,656.661262615733,457.09541235321103,659.4912260606704,454.6197936472032,662.3198347483202,452.1426285813986,665.134723558877,449.6498971979886,667.9220208405825,447.12638579684506,670.6600242151504,444.54955159679923,673.3360441240545,441.9084010410862,675.9524584492409,439.2081740035474,678.5128227571812,436.45472721605455,681.0210187757117,433.6536622871583,683.4811902421668,430.8103124724234,685.8976867540662,427.9297416062811,688.2750160608235,425.01675281380386,690.6177579877276,422.07586791106235
269,567.0605880272907,561.0399559075003,568.9747004123011,557.8040200057891,570.7557422599466,554.4928698708578,572.4406336547487,551.1316149833705,574.0885775060646,547.7520208076047,575.7678828428005,544.3879656390094,577.5454771522475,541.0749962852599,579.4727606763689,537.8470236029328,581.5715399470703,534.7278585400104,583.8248665721516,531.7183069031779,586.1980325611256,528.8021321985049,588.6572375932286,525.958024340991,591.1758807174828,523.1663431933894,593.7312570458652,520.4082049976278,596.3051712101466,517.6673416330439,598.8860383941222,514.933021389443,601.4688521516551,512.2005394329276,604.0525383882116,509.46888241003086,606.6369294139301,506.73789217082174,609.2221676439758,504.0077039213771,611.808580727558,501.2786286544656,614.3965381655757,498.5510178735786,616.9864336267378,495.8252472563608,619.5793850471848,493.10238383656997,622.1776463529867,490.3845877747373,624.7845126400164,487.6750461260152,627.4034529146155,484.9771754692969,630.0379159081626,482.29446388232,632.691285979338,479.63045513208823,635.3668495567614,476.98874169345333,638.0677536848544,474.3729475837645,640.797024353903,471.78677058743637,643.5574087654136,469.2338357067471,646.3504113072343,466.71662792957125,649.1727141539209,464.2323046219803,652.0147792630054,461.77059433133456,654.8622518598708,459.3151346093487,657.6977292407776,456.84585343713195,660.4973750170294,454.33607977270464,663.2498130710572,451.7746177831533,665.9571678439673,449.1655397423526,668.6222442743016,446.5132809055539,671.2480444240812,443.82212320535604,673.8377339107823,441.0961908977486,676.3946120834233,438.3394518007559,678.9220860490003,435.5557231619564,681.4236484608078,432.74868127122613,683.902858836433,429.9218740385405,686.3633280728028,427.0787358700317,688.8086932839223,424.222593623807
270,568.0722479103499,558.7247223945277,569.8955263181797,555.4364484281447,571.6766384011198,552.1251158762987,573.4425792057116,548.8056526638428,575.2261186612906,545.495631423877,577.0613256879193,542.2140314604341,578.9796519206925,538.9804019710848,581.0056644659757,535.8132179796846,583.1529555002585,532.7270126965612,585.4215986661536,529.7288638227332,587.7983303955407,526.8155862128873,590.2626202825884,523.9758993224588,592.7927412138455,521.1946396291239,595.3693134269423,518.4563117009017,597.9753445479117,515.74597718406,600.595222970366,513.0490131767666,603.2141388885784,510.3511153081258,605.819237933168,507.6398810442519,608.4035158277047,504.90879773616956,610.9676699009053,502.15880692283747,613.5178159696179,499.3958149031338,616.062701505024,496.6279742153078,618.6118739055071,493.86408354450305,621.1752784619403,491.11339536795776,623.7613402792869,488.38400641466325,626.3750643347375,485.6811000775398,629.0170589330444,483.00582007953886,631.6859613932421,480.3573803897162,634.3798633690471,477.7343708640019,637.0969497682338,475.1353825358237,639.835570785178,472.5590937119056,642.5942539535143,470.00429723731685,645.3716968048375,467.4699065398315,648.1667250561096,464.954921737056,650.9782482105134,462.4583892801573,653.8054398018262,459.9796136622455,656.6467020040637,457.51697636783166,659.4979627167108,455.06591756192387,662.3506819868462,452.6165556110701,665.19280727037,450.15491982333464,668.0109108073789,447.66584399368134,670.7896233934683,445.1329201052499,673.5107371593826,442.5382625795975,676.171407858087,439.88163703393315,678.776487466904,437.17045642751077,681.3312912420724,434.41183043188414,683.841471528436,431.6125231364523,686.3129372355941,428.77896400991034,688.7517875735136,425.9172739641381,691.1642567939031,423.0333006790887
271,566.4408593530297,559.0838412069716,568.4901646200763,555.9314985770359,570.4734597923069,552.7372170892511,572.3984137143119,549.5074019113579,574.2981665727004,546.2626649233081,576.2137916349092,543.0272958088741,578.1851641269946,539.825663852743,580.2458008178568,536.6808335972784,582.4145438772002,533.6096152374081,584.6902406396872,530.6167456430059,587.0576151387346,527.6957843348054,589.4968489318338,524.8344972804259,591.9906190617369,522.0205717753275,594.5236034976784,519.2418634313227,597.0817007322532,516.4862380252065,599.6515565395082,513.7415666111751,602.220707004829,510.99623510169295,604.7813612314544,508.2429794099579,607.3319939321374,505.4804358698241,609.8767543625491,502.7124803659898,612.4219536358536,499.94492856445635,614.9747272414758,497.1843648293403,617.5426181566767,494.43786429475597,620.1329702805439,491.71254623621127,622.751205259403,489.01401148450435,625.3990922552166,486.3445663673406,628.0754177163835,483.7036301855813,630.7775106484227,481.08906001854257,633.5027004348511,478.49856914866075,636.2484832894506,475.92991289106266,639.012549155553,473.38093825789906,641.7927871037617,470.8496105684844,644.5872564876756,468.33400068087843,647.3941297022546,465.83223673701093,650.2117342044974,463.3425638720467,653.0384000238344,460.86318231699914,655.8717167895559,458.3914023413551,658.7069437583136,455.92181282897633,661.5365988403058,453.44584502754213,664.3511279607831,450.9527072872989,667.1416446963786,448.4327327216298,669.9070956256656,445.8852698050875,672.6501916105531,443.31374716442707,675.3728204047761,440.72056163905063,678.0768599527955,438.107995492497,680.7642353288697,435.47828886800914,683.4369117229206,432.8336425033859,686.096888033102,430.17622114950393,688.7461910161994,427.50815757923243,691.3868604755561,424.831547769675
272,567.3056725958717,559.2057618157321,569.3839596804819,556.0725293584161,571.3782460333045,552.8851174648646,573.3145704755136,549.6621016481686,575.2257926429537,546.4241076017408,577.1455351165675,543.1911673694617,579.105081103781,539.9822367289887,581.1299776576469,536.8141869940099,583.2330855105363,533.6975330816721,585.4151168039513,530.6356037672514,587.6691062355632,527.6262307629519,589.9867430342377,524.6655765816148,592.3601903527216,521.7494556002986,594.782255674357,518.8735736547908,597.2463058522258,516.0335694451427,599.7461937736098,513.2250492853728,602.276186272728,510.4436089434218,604.830806002494,507.6847633278701,607.4050683822627,504.94423229011204,609.9951328674141,502.2186281446655,612.5989643609561,499.50617188654485,615.2157825764507,496.8062421271116,617.8455010659076,494.1188757025265,620.4883401511131,491.4444117455478,623.1447854497724,488.7834624006759,625.8154205680419,486.1367553970937,628.5008374050418,483.5050481575653,631.2016181869545,480.8891111783283,633.9183336427589,478.2897272871231,636.6515432742884,475.7076930514536,639.4017971030153,473.14382184442474,642.1696374388107,470.5989471172517,644.955596841798,468.07392171018404,647.7602091269331,465.5696317327442,650.5839937268219,463.0869811039118,653.4274540207002,460.6268913232878,656.2909606137105,458.1901641042491,659.1709395266366,455.7729193542825,662.0578551225746,453.36395644787564,664.9359304656497,450.94445256430765,667.7853517796487,448.49131081843757,670.5927992702389,445.99026318595304,673.354408740379,443.4386878892886,676.0726920474772,440.8409924175564,678.7511079219128,438.20219892229755,681.3933293824052,435.5271551327246,684.0032039512062,432.82053492103034,686.5847189244643,430.0868456049476,689.141971604089,427.3304406808578,691.6791248940302,424.55551926647297
273,567.4202245139028,558.1694226571856,569.5196047294243,555.0501431642251,571.5902137485392,551.9116932534672,573.6374216294544,548.7579199398132,575.6736819050706,545.597061366456,577.7139657791345,542.4388007678888,579.7736464718755,539.2931666620258,581.867800937978,536.1703965544348,584.010439064525,533.0807174202783,586.2134580103182,530.0338239574974,588.484526735153,527.0373231461372,590.8222290574014,524.0924993465213,593.2177925934051,521.1945190425809,595.659475241491,518.3352650557084,598.1371382803457,515.5071160003796,600.6420619011557,512.7030719889667,603.1663263004049,509.9164184887819,605.7021341312567,507.14026020547124,608.2412440191373,504.3671202143019,610.7753562545925,501.589414497559,613.3002652292515,498.80334098129583,615.8180940131871,496.01086519269705,618.3372981850962,493.2196310845043,620.8695252733489,490.44021504193523,623.4282227483304,487.68516896050727,626.0277070975727,484.9686083864583,628.6809533085741,482.30456589104,631.3933493755466,479.7007827600014,634.160966939164,477.155745144907,636.9742120563682,474.66120486450376,639.8228960949089,472.20718738817425,642.6979546306349,469.7841055472953,645.5914615603796,467.38307282025755,648.4963899944039,464.9958648632927,651.4063703989585,462.6148151323866,654.3154934701325,460.2327184421208,657.2177627562822,457.8422797114152,660.1057901729187,455.43466462307714,662.9705460656729,452.9994202529385,665.8055156973303,450.52957432923597,668.6095000963098,448.0246007879715,671.3900408378903,445.4936062361409,674.161357679055,442.9525077035683,676.9273967451207,440.40566485653545,679.689107150811,437.8541285105495,682.4474434461335,435.2989447345477,685.2033643290938,432.74115581407915,687.9578314819975,430.1818013493594,690.7118084292873,427.6219193766734,693.4662612180721,425.0625494524331
274,567.6181129875879,556.844077780698,569.7909621604565,553.7755096524631,571.9546166331988,550.7004573557942,574.096500583546,547.6102083866275,576.215742210494,544.504381699748,578.3234206047204,541.3906902744886,580.4362732618029,538.280511067112,582.5711723894177,535.1854372976551,584.740375152539,532.1143191745346,586.9493451180552,529.0716836881902,589.1985688154817,526.0586831734747,591.4876366668606,523.075840959397,593.8161551185405,520.1236924305714,596.1837650283076,517.202801938725,598.5901719325915,514.3137912044875,601.034832276092,511.45707695038647,603.5164041268747,508.63236484305367,606.0325125626653,505.8383676418023,608.5800869118682,503.0730261442313,611.1560924999349,500.33414549925396,613.7576962488789,497.61956452697393,616.3822806205612,494.9271927702583,619.0275005874295,492.2550899778544,621.6915810978279,489.60178912076293,624.3733490661054,486.9663659616599,627.0720894962386,484.3483251716071,629.7872526248437,481.74731977213463,632.5182838388291,479.1629802513201,635.2649614581733,476.5952763798462,638.0281412540804,474.0453418829713,640.8107550358478,471.51663438904365,643.6173921842746,469.0146269979276,646.4532955668926,466.5458535602085,649.3236431525438,464.1172283044024,652.2333581583449,461.73592980939026,655.1875690039136,459.4100844246339,658.1869999513417,457.1428451098984,661.224757302865,454.9271786338278,664.2821333806768,452.73861240037445,667.3108374859743,450.51069791594307,670.2795834542766,448.20350570916435,673.189263455735,445.8222320383129,676.0428023199876,443.3739420749889,678.8435732082804,440.86543909262565,681.5953149383685,438.3032310941444,684.3020579045196,435.6935159974984,686.9680599092245,433.0421819664753,689.5977522484299,430.35481964840614,692.1956956950604,427.63674345889154,694.7665247584008,424.893000056529
275,565.1359237674633,560.6182089364819,567.3270362180178,557.5626575091106,569.5127151766156,554.5032239157338,571.6663282583348,551.4211589113957,573.775685547297,548.3086379146386,575.851984945318,545.173944098174,577.9233186476102,542.0359605116466,580.0230287866985,538.9169270823647,582.1764741885091,535.834779700004,584.3890298019248,532.7947856488178,586.6533747673739,529.7931437389107,588.9591990012024,526.8232321819852,591.2987085305364,523.8797719453759,593.6649629608679,520.9577608692442,596.0522328328236,518.0528891965761,598.4575480816516,515.1629413422451,600.8815444352659,512.2886467044252,603.3274023952213,509.43293589707014,605.798278341326,506.59884768947205,608.2960369512583,503.78842466172614,610.8208497598845,501.0022805757905,613.3716156870956,498.2398758534785,615.9472732924722,495.50066429459207,618.5469835124004,492.78426906547855,621.1700631633034,490.09043308802103,623.8159831541899,487.419027230402,626.4840616822961,484.7697513344821,629.1739729557439,482.1426462739691,631.8850798269435,479.53741757235287,634.6142649845335,476.95112936475897,637.3584654575552,474.3807773088451,640.1272135910617,471.83692558637307,642.9388221676302,469.3405578759914,645.802072263329,466.9037005885249,648.7656404871632,464.5904289201906,651.819342624483,462.3968572814469,654.9183456556616,460.26800024237065,658.1129387075244,458.2854742300508,661.2518221002252,456.21746509965874,664.1887128330447,453.8717393438375,666.9124424033012,451.281193058821,669.4298375198979,448.48939717785004,671.7551822075441,445.53547133289305,673.9068278820598,442.4525306396671,675.9046555513544,439.2676127208965,677.7684711304369,436.00235732575396,679.5171393861594,432.67393953100986,681.1682131844983,429.2959918636078,682.7378602581684,425.87940694789637,684.2408932779201,422.43296950304034
276,566.3073528567064,557.596874963029,568.4858368110955,554.5323314324559,570.6880323050899,551.4847584136204,572.8979782699515,548.4427985667598,575.1131378602354,545.404633239001,577.3352900193985,542.3715793190127,579.5665842369744,539.3452452528472,581.8089392707815,536.3270984344817,584.0642356782281,533.3186107430935,586.3342801762589,530.3212367139547,588.620833161592,527.3364384344864,590.92561847722,524.3656975494214,593.2503323710727,521.4105270666493,595.5966609332452,518.4724904567333,597.9662640758903,515.5531949079307,600.3607222515843,512.6542530207371,602.781508529933,509.77726225769,605.230018160961,506.92383097361414,607.7076047559932,504.0956123105971,610.2155962679279,501.29432326063943,612.7553393417473,498.5217918552158,615.328106148103,495.7798793031777,617.9336657952623,493.06910824568865,620.5697768886153,490.38803202887954,623.2325191748803,487.7333965048487,625.9175327009078,485.1012836999962,628.6212827668636,482.4884172069478,631.3381083051686,479.8891422745644,634.0644635653647,477.2998686622984,636.8046794529589,474.7252643473845,639.5148564178088,472.1191373619286,642.287505678448,469.5809012444006,645.2974231586276,467.3299416382145,648.4716443765849,465.3154993825602,651.7181625820224,463.4188900736502,654.9613551406774,461.5166406180675,658.1245352054248,459.4850356523611,661.1125609254298,457.205321936624,663.8323144414176,454.6112543158951,666.4953005485237,451.9574355503662,669.2990840005007,449.4526037612185,672.1706863336452,447.0255141226553,675.0902732010953,444.6563177191974,678.0197275353229,442.2992827674182,680.9255085495703,439.9131362101425,683.8077879132815,437.49864816001605,686.6693103952006,435.0595908449153,689.5129128868969,432.59966047628967,692.3415074627167,430.1224841113966,695.158056936514,427.6316182158451
277,566.2629548658836,557.3759249909783,568.4622470670196,554.3262829928367,570.6324882183723,551.2558776569485,572.793475562207,548.1789445667987,574.964055395039,545.108775860716,577.155041659219,542.0531423163891,579.3694938837523,539.0144722190247,581.6075964358777,535.9931794170714,583.8693905131287,532.9895815593218,586.1547981694501,530.0039117325394,588.4636252168273,527.0363149329066,590.7955636542302,524.0868441953644,593.1501924495639,521.1554554715265,595.526977932725,518.2420021831038,597.9252966147279,515.3462484511724,600.3447472958104,512.4681273753164,602.7852974826436,509.6078764121748,605.2472371078422,506.7660159669277,607.7310838008849,503.9432835807401,610.2377550890426,501.14080209402084,612.7685526208576,498.36009073085296,615.3249531133703,495.6029010324667,617.9084592556464,492.8710958015235,620.5206140584787,490.1666745558052,623.163024415353,487.4918109749047,625.8373661765249,484.8488766264578,628.5453643392875,482.2404428295878,631.2888664673554,479.6693833446881,634.0697860356001,477.13884900921994,636.8900667220752,474.6522663757259,639.7521009138862,472.21386826805906,642.6576237298341,469.8274638841411,645.6092311759228,467.4983250146962,648.6108118477197,465.2339578264487,651.6575771904149,463.03074374259364,654.7552520054306,460.8998028655366,657.9071602420204,458.84984838130964,661.0696397402564,456.81632439243407,664.0850025286637,454.57277950594465,666.9376106428714,452.12359248709873,669.763245908768,449.643049342262,672.6359893912957,447.21738782392555,675.5829801900325,444.88258713085327,678.6052679193683,442.64607197605824,681.6936018010795,440.5016317782824,684.8390773658183,438.44187414767,688.0334848300644,436.4588093521085,691.26931110719,434.5440356521199,694.5397050014608,432.6888869086978,697.8384203290814,430.88454941643863
278,565.7763456237709,557.7976475414299,567.9062409057975,554.6991702552745,570.0810735207508,551.632032897865,572.2868441413614,548.5870597171511,574.5190040953239,545.5613749840388,576.7747686226643,542.5532448703572,579.0518288732146,539.5612007252212,581.3481401645745,536.5839040906841,583.6618361383125,533.6200957907461,585.9911693973894,530.6685602423823,588.3344612573343,527.7280934822908,590.6900642641722,524.7974789893044,593.0563244874547,521.8754618529362,595.4315340893789,518.9607139892358,597.8139378149541,516.0518427903455,600.2026952089409,513.1481870389645,602.5991172707842,510.2508548226458,605.007186774846,507.3631986421391,607.432149643268,504.4897190361466,609.879573186834,501.6353518379047,612.3546253927035,498.80491505410873,614.8612342643029,496.00239210051274,617.4015637483068,493.2304013504365,619.97654961694,490.49057588341225,622.5867743131755,487.78430348738044,625.2331021156871,485.1133269601473,627.9166130407037,482.4797144634987,630.63856681179,479.8858587006068,633.4003708381252,477.33448079238934,636.2035001069452,474.8285832303823,639.0497285542002,472.37175745644356,641.9424935610222,469.96992355040425,644.8877980767431,467.63285433250843,647.8935693035238,465.3741483880207,650.9707939140857,463.2139178083934,654.1229354633305,461.16452880932894,657.3537878221416,459.24203876226284,660.6849637406677,457.4988231464926,663.9203879065511,455.58884646716893,666.8852988794507,453.2790014868773,669.7150149039862,450.8031859122483,672.5895976988278,448.379980790124,675.5670650408246,446.08433518472737,678.6354247476073,443.91159707834976,681.7823579146319,441.85423271056953,684.9962909865535,439.9031139320051,688.2665749305188,438.0479218506571,691.5835534798871,436.27750429754565,694.9385452066671,434.58016821249254,698.3237914708051,432.9439579550132
279,565.6725179375708,557.1683375533821,567.7707251097044,554.0483265710768,569.9175537148571,550.9615262841002,572.0988623256619,547.8989861671237,574.3103796408025,544.8581851686546,576.5497245623758,541.8378162844396,578.8146260743289,538.8365617277238,581.1028572632484,535.853054038306,583.4122633700454,532.8859047692154,585.7407226073277,529.9336820348113,588.0861542305229,526.9949236216133,590.4465222912011,524.0681470654506,592.8198158916515,521.1518407029366,595.2040608798046,518.2444799184468,597.5975650024617,515.3447364266904,600.0000708327777,512.4524469976717,602.4132295310399,509.5690411961115,604.8403509076812,506.6973811702747,607.2852078665803,503.84080908855424,609.751676301594,501.0028806009511,612.2436466997581,498.1873242253855,614.7650144053508,495.398069349102,617.3196658797441,492.6392741102329,619.9114469211612,489.91533999676966,622.5441721885722,487.2309692985978,625.2215517345262,484.59114639305983,627.9467720026637,482.00075242796703,630.7217694339357,479.46376277280467,633.547096656873,476.9829492223628,636.4221219645409,474.559906172098,639.3452605858679,472.1951253558467,642.3130980768507,469.8866772659296,645.3205139141007,467.6300138175014,648.36144169991,465.41869714417743,651.430009969165,463.24588281343114,654.520607898912,461.1045060048919,657.628001207252,458.98756527818915,660.7471068646063,456.8879119607563,663.8716447565446,454.79634638211905,666.9926478106147,452.699514844825,670.0954782419842,450.57592896323325,673.1626651479448,448.40121524271456,676.1920917709078,446.1741896436791,679.1859229119551,443.89952630836206,682.1465362212207,441.5817833558094,685.0764910071905,439.2253942543619,687.9784994884546,436.834664626794,690.8554009949484,434.413773989708,693.7101391717822,431.96678159744147,696.5457231888198,429.497613994072
280,566.3882830363965,554.9733627177816,568.44280421206,551.8246464233164,570.6090585397774,548.7516039910413,572.8570593213408,545.7377552012471,575.1602643694878,542.7658218033408,577.4952102291927,539.8187297007892,579.8448212689677,536.8833077477594,582.2001384155407,533.9524608421173,584.5590699211082,531.0245220631368,586.9210098329729,528.0990095409128,589.2856635590308,525.1756900985125,591.6528641300458,522.2544326012331,594.0224862393958,519.3351390187689,596.3945896785452,516.417861353718,598.770926507694,513.504031702999,601.1557578496152,510.5971526715631,603.5555304498979,507.7026009699942,605.976953997569,504.8261438494108,608.4260340996564,501.9732050285921,610.9077515511797,499.1486188488731,613.4262037099539,496.3567448548758,615.9851825089271,493.6019785211847,618.5881775073922,490.8887751299725,621.238374351508,488.22166929081516,623.9386576903948,485.6052963943104,626.6912159154659,483.0439860405927,629.4961875358968,480.54018423072324,632.3514776112883,478.0939128886307,635.2536832920662,475.7034797766526,638.1996172285786,473.36714117759453,641.186441838602,471.08330349290515,644.2118443045872,468.85081771348905,647.2740214734625,466.66904163536225,650.3700647389143,464.53558383351333,653.4940846000659,462.4432807893812,656.6370513701374,460.37952346153816,659.7881115599534,458.3281332919663,662.9374768519625,456.27414380294755,666.0780638545311,454.2067631556528,669.2052315227028,452.1191460765221,672.3150467358427,450.0057766185864,675.4024656619415,447.8598280727079,678.4753447519118,445.693081527904,681.546815441069,443.5243370656702,684.6186393474748,441.35609294824064,687.6912290623511,439.1889342202313,690.7649966252227,437.0234464606089,693.8403531777653,434.86021600194664,696.9177086335312,432.6998301725305,699.9974740135941,430.54288134944954
281,565.3065876248307,555.3620127606828,567.5976332865886,552.380655135286,569.8911524281212,549.4012001533173,572.1925760279008,546.4278491314824,574.5092383618736,543.4663605544954,576.8471789492982,540.5216457890868,579.2082812993177,537.595468971228,581.5900694792566,534.6861005977142,583.9874454716154,531.7895597304728,586.3958488024666,528.9021790744954,588.8111528231714,526.0205670571314,591.2295391190827,523.1415407980239,593.6472677849082,520.2619624200398,596.0597716618039,517.3780063965918,598.4641069412583,514.4872373452938,600.8615710033382,511.59076560653875,603.2588251858742,508.69412016864874,605.6645363758345,505.80449816297227,608.0869433917023,502.92886433793785,610.5331095082274,500.0734216121905,613.0090472725946,497.2437639270294,615.5202721380496,494.4453856502427,618.0718722563702,491.6837841998513,620.6684237628278,488.9644171089541,623.3139414603177,486.29267606902596,626.0119411876448,483.67395699541595,628.7646245820265,481.1127903928784,631.5744267275819,478.61444150352133,634.4429596157845,476.1837450402491,637.3631329898923,473.81530778371604,640.3306362249832,471.5064552927547,643.372668623212,469.29723702270593,646.5344568893618,467.26327949890293,649.7826027810328,465.3696939021805,653.0718819453643,463.54819149992596,656.3621605234769,461.72848754383546,659.6133633522091,459.84013490881847,662.7803889106617,457.81431452976653,665.8127599313589,455.59245024609845,668.7764775552431,453.2787306229181,671.8240382790625,451.07690284622464,674.9255164916855,448.95134668668265,678.0455480796634,446.85306947827405,681.1719385509876,444.7642757687294,684.3037006472315,442.6835442446978,687.4404803578657,440.61038446987135,690.5819272778672,438.54430351884275,693.7276944033359,436.4848061961949,696.8774379186272,434.4313952437283,700.030821784637,432.38357895203694
282,562.636698807128,557.4075709242757,565.0614716875625,554.533970062421,567.488863065112,551.6625332341991,569.9042528621719,548.7810021049529,572.293472694987,545.8777449749911,574.6590355502653,542.9551692531365,577.0110460222231,540.0216692908124,579.3603734352753,537.0860187772396,581.7172100700438,534.1563956467384,584.0841124453021,531.2348986090994,586.4595805749035,528.3203611430131,588.841071061569,525.4107418150608,591.2260880025264,522.5040119915626,593.6118425599228,519.5978874441513,595.9965577160549,516.690909960249,598.3810570485631,513.7837554694396,600.7699330360529,510.880197594801,603.1701449281077,507.98600762911,605.5894595878709,505.10777435726,608.035529627073,502.25225437356977,610.5151520087559,499.4258314377278,613.0329033247025,496.633327824127,615.5913728526692,493.878086485366,618.1920217637526,491.1626268954214,620.8361563501285,488.4894976579021,623.5251816317972,485.8615372118012,626.261205101493,483.2825543835943,629.0471923886241,480.7576441825078,631.8864152151194,478.29276423957174,634.7805655420672,475.89262644286646,637.7297038501302,473.5603890488871,640.7330864054958,471.29843907057057,643.7898819959182,469.10921266818235,646.898238347289,466.993827449675,650.0536733337642,464.94930367370375,653.2487018168703,462.96717858118234,656.4735982115274,461.0339859762571,659.7186947878124,459.1348662411534,662.9743946082673,457.2539643139511,666.2298653268423,455.3726669471518,669.4692479456762,453.46386715195746,672.6650210396373,451.4830714011406,675.8152931390853,449.4305553931137,678.934869890791,447.33164697277715,682.0277306954654,445.1935556318894,685.096862739409,443.0215307673159,688.1454200777673,440.820713493529,691.1766927851352,438.59614313104,694.194079217064,436.35276851230765,697.201050057525,434.0954484484153
283,564.7953020957689,556.0620947374509,566.5072316774708,552.7158397472624,568.4963321932262,549.526256021442,570.705519856539,546.4844224239184,573.0569636961883,543.5507177172233,575.4775858985054,540.6736065595459,577.9171227566666,537.8124805120071,580.3507441235457,534.9463231641313,582.7734302321196,532.0709170279306,585.1868599918752,529.1877359711252,587.5937144675994,526.299062872221,589.9966137242681,523.4070983120562,592.3985227634771,520.5143111356705,594.8025387574708,517.6232750023112,597.2119021556734,514.7366946930059,599.6299890026328,511.8574195418804,602.0602847326752,508.988444156974,604.5063618874473,506.1329149247388,606.9718517734905,503.29413362174745,609.460417614828,500.47556413559244,611.9757259855272,497.6808392756588,614.5214350119959,494.9137844808455,617.1013950839438,492.1786452376855,619.7197829574883,489.48028171669034,622.3810862396375,486.82424839351035,625.0898435721707,484.21664492843416,627.8506261580036,481.66420737006104,630.6686170475575,479.17510476799987,633.5501442621056,476.7598851414776,636.5022891210706,474.4315658139359,639.5286245291752,472.2005622016386,642.6272444316346,470.07107582771465,645.7912609668224,468.0399848332334,649.0116588931801,466.0994646365538,652.2760335101295,464.23377741528327,655.568153370403,462.4174037178473,658.8690642643643,460.61702317325603,662.1607918041466,458.79993567901636,665.4284501116161,456.93996752988545,668.6629459244956,455.022929059484,671.8676789264936,453.056471095146,675.0672028678401,451.08152215576627,678.2725639550408,449.11606203470717,681.4843666533975,447.161146542996,684.7030942023632,445.21765434672045,687.9292212068683,443.28647047848693,691.1632128845829,441.36848667438704,694.4055242788503,439.4646016567547,697.6565994360853,437.5757213575982,700.916873237409,435.7027637839403
284,564.5501337019149,554.4370071517473,566.5362461570746,551.2447570105343,568.6535589724147,548.1379249409199,570.8914591491941,545.1167183364846,573.2226801886549,542.1668126994855,575.6234131543013,539.2731345840964,578.0739332761066,536.4214500244719,580.555582742057,533.5967861347813,583.0515304590535,530.7847364124152,585.5454577597975,527.9708962553907,588.0237111747743,525.1432505290109,590.478520247503,522.2952310186361,592.9109114510672,519.4280373048387,595.3269030195509,516.5470049666279,597.7343161822091,513.6587973073181,600.1411879603077,510.7701382737955,602.5558620166782,507.8880013104919,604.9868631631218,505.0196293355408,607.4429767722459,502.1727425092201,609.9329387436771,499.35542763240585,612.4644114401544,496.5753680337809,615.0424527119815,493.8384493774498,617.6700115718505,491.14904249778806,620.3488722686384,488.5107406817218,623.0805473976606,485.92717013243,625.8663321000264,483.40204787414194,628.7073582233373,480.93925295961213,631.604617509797,478.54287602855743,634.558947700514,476.2172345922174,637.5710329094932,473.9669116746384,640.6414541665796,471.7968771756261,643.7700319944183,469.7115699841259,646.954430584025,467.71253212540495,650.1891725388905,465.795990506526,653.4665084434967,463.9531789460331,656.7774703465583,462.1714357914144,660.1126983215313,460.4354944909245,663.4624656116571,458.7277456352936,666.8169942842663,457.02935771490337,670.1680115325839,455.32405626362015,673.510086401758,453.60130990847324,676.8337569112,451.84335848821013,680.1334656479177,450.0408318797422,683.4095873605061,448.1957772568995,686.6628373916764,446.31068218661136,689.8940187055762,444.38800055911656,693.1040139272991,442.4301483994013,696.293777714881,440.4395009215801,699.4643295349985,438.41839071584184,702.6167406769214,436.36909731618937
285,564.6706707342438,556.3376060096487,565.7433403422409,552.7366754866389,567.298796315582,549.3169645439373,569.2808839716176,546.1239244256457,571.5195630585957,543.1037929292629,573.8995857903843,540.1932025069501,576.3503633436046,537.3417501126827,578.8308383205107,534.5160506809741,581.322718145576,531.7003953912771,583.816906792049,528.8867842861099,586.3066745947318,526.0692619340052,588.7856211429751,523.2422173974323,591.24808547655,520.4008086193462,593.6904861523581,517.542137273213,596.1140671298813,514.6674891751844,598.5249999167357,511.7822200093515,600.9324815451687,508.8940689624175,603.3462501455177,506.01117317567923,605.7761879171359,503.14190080981524,608.2321939968666,500.29492331653535,610.7240498731516,497.4792890916567,613.2612252361513,494.7044462742157,615.8515449886618,491.9791701636425,618.5004796459575,489.3108497293502,621.211261371725,486.70540078395635,623.9863058711969,484.16852450057013,626.8277684465535,481.70628903973846,629.7371765965992,479.32474057646823,632.7146126288036,477.0288175267404,635.7578293257351,474.8208239042189,638.8629291012393,472.7007244350894,642.0254058186104,470.66718813285615,645.2410075799146,468.7187299365315,648.5059100863589,466.85404707194095,651.8166502208322,465.0720063689226,655.1703384619246,463.37216596120476,658.5638129503723,461.7531804538676,661.9899135322073,460.2043584184039,665.4356300238512,458.6995819651235,668.8838315869041,457.20049461134096,672.3180075458197,455.66959564373843,675.7323007005598,454.0948632967917,679.1261693585813,452.47657229588225,682.5008945259377,450.81872100057143,685.8579278479025,449.12532327333247,689.1988437833611,447.4003380451289,692.525322674046,445.6476677236831,695.8391348996139,443.87115925356323,699.1421261365637,442.0746074260657,702.4361974063755,440.2617486806353
286,564.4758147244389,557.0757512379619,565.2921568377083,553.4080960726378,566.6101360480287,549.8904365844547,568.4436798099463,546.6113113604963,570.6493046175008,543.5679164055193,573.0603614782908,540.6831498370473,575.5528710925084,537.8681026727382,578.0598222454676,535.0658612413766,580.5352989298117,532.2358297412961,582.9631365662394,529.3648237532238,585.3485693383333,526.4584665726239,587.7041630909445,523.5278541265195,590.0430562601161,520.5838858937515,592.3775493419613,517.6364249054873,594.7180615193985,514.6937436302101,597.072856100523,511.7624840597794,599.4494892643249,508.84891068141167,601.8555306470662,505.95958625654976,604.298935376676,503.10180525101595,606.7879826164595,500.2837088744584,609.3303176495491,497.5136119379129,611.9303464784165,494.7976059331017,614.5890068236732,492.13896788294545,617.3049745579654,489.5388999679037,620.0769273046194,486.99860288937737,622.9039983485441,484.5197955782977,625.7858768036693,482.1049328976612,628.7230353085179,479.7576317149084,631.7172846275005,477.48362897340525,634.7719091992994,475.2914348114484,637.8906479700603,473.1915041005421,641.0763924229102,471.1947368445228,644.3299514886326,469.31052730592154,647.6498127267555,467.54577835584655,651.0308508933193,465.9012229521301,654.4637067944877,464.36764523723724,657.9352443982519,462.92360238994786,661.4300925147114,461.5367794392013,664.9317493266516,460.16718847419446,668.4214958266556,458.7676421034182,671.878074895077,457.28822625312733,675.3041253389065,455.7392562765417,678.7096585588745,454.1456572450866,682.0966721747217,452.5130561094191,685.4668051844374,450.84587857218816,688.8218296037228,449.148493908898,692.1636305412402,447.4252143353952,695.4941875384627,445.68029746876897,698.8155571572775,443.9179513658666,702.1298564828937,442.14234120609444
288,566.7816422981048,556.8657122290639,567.2007499580491,553.1300996306983,567.9378442102916,549.4444802402165,569.0477487159802,545.8540396954695,570.5486579680974,542.4085974492807,572.3904328070087,539.132081108378,574.4808386233383,536.0075439224721,576.7396377783399,533.0020813774407,579.1080626511922,530.0819819372294,581.53706394603,527.211941392518,583.982276154224,524.355664721526,586.4064887660144,521.4815765839392,588.7870238822559,518.5712262324136,591.1229025021698,515.6248982691792,593.4292908374731,512.6554021354157,595.7279207817728,509.67988841383345,598.0427426774445,506.716971792997,600.3974865837279,503.7857219662518,602.8104454868005,500.9022479467292,605.2904506593079,498.07624826206825,607.8390390752463,495.31194413787347,610.455311580823,492.61161606261817,613.1399231885266,489.9792324908043,615.8952894206237,487.421027828283,618.7250795779959,484.9454348766787,621.6338056884891,482.56313915783863,624.6269156680361,480.2878425898817,627.7095854415725,478.1355364911666,630.8827271165588,476.11902168758365,634.1400058470231,474.2413953857164,637.4693489425097,472.49461746338216,640.8569432269237,470.86353308397787,644.2906186730826,469.3317314991189,647.7623881058228,467.8883086725004,651.2698034340192,466.53381965148617,654.8120521738359,465.2732680558409,658.3874879344477,464.11017664794804,661.9925376683873,463.04235012911744,665.6219019763287,462.06024075056274,669.270107493345,461.15050292590394,672.9278342347517,460.2796371840295,676.5827180730006,459.39693213928854,680.2325015868549,458.49336708486464,683.8774442441965,457.5704653666269,687.5178296017323,456.6297456062431,691.1539633109596,455.67272150052474,694.786171100066,454.70090158608593,698.4147967907086,453.71578917958385,702.0402003510877,452.71888247625003,705.6627531830562,451.71166474793614
289,569.1584067944874,559.3697811373038,569.1291159989032,555.610299358999,569.3148058808739,551.8555848314143,569.781826754592,548.1258657353201,570.6107499534891,544.4603259219275,571.8580107709982,540.9156205206039,573.5099133444588,537.5399084966479,575.4595706651892,534.3259207078459,577.6023301619495,531.2366978215687,579.8567811702072,528.2277032566521,582.1606449859632,525.2562529786946,584.4675651934913,522.2871663250016,586.7522550690089,519.3009535760606,589.0088736950619,516.2934668938365,591.2466272473063,513.2719062944495,593.4837661422416,510.2498901740373,595.7414072134637,507.24317837203705,598.0388625147122,504.26680783827675,600.390791222481,501.3333233851422,602.8069694036864,498.45255756531327,605.2953351974529,495.633944927992,607.8636280846566,492.8880080988721,610.5194657801061,490.2267007708493,613.268695612175,487.6620347430379,616.1139364193465,485.20435315583694,619.055449060603,482.8627856924009,622.0913217067275,480.64493516160644,625.2156651672236,478.5535247209312,628.4168916132215,476.5817122854961,631.6878982196397,474.728001490985,635.0327344273906,473.01134164473785,638.4628168732129,471.472458644081,641.9763010409703,470.134995302868,645.5589745813726,468.99539806358234,649.1914401406536,468.0255545721244,652.855542817554,467.18245154692863,656.536441583733,466.4155455457078,660.2246174417407,465.6843138734284,663.9074453138272,464.92716846107356,667.5549585792749,464.0155548035675,671.1990714638634,463.0899037410571,674.8610237454329,462.23699721000884,678.516515122285,461.3568767415951,682.1622002267435,460.4369620252162,685.7989201450932,459.48220507249056,689.4276565938538,458.4975275150382,693.049510494217,457.48781776014465,696.6656812777591,456.4579315785073,700.2774469535309,455.4126954880941,703.8861442502706,454.3569101798946
290,571.360709906739,558.1030731316403,571.449463262098,554.3442463911847,571.6343305116176,550.588940318531,571.9540041937196,546.8428969441169,572.4782339396822,543.1203085315761,573.2829401916639,539.4486745724485,574.4487074311526,535.8759395825765,575.9998751087927,532.4528880563046,577.8764462580447,529.1958378505876,579.9533881572792,526.0619775151929,582.1389916690634,523.0025846003564,584.3664026974698,519.9733938760601,586.5825576356759,516.9359792538817,588.7512989772023,513.8645544539788,590.886243836099,510.7694995614871,593.055182902785,507.6983013181271,595.3348595047213,504.7086315637919,597.7532915910195,501.83004571186405,600.2751199340821,499.0413595177658,602.8674562974646,496.31801576498043,605.5177942384845,493.6510795545122,608.2269866407847,491.0439659831971,610.9978538347924,488.50251642909797,613.8324623875143,486.03237737448745,616.7328887265047,483.6398910768614,619.7022862918859,481.33360199346004,622.7449549445323,479.12495526635655,625.8745602358968,477.0415803717813,629.1149304518842,475.13571863718056,632.4858989673936,473.4722533814714,635.9730133823879,472.0682512503752,639.5440869108742,470.8930417043989,643.1671767528171,469.8886121884598,646.8197644466761,468.9968406218559,650.4903968789222,468.1823042890359,654.1745168119029,467.4310904470442,657.8702915670547,466.7394621831511,661.5760996680733,466.1037550160522,665.2904876579656,465.5202369391175,669.0121624245619,464.9851293804068,672.7399818267677,464.49462478590215,676.4729440792644,464.0449009523779,680.210176286118,463.6321323103538,683.9509224442528,463.2524984077562,687.6945311676947,462.90218987400016,691.4404433224777,462.5774121570777,695.1881797069005,462.2743873277161,698.937328861676,461.98935423734565,702.6875350560421,461.7185673052644,706.4384870244645,461.4583024044356
291,573.134047507617,558.0868396437394,572.8008732321881,554.3420281373818,572.6607933155223,550.5851201267596,572.7349964366066,546.8264391798931,573.0473396776114,543.0801599042532,573.6247667459393,539.365674502917,574.4948338722324,535.7088687462181,575.6843941292692,532.1434552514003,577.2144758764134,528.7105232062502,579.0563284594573,525.433893784541,581.121749144559,522.292494042727,583.29523250796,519.2244597896733,585.499985267078,516.1787340868611,587.6998172265096,513.1294552848054,589.8908854807602,510.0738696184574,592.0906030414133,507.02451331457155,594.3237113604357,503.9995614863562,596.6170261448611,501.0200662657175,598.9915590605679,498.10494942513105,601.4570257559669,495.2663455484435,604.0112941079964,492.5073715976531,606.6517917222804,489.83081291717497,609.3801803205561,487.2439504444479,612.2024469410359,484.75992190456867,615.1261668783501,482.39625113064636,618.1587348457995,480.1741013245593,621.3067008705096,478.1189019595055,624.5730769906742,476.25784121064726,627.9533234660328,474.6127758228957,631.434512080794,473.19371396173915,634.9988934311757,471.9986536631652,638.6272842205466,471.0144710597531,642.301926264354,470.21973264622915,646.0095275158185,469.5960915752518,649.7364271542577,469.0992037095216,653.4730457726415,468.68143295145234,657.2185620504106,468.3532932720281,660.9718396520512,468.1310959035978,664.7283626247427,467.9701749544194,668.4851082563953,467.81458937246475,672.2434051378007,467.7037583759428,676.0030431624629,467.65759119842033,679.7629178656846,467.67738713095014,683.5219726276725,467.7586558273316,687.2793783463668,467.8966549201405,691.034520686816,468.08662336506154,694.786981856438,468.323802476952,698.5365215643282,468.603451695794,702.2830577109078,468.92085956711543,706.0266431426618,469.27139292311983
292,573.9661909785633,558.0025157498444,573.6395819590097,554.2569873776741,573.4648953687912,550.5013578277562,573.4621943821656,546.7417586888268,573.6616617190774,542.9876243107199,574.1072096748381,539.2549803129365,574.8542387684353,535.571178627895,575.9208064202592,531.9668710661659,577.2720503837327,528.45892370761,578.8372757907998,525.0407297377164,580.5659752268039,521.7020468355558,582.4295454713451,518.4366584387835,584.4114006225979,515.2416259196607,586.4971442815299,512.1133761398407,588.6725713056751,509.04677315495127,590.9245620545613,506.03591172785906,593.2413086651021,503.07455995266,595.6121588337037,500.156320000421,598.0280340976052,497.2752293322201,600.4872154700099,494.4310211985872,602.9988433245736,491.6330671391123,605.5822247847597,488.9013161483922,608.2586859467058,486.260830835182,611.0469354099637,483.73884408706886,613.9623057581416,481.3651759092453,617.0156881694307,479.17212739999076,620.2092704131065,477.189008152943,623.5351456219028,475.43687942261914,626.9766954451073,473.9244196999119,630.5135549239526,472.6506030178017,634.1284435305029,471.6185663203395,637.7943542507786,470.7841804033892,641.4947884021584,470.1200450492096,645.2276005934646,469.6746098620789,648.9823912126438,469.49103068406356,652.742244305636,469.4764303736391,656.5013756120495,469.54977887875185,660.2562837433999,469.74189991392313,664.004360342578,470.0394773016637,667.7441120515623,470.42808691128914,671.4746282640227,470.89731409094236,675.1958189114633,471.43561392714383,678.9074084279645,472.0365995289234,682.6092516681296,472.6949967011874,686.3014470125537,473.40553815956656,689.9843114209011,474.16298537059254,693.6583553342682,474.96214378968284,697.3242580259009,475.7978722586434,700.9828438043445,476.66508732020554,704.6350508116573,477.55879762134174
293,576.2823772022392,556.8061016057045,575.912883586896,553.0645006296136,575.6735451769785,549.3123593034632,575.5774836018426,545.5538627483306,575.6398608347383,541.7947126233569,575.8779920211904,538.0426670539467,576.3112307559268,534.3082096244743,576.9605493715402,530.605317890973,577.8478566997194,526.9522822942748,578.994283334513,523.372263900248,580.4125390600294,519.8910206959647,582.0859474859607,516.5248290695582,583.9682798651396,513.2704947181956,586.0013834862569,510.1078839493632,588.1321682768703,507.01006414623174,590.3146341974801,503.94835044691706,592.5215976705756,500.90423158693443,594.7512869629611,497.87673451284076,597.0280411953823,494.8845431031268,599.3921919593487,491.961091359362,601.8837659135576,489.14571423812504,604.5272998845873,486.47266878508924,607.3259477545192,483.9625553341958,610.2726280471035,481.6280313009071,613.3628465062519,479.4872796790516,616.5875241138058,477.5549366238612,619.936882308748,475.848424550661,623.4191822017283,474.43300410270587,626.9523647325897,473.14694488212905,630.5269325294141,471.98546656305143,634.221244496369,471.30100377278046,637.9691719020549,471.01276531206236,641.7280173230703,470.9269808946043,645.4877706281611,470.94842949645243,649.2443951123109,471.1020726455788,652.9930469416473,471.39110890643303,656.7298443540335,471.80647546588847,660.4521320619807,472.3365248623271,664.1580552746389,472.97109533048183,667.8465641764528,473.7002046751828,671.5172979896555,474.51417255049245,675.1703837122504,475.4040603108077,678.8061752033692,476.3622003750794,682.4249974646149,477.38259088584266,686.0273910985107,478.45957084122347,689.6141588398972,479.58752125252386,693.1863341269367,480.76088507317206,696.7451505249383,481.9741795308683,700.2920125809899,483.22200183942334,703.8284551491344,484.49906575455617
295,582.1403716847516,554.695439069991,581.6724948817638,550.9654160299586,580.9293436724383,547.2804647216444,579.9538722268169,543.6495968827492,578.9115871204019,540.0370057204939,578.0304053357452,536.3827285986762,577.5124121329919,532.6605263890772,577.4255486774376,528.9035785369682,577.7302960956879,525.1573650192292,578.3574610627212,521.4510370028524,579.2558799993795,517.8007673155604,580.402597137345,514.2206668885617,581.7885834535027,510.72622484968116,583.4035386698497,507.33146955312327,585.2270958649971,504.0439152196459,587.2282320415758,500.8611859704484,589.3823793415226,497.77986845220516,591.6759038512673,494.8008242102093,594.1031455067482,491.9296850933724,596.6602096230224,489.1735473481855,599.3440088811138,486.540684517858,602.1530353717042,484.0419158925478,605.088019651225,481.6924835134553,608.1518270428423,479.5138809767814,611.3469933701632,477.53319711994993,614.6759452906168,475.78718952047257,618.1340099673927,474.31363839886666,621.7034989142562,473.1358683718671,625.3683511851485,472.30282734556823,629.1024301955629,471.88155372476075,632.8608815468344,471.88292823722054,636.6063481644226,472.2028211781743,640.3201725453855,472.78596201563,644.0008890833373,473.5530004196755,647.6686379743898,474.3806320188225,651.3461793976743,475.163503109459,655.0218110436491,475.95518832789116,658.6703174200965,476.8625539818917,662.2667601488394,477.95780968077247,665.7977240547501,479.2485406562595,669.2473901578526,480.7429122379463,672.6127557100037,482.4189550439969,675.9020149282688,484.2399954659456,679.1170583405935,486.189159168779,682.2604310975228,488.2519865665457,685.336115604886,490.4145057114725,688.3492251445635,492.663446734338,691.3057261002449,494.98634841792375,694.2122029602267,497.37158082669157,697.0756127043032,499.80837410053215
296,583.2790820428975,553.7165977337546,582.6457235469433,550.0103653364874,582.0023549335726,546.3058478815094,581.3890152061412,542.5962663279633,580.841794703465,538.8764047557801,580.3905930156482,535.1437381769185,580.0606562093791,531.3984662841825,579.8760223783628,527.6433044953685,579.8625966289685,523.8837319945075,580.0489645897885,520.1288885388922,580.4659965458854,516.3927939758852,581.1471605148872,512.6959522405847,582.1235256605014,509.06608669366,583.4069042214051,505.53313985824116,584.9764178870339,502.11745936373393,586.7951225333464,498.82747684756345,588.8295027065112,495.66616649479033,591.0572990453012,492.6379638748812,593.4613092468654,489.7476053149328,596.0267354457644,486.99946094016855,598.7412419825056,484.3984512495126,601.5964626075169,481.9527502132845,604.5859495941967,479.6731923297366,607.7244395469834,477.6044569210883,611.031544641945,475.818089811174,614.4836052488904,474.33089409011853,618.0523841812832,473.1509415043779,621.711407059682,472.29093274605816,625.4335470463261,471.76852526806636,629.1884881059714,471.6061356542361,632.9408782041237,471.82074763249665,636.6671008644379,472.31985839984185,640.362662043667,473.0103999662774,644.0135618179743,473.90744299204465,647.6118528653067,474.9968013487306,651.1514025714222,476.2641481248243,654.6257973042083,477.7005931026296,658.0298640278039,479.2966151699891,661.3584244168645,481.0446897111203,664.6075385523903,482.9363891879709,667.7789536434349,484.95578927819554,670.8810086026334,487.0802863840894,673.9174736314928,489.29755735052174,676.8914565661357,491.59799241165274,679.8068208601856,493.9723087113665,682.6680400949516,496.4116295371458,685.4800663930748,498.9075237105346,688.2482168056807,501.45201272850426,690.9780790139592,504.0375530572013,693.6754086095376,506.65702788094336
319,594.7475635077061,452.3328028955887,598.506946485995,452.37133514027397,602.2581293876651,452.61951221782874,605.9834343449425,453.1224557824018,609.6543949921917,453.92992777115194,613.2285061296045,455.09186405233794,616.6482083436412,456.6494915827767,619.8453455611104,458.62326607539893,622.7449154462162,461.0121222895037,625.2825678066864,463.78261272629885,627.4410513655548,466.85868950379535,629.2739825735323,470.1402467091432,630.8510395588557,473.5527679400247,632.2151007812429,477.0559946949434,633.3710429642798,480.6333096373144,634.3153017751254,484.2722356555409,635.049193428071,487.95938703764006,635.5806624926402,491.68117121442117,635.9236477344599,495.4251092494618,636.0979897020552,499.18076426736354,636.128189405204,502.940426501149,636.042301064732,506.6993045012612,635.870507855906,510.45529404814914,635.6436011903654,514.2083956090186,635.3952809974221,517.9601577260268,635.156769180399,521.7125504345041,634.9507443049888,525.4668563365382,634.784747598031,529.2231476366471,634.6396701383406,532.9803179016112,634.5275528973871,536.7385750397061,634.4580709856228,540.4978995538986,634.3287421683091,544.2555863797238,634.1902164355828,548.012977596803,634.111323062707,551.77207887694,634.0935757064707,555.5319686351462,634.1350453482424,559.2916741086716,634.2337654410084,563.0503145402207,634.3877419679084,566.8070994455965,634.5949625750432,570.5613262195259,634.8534047539351,574.3123772057276,635.1610430706369,578.0597163491818,635.5158554570116,581.8028855385716,635.9158285944777,585.541500735785,636.3589624316527,589.2752479774518,636.843273885277,593.003879321719,637.3667997788234,596.7272088018069,637.9275990759504,600.4451084372752,638.5237544666721,604.1575043438718,639.1533733632241,607.8643729737689,639.8146147573943,611.565732701826
321,603.7980254158826,452.08617064602754,607.4942270266471,452.7677918294248,611.1017476154511,453.8213637183284,614.5801476740049,455.24487010449985,617.9033272131625,457.0007225266978,621.0400949783935,459.0711753461585,623.9521057002856,461.44711055090767,626.5920106814203,464.1217500059958,628.9058124519067,467.0827481368708,630.8522325162933,470.29716157939083,632.4202486467046,473.7125390656772,633.6364922901346,477.2690000326766,634.5623964621107,480.9124179592574,635.2783932178002,484.6032558497956,635.8609298563766,488.3177134787913,636.3523813688405,492.04533659392865,636.7430907611135,495.78479754304533,636.9931975218614,499.5361595685945,637.0754774411407,503.29489384888086,636.9760280592079,507.05316194982,636.6795392744592,510.80094283668683,636.165157779777,514.5250350270471,635.4696586092696,518.2198857425318,634.7022172351262,521.900697547067,634.0179656705774,525.5976156120801,633.5376452342465,529.3261523422922,633.2664962786698,533.075980209505,633.1408399077204,536.8337138765828,633.0977386117734,540.5934006084808,633.0948881330581,544.3533638177499,633.1120059112939,548.113293607207,633.1466753100285,551.8731001402764,633.20777499923,555.6325638057516,633.3065310952509,559.3912179544085,633.4515786321133,563.1483636174538,633.6464775416885,566.9032533592716,633.8883594221377,570.6554160389493,634.1677922360832,574.4049784260872,634.4724796341534,578.152580404102,634.7920273920247,581.8989470630579,635.1222056102964,585.6443916758353,635.4667383456705,589.3885418439388,635.8270620757775,593.131205561587,636.2024710950508,596.8723864942212,636.5922390702376,600.6120989632146,636.9956401116184,604.3503656286189,637.4119489407999,608.0872170533701,637.8404410263173,611.8226912679659,638.2803926887984,615.5568333362885,638.731094598261,619.289693290632
322,607.02675717456,452.4238134300477,610.6829549984394,453.2936493653066,614.2236504103512,454.55328445695363,617.5995642053006,456.2040262779252,620.7546673366143,458.2448996485053,623.6281729740095,460.6658276759717,626.160191159495,463.4417617114254,628.3058809316669,466.526300673134,630.0662458250024,469.84652592256964,631.4880393007917,473.3260554590733,632.6789923309262,476.89214189036295,633.7888617590722,480.48455017424027,634.8487121358722,484.0919901639177,635.7527912175939,487.74093840928145,636.3947141110416,491.4449618699478,636.8017597725606,495.18231882519626,637.0120498313134,498.93604795354133,637.0518516663283,502.6955225363556,636.9343128301053,506.45339396908105,636.660816799258,510.2031196438985,636.2186835622654,513.9366646772219,635.603460230382,517.645629962087,634.8346921295014,521.3259672773439,633.963344372118,524.9835253687498,633.0669352891784,528.635070640274,632.247655943235,532.3044838667564,631.6103624580096,536.0094623326589,631.2247970641035,539.748879574079,631.0782082056447,543.5054695530532,631.1171830680651,547.264983130736,631.2804443967417,551.021303471897,631.5187737334043,554.7736788490716,631.7983135199789,558.5232365914404,632.0905414694442,562.2718345698338,632.3765012610386,566.0209149686914,632.6421477353434,569.7714732348225,632.8605573960773,573.5250817489805,633.1980682129329,577.2691360176119,633.8132789640879,580.9776292764004,634.6665990834254,584.6389624800117,635.6876168962475,588.2575298818484,636.6252860876635,591.8979093747287,637.2664734768473,595.6017612098036,637.6195243549136,599.3442904398826,637.7150992684406,603.1024086352378,637.585684932554,606.8596739265298,637.2630027371049,610.6054226160068,636.7765636163891,614.3335431236858,636.1530818530778,618.041283988805,635.4163400235692,621.7282471940358
323,611.5214672292345,453.0733160726719,614.9854322572294,454.53150491013264,618.2844620177381,456.33203042045994,621.3835604269544,458.45823876165554,624.2470463598709,460.89241497325287,626.8396403764074,463.6132291530652,629.1284751651264,466.5940542672884,631.0861833786109,469.8020902805505,632.6978093756077,473.19735460730476,633.9697245678099,476.73426850640857,634.9369813343892,480.3667311480833,635.6493892286226,484.0579921448737,636.1557388954838,487.78332873904293,636.4942575844611,491.52776820045113,636.6908445982131,495.282407970189,636.765635417281,499.0414960075524,636.7353365426366,502.80124087060506,636.6137444555969,506.55916533042097,636.411794154572,510.3136469396985,636.1393009642702,514.0636834930451,635.8060800425399,517.8088258179379,635.4223926731316,521.5491464941001,634.9989271195358,525.2851822512965,634.5467127851978,529.01785449228,634.0773572865951,532.7484147159042,633.6026517240773,536.4782993208461,633.1341412990312,540.2089653533983,632.6854100196646,543.9420560312336,632.2675168005547,547.6787187395335,631.8935885382224,551.420015877828,631.586836152428,555.167388857189,631.3626880672225,558.920581922261,631.2495958152315,562.6786594047729,631.2771291472825,566.4383089373974,631.4536562969381,570.193818058072,631.8354711132044,573.933759617745,632.4167924867189,577.6482222135248,633.1246135187783,581.3408671321531,633.8963602994008,585.0207672387917,634.6851533619913,588.6970678327393,635.4472558653076,592.3789661334773,636.1510611854836,596.0724360634988,636.793797435515,599.7770227781394,637.3763144460698,603.4915559960009,637.8994942321632,607.2149115218102,638.3642460647962,610.9460118166571,638.7715017334906,614.6838262224147,639.1222110673734,618.4273708667009,639.417337729609,622.1757082840888,639.6578291713693,625.9279485193856
325,616.253335910101,455.0315125558333,619.4187844318583,457.05816544112747,622.3829524521083,459.36923802064666,625.1184026136119,461.9469036453039,627.5963013849729,464.7729703177537,629.7888797645654,467.82565645793073,631.6746480978803,471.0768641731325,633.2415694295562,474.49327646000006,634.4885678448207,478.0391367292239,635.4272877988537,481.67896656005115,636.084639381314,485.38023452754607,636.4980116730029,489.1168526715372,636.7063485784768,492.87066359977973,636.7446135565548,496.63018126969075,636.6434003431967,500.388617683593,636.4292741882185,504.142374738193,636.1250923657399,507.88995110523786,635.7497047743814,511.6310917122085,635.3141228571068,515.3657107234558,634.8205219515305,519.093101434728,634.2642045535152,522.8116406527051,633.6393325784068,526.5192660311517,632.9397734941974,530.2135169073066,632.1664564255832,533.8930509538433,631.3384855729771,537.560712146774,630.5040208630081,541.2269069024618,629.7436530069067,544.9090115645542,629.1716271987656,548.6244576177698,628.9062365660263,552.3738543141346,628.9597780060031,556.1324802699929,629.2435050789129,559.8814376868974,629.6420240305588,563.6201680452319,630.0844050954763,567.3540192564543,630.5350242866417,571.0868903957604,630.9877504617698,574.8195061186757,631.4571984696527,578.5500467037795,631.9699645612573,582.2748498000689,632.5585196768809,585.9883801074653,633.2426249134288,589.685477945305,634.0168062169212,593.3648163939424,634.846243803827,597.0321497988293,635.6797546360949,600.6985679336228,636.4962452158687,604.3688135424186,637.2960265276561,608.0427367095153,638.0797380954804,611.7201215926266,638.848021883249,615.4007608256355,639.6015219739269,619.0844552243889,640.3408842788083,622.771013481855,641.0667562758499,626.4602518539764,641.7797815462939,630.1519948398281
326,619.6111127584106,456.59857897921825,622.5244002700352,458.97293691207113,625.17684257862,461.63560836907845,627.5529141191496,464.54781090298775,629.6498469379378,467.667276528189,631.47125447809,470.9554035073038,633.0195522600633,474.3807172601032,634.2935185460408,477.9172864511536,635.2887777504303,481.5421757891887,636.0026657187843,485.23285208244044,636.4430437572372,488.9661651122123,636.6343211023362,492.72066774981965,636.608373702945,496.4801091896384,636.3969271050009,500.23380801682134,636.0274670664264,503.9753481508373,635.5234763855216,507.7012161803465,634.9042746784288,511.40972113968184,634.1872390709653,515.100598407958,633.3931966535455,518.775723115294,632.5554337655028,522.4411680101538,631.7195013449721,526.1070280694372,630.9368994356722,529.7845803606635,630.2533973803061,533.4817522136922,629.6935350712977,537.1996165056491,629.2600975478474,540.9343564872237,628.9418828574089,544.6807084192507,628.7245940734315,548.4342996498436,628.5938244858794,552.1919258425927,628.5403975300358,555.9514561333019,628.5630151431924,559.7112919497741,628.6687886311704,563.4696877865731,628.8720459531339,567.2240392686673,629.1871897994615,570.9706261850959,629.6196656676772,574.7054983782858,630.1590360661147,578.4264738376936,630.7848012985991,582.133942518541,631.4757476670907,585.829847896326,632.2131180962891,589.5167906315866,632.980733665245,593.1975654321761,633.76664901501,596.874480746713,634.5629058973689,600.5491718746357,635.3654092427248,604.222504202003,636.1732663817452,607.8946628811914,636.9859173363366,611.5657637256342,637.8028025939608,615.2359247395405,638.6233630722661,618.9052658585729,639.4470400748595,622.5739086924062,640.2732752417144,626.241976268467,641.1015104950526,629.909592776704,641.9311892658943,633.5768830244931
328,624.0961259223038,460.15299139232934,626.672229362747,462.8892788626769,628.9422612150036,465.88450899010604,630.8871590044757,469.100436045851,632.4910100025268,472.49942004233804,633.7547425173701,476.039193855722,634.7022506527367,479.6767598148443,635.3734766887328,483.3755730380743,635.8058456099044,487.11004830941545,636.0286148754539,490.8629871341065,636.0645898836684,494.6224431997304,635.9314044687086,498.37976539128164,635.6423569372844,502.1283664224273,635.214219483514,505.86369810600274,634.6760303400779,509.58486016427617,634.0666978656061,513.2950981996619,633.422634443949,516.9994922887738,632.7723326038687,520.7028000159555,632.1396989014366,524.4091578314728,631.5424780524205,528.1213781212252,630.9871775820309,531.8400962566209,630.4772220284647,535.5652993025084,630.0235576164077,539.2977534001968,629.6484854320245,543.0388733407515,629.3823598005462,546.7892453395898,629.2529885299285,550.5467538299713,629.2640159947972,554.306518608033,629.3879683152677,558.0643582493851,629.5764183668181,561.8195845052277,629.7886110254817,565.5735628613015,630.0052571372908,569.3272874957186,630.228230932794,573.08063992439,630.4710589678938,576.8327536414537,630.7485555270428,580.5824515503934,631.0747960298843,584.3282086411921,631.462779186226,588.0680576725553,631.9247171904117,591.7994725898232,632.4740343586452,595.5189992593406,633.1276056048314,599.2215836308294,633.8948998266152,602.9022914949062,634.7565037351328,606.5621572975474,635.6460830672854,610.2153790645197,636.526431669963,613.8708355442456,637.3967509220115,617.5286929254686,638.2573119904097,621.1888584054634,639.1083868858583,624.8512413283992,639.9502483998543,628.5157531360572,640.7831700458458,632.1823073168902,641.6074260035653,635.8508193537198,642.4232796293667,639.5212092024328
329,626.4079624504652,462.5507495970944,628.749638326352,465.4903955978485,630.7828232118115,468.6513907239683,632.4912717383395,471.9990910082261,633.8603660891739,475.4993331844653,634.8864544602567,479.115159810105,635.5852676996319,482.80850797914405,635.9947495160528,486.5453246576612,636.1634760295727,490.30099557086004,636.138925011305,494.0605667231834,635.9636907574486,497.8162629604596,635.6755813309505,501.5650793519648,635.3085301727891,505.30704675000277,634.8894011543866,509.04356587897144,634.4353834641481,512.7760149120306,633.9540467698843,516.5050425055031,633.4489561004721,520.2309284767362,632.9230345869784,523.9539326535819,632.3802258959034,527.6745140979323,631.8274510548908,531.3936299858785,631.2780624145665,535.1132462833027,630.7497364865651,538.8359034857318,630.2610802494688,542.5639596877385,629.8289900147748,546.2989747996398,629.4683357157733,550.0415409248167,629.1926277047502,553.7912982674472,629.0119649555313,557.5468208212623,628.930821146742,561.3058079695055,628.9475573080682,565.0656421877275,629.0552242770582,568.8239901299752,629.2438992359654,572.5791617399644,629.5070902790519,576.3298447599694,629.8529831232835,580.0737865190225,630.2909188345388,583.8080651500417,630.8191306391695,587.5306712599827,631.4227324775289,591.2418245446926,632.0875627758224,594.9425171730948,632.8035400355112,598.6336649439935,633.5617137412758,602.3163865978885,634.3514499845217,605.9924775425505,635.1611611128092,609.6642253785933,635.9843279489014,613.3329811958504,636.8184094658312,616.9992713517438,637.6623446350184,620.6633060888689,638.5151679164308,624.3252824754798,639.3759153072776,627.9854045848399,640.2436242763313,631.6438827154556,641.1173336635824,635.3009326186794,641.9960835497424,638.9567747332349,642.878917165665,642.6116329268967
330,628.0159284708159,464.7130061197559,630.2288203845401,467.7510688764876,632.1371821347539,470.9890272933255,633.7175775702866,474.39905722403245,634.9561208980172,477.9476417419262,635.8530652103738,481.5977144381443,636.4240347177947,485.31296204331744,636.6979542236119,489.0620793722545,636.7122023212717,492.82139695735503,636.5077030672629,496.5753699083577,636.124782316083,500.31551114533437,635.601570266401,504.03873214627146,634.9682877343237,507.74487718126926,634.2428473219184,511.434111894013,633.430481963196,515.1051898072725,632.5332799242938,518.7564642027014,631.5580722555763,522.3877036510402,630.5222226544065,526.0021477725776,629.4569156561333,529.6080446347639,628.401314725091,533.2167847604557,627.3971375648562,536.8401185205744,626.4873328572446,540.488191449465,625.7195366135967,544.1686023415659,625.1511007565114,547.8847565753603,624.8428151810074,551.6311364275864,624.8376342246039,555.3900823708341,625.1323839428023,559.1375330022264,625.710309242962,562.8519946581689,626.5245617090541,566.5222738525409,627.463522716029,570.1630972980112,628.3401916008359,573.8192507739616,629.0794259296855,577.5055892909231,629.6823452495867,581.2167314806023,630.1789422661816,584.9436800027039,630.6093272179797,588.6789131550499,631.0098269172505,592.4174919096971,631.425083181678,596.1544417854218,631.9198417563031,599.881550823085,632.5789911217472,603.5828235420832,633.4652746292885,607.236175681208,634.5065519379672,610.8490324998429,635.5646845040923,614.4570430429801,636.6209044815628,618.0656138807803,637.6738217981242,621.675149645331,638.7220421085275,625.2860520702146,639.7641666814081,628.8987182595048,640.7987922777511,632.5135389498604,641.8245110873054,636.1308967488673,642.8399107371993,639.751164348639,643.8435641607298,643.3747055311129
331,628.9125254615316,466.26989657971814,630.9312120642182,469.44028536275863,632.6381015524933,472.7889547022734,634.0270205320054,476.28159472252463,635.0957321739497,479.8852138436345,635.8492063281645,483.56779884260396,636.3034668264223,487.29931329032433,636.4874980229358,491.0540686670927,636.4344473631803,494.8131338954941,636.1758644635269,498.563800506582,635.7390375888746,502.29800155641743,635.1466141752363,506.01076719937663,634.4170232473962,509.69908062900976,633.5641012995667,513.3608701183036,632.5980501871444,516.9944757037645,631.5372731572376,520.6016527354051,630.4663465981431,524.2058393918226,629.5826864450073,527.8592072540639,629.0515287226035,531.5803665587239,628.7452372489815,535.327643357007,628.471939275396,539.0776395859652,628.1565467161674,542.8243541956896,627.8416635176452,546.571112087683,627.5680124518148,550.3210686673523,627.379411497469,554.0761806645587,627.316395604229,557.8353981854542,627.4040865238452,561.5940914080728,627.6394189717923,565.3464829949584,627.9936283982895,569.089621782853,628.4266467209983,572.8245384306683,628.8981091243269,576.5548294114659,629.3777896301649,580.2840774498696,629.8631354815622,584.0125912786281,630.3673786186527,587.7385887110809,630.9054560582099,591.4598434595902,631.4844108475406,595.1749522652632,632.1104750617102,598.882405720538,632.7923524332937,602.5799874664376,633.5352709203679,606.2657928350582,634.3336730387364,609.9399865067985,635.1827115171733,613.6028151815254,636.0782210693537,617.25456481306,637.0160537248776,620.8956789787593,637.9920888763322,624.5267428360208,639.0022403941439,628.1484671896609,640.0424607263575,631.7616729969317,641.1087423578767,635.3672764608798,642.1971170005237,638.9662747915856,643.30365287169,642.5597326551505,644.4244578407483,646.1487669564915
332,629.0759324184712,466.9469827703886,631.1903199250091,470.0545744590319,633.0012984525669,473.3479733805902,634.4716901172438,476.80674205498053,635.5779068703081,480.39860854634196,636.3209217869116,484.08296048747593,636.7247607976797,487.82003344818213,636.8290897876514,491.5777183262802,636.6803285422977,495.3341689211742,636.3259645210359,499.0770348780683,635.8102615141564,502.80124992752513,635.1711558661841,506.5063749053563,634.4398460642228,510.19447195788126,633.6462021602247,513.8697027970601,632.821840093032,517.5381892260727,631.9977805723444,521.2067436369932,631.1988799214455,524.8808490723569,630.4362455113751,528.5626482462934,629.7106958183673,532.2519376060827,629.0188189176856,535.9476923617271,628.3603724696337,539.6495451334931,627.747191949706,543.3591451995227,627.2071227733422,547.0800348742031,626.7668900805857,550.8140178345703,626.4403637514242,554.559620576356,626.2439681728622,558.3142496959181,626.1921251367719,562.0736142205064,626.2990953751367,565.8317580811394,626.5536302392808,569.5829840302307,626.8540407773058,573.3309345816195,627.176554127949,577.0770301966793,627.5739074809774,580.8158025305725,628.1142887509397,584.5364370780761,628.8244250986473,588.2284291230634,629.65830243099,591.8946850459084,630.5310416059917,595.5519651010052,631.3763085038534,599.2156829352576,632.2026564064209,602.8837235022431,633.0127013893044,606.5553951319879,633.7941142813227,610.2332564448814,634.5314913589702,613.9201841621721,635.2101355858018,617.6183504481164,635.8089871926991,621.3302374851692,636.353191666148,625.0506141817965,636.9132865628687,628.7686257747765,637.5021671396455,632.4821864747165,638.1204336204811,636.1909675149966,638.7686838922006,639.8946249765601,639.4475130515226,643.5927994807865,640.1575385843172,647.2851109475966
333,630.667405416244,469.46762583506927,632.541582327601,472.7259328621956,634.1222185990933,476.13609940789183,635.3727102351161,479.6804530325703,636.2671923038877,483.3309298493671,636.8058678491423,487.050773490707,637.0203623074493,490.80360819173774,636.953433291403,494.56224757060886,636.647566934649,498.30922566568455,636.1409465889237,502.03453300513894,635.4680627352208,505.73354551311314,634.658885852633,509.40523692347796,633.7384086427876,513.0506750596289,632.7270174725221,516.6719842905931,631.6427334572259,520.2721713315944,630.5048702872865,523.8558123885513,629.3385818606406,527.430325013618,628.1788904885465,531.0069752003669,627.0712268638692,534.6000150058135,626.065823908274,538.2228727411955,625.2062560739226,541.8829637713948,624.5167270780355,545.5788255374744,623.9959049962292,549.3022473421003,623.632322438109,553.0443481528595,623.4104571057838,556.797573951539,623.3195796269276,560.556242013547,623.3751450651008,564.3155618883646,623.5564474542265,568.0710269999128,623.9749054106073,571.805745537641,624.8778348928329,575.4533413610563,626.0681091730407,579.0196837809797,627.2546438936771,582.5872794444931,628.2857978004675,586.2028490576138,629.199353893322,589.8500210769475,630.0166797904134,593.5199964628259,630.7660466776158,597.204506914218,631.4696575726866,600.8980341881661,632.1441752018155,604.5970069350864,632.8650182932066,608.2871403746859,633.711536516738,611.9502840902182,634.694822954572,615.5792792433512,635.7354178097598,619.1923838202896,636.7408173804499,622.8153864041653,637.6787382335635,626.4564452615306,638.5530667382471,630.1133027076593,639.3682174616647,633.7838113929641,640.1286805206166,637.466045067328,640.838993748277,641.1582861581594,641.5037202884137,644.8590109615401,642.1273742426764,648.5668825926571
334,632.8572592009745,473.67433340055624,634.2160887954731,477.17916000675166,635.3030576356762,480.77768646070103,636.124700991847,484.44598114717496,636.6899048452539,488.1625103189085,637.0061165180349,491.90849009233483,637.0772839349244,495.6671341503436,636.9031423060683,499.42239492520986,636.4757276028665,503.1572530085525,635.7904579385257,506.85348924767743,634.8730519542215,510.49936208714126,633.8089866725219,514.1055260024083,632.724655007319,517.7057253947864,631.7153776209827,521.3275732919298,630.818235743539,524.9787978492882,630.0263136473677,528.6543099953575,629.3283217279022,532.3488397477315,628.702071250923,536.0562551719612,628.1157599656599,539.7702252340559,627.5410530309856,543.4860152744027,626.9683530289699,547.2021152490522,626.4044524012966,550.9195576418072,625.8654294343215,554.6406788755264,625.3709538645511,558.3679563988151,624.9496787096508,562.1041696437863,624.6179991281275,565.8493869067763,624.4319180834422,569.604223085151,624.5224096074922,573.3620969395992,624.9029626707951,577.1019086916409,625.5478327756201,580.8054390275331,626.4337990529633,584.4589058805773,627.509778201158,588.0614639640005,628.5877402679706,591.6635011807673,629.5734247824453,595.2918763718119,630.469465434833,598.9434177276117,631.2743490753103,602.6161453834126,632.0075447933109,606.3038968233476,632.6936734780551,610.0007205793692,633.3571092801591,613.7016972587803,634.0273869727207,617.401432695794,634.7498056886266,621.091290145414,635.5497342765001,624.7651066806883,636.429734115391,628.4205775700966,637.3830013097845,632.0576426446075,638.4018897141922,635.6768845169235,639.4788255148272,639.2792906213707,640.6063408343649,642.8661966898919,641.7770918248312,646.4392323569842,642.9838636909844,650.0002700888731,644.2195845548248,653.551371126184
335,634.150179243578,476.0147121883578,635.4278948078966,479.5497160702163,636.4027014894772,483.1800176392209,637.0766844759685,486.8780585525133,637.4503546806519,490.61840115487894,637.5187126071232,494.376707930183,637.2742993113957,498.127620968451,636.7081779161317,501.8435220329421,635.8185855263482,505.49554563086264,634.6292276673739,509.0615017437074,633.2134650599186,512.5443082495859,631.6861700096724,515.9800825039139,630.2061254395857,519.4361863230432,628.9639474077885,522.9838712984292,628.0349766767116,526.6260992958858,627.3342451765258,530.3199836151441,626.7185455610839,534.0291598437752,626.1570039785067,537.746931819748,625.6517694935848,541.472762044659,625.2141107419297,545.2071131272633,624.8588712073122,548.95017362567,624.6033844067938,552.7013257663757,624.4637638581133,556.4585403765235,624.4456525856355,560.21831048356,624.5428793179204,563.9768937509485,624.7411845693358,567.7315409445985,625.0190365993049,571.4811768319373,625.3718157662487,575.2244917601828,625.768495167103,578.9634758215949,626.170209507799,582.7017283295618,626.9145915165797,586.384204604278,628.0816407328831,589.9572627043793,629.4378027505337,593.4640576133424,630.7585649073167,596.9841295912411,631.8305344497978,600.5867267610759,632.611878680444,604.2639161723099,633.1873865764164,607.9792496521796,633.629467703377,611.7130492762986,634.0323023156926,615.4513750817314,634.5035588632616,619.1815250872078,635.1240314367527,622.8896371212703,635.900732489419,626.5683241592507,636.7542514237363,630.2301230289333,637.6397763288066,633.8843197825946,638.5534190378606,637.5315899739071,639.4921597671464,641.1724829619935,640.4529889973346,644.8076108306582,641.4329086897334,648.4376404179933,642.4289325561609,652.0632855043649,643.4380994813205,655.6852952688512
336,635.2667180714637,480.8004049070694,636.0555201507758,484.47585970888684,636.5865717848535,488.19745259161493,636.8787253777016,491.94545638506344,636.9410912141321,495.7043416787625,636.7739351892279,499.46000580726206,636.3668375605804,503.1971827785972,635.7029607043784,506.89728519779186,634.7772785350197,510.5407862164765,633.6411764912173,514.1246371961012,632.3831223789877,517.6678282531475,631.0912205463065,521.1988859815066,629.8148234778174,524.7355624911695,628.5899016858398,528.2903491213435,627.4606433935614,531.8765409560193,626.4902310758458,535.5086515958287,625.7632743804998,539.1966697666036,625.3878512830012,542.9361454716144,625.3150049647638,546.6949932764207,625.3188662510576,550.4549366147555,625.1927696834565,554.2124263596505,624.900598012881,557.9607961361082,624.5107645526944,561.7004778857179,624.1282932824178,565.4409007976137,623.8554656048592,569.1907272497523,623.7415564334301,572.9486674093421,623.7669065204354,576.7084266484012,623.9418112320619,580.4637201480919,624.4313261128713,584.1903187544104,625.2252683391387,587.8647267626527,626.2325785809901,591.4869047509702,627.3665149363759,595.0717211997987,628.5453988431365,598.6421001785786,629.6954638408299,602.2218373410924,630.862439983531,605.796019864273,632.1018559732049,609.3458335270976,633.2602373010914,612.922534313886,634.1659384599823,616.5707115404829,634.9053940271226,620.2572343502359,635.6969256138065,623.9328801988813,636.557953476661,627.5928958753059,637.4612128071694,631.242750464986,638.3896392187041,634.8862873049567,639.3403643698047,638.5240706049547,640.3109687838195,642.1566015511399,641.2990407955981,645.7844211520314,642.3021768329331,649.4081051611604,643.3179812151965,653.0282590957042,644.3440655380873,656.6455133521044,645.3780487057215,660.2605181318179
337,636.0691795219329,482.1557385775463,636.7824164812123,485.84628861184916,637.1933376268485,489.58281231105036,637.3329825145738,493.33948345727754,637.2343781723862,497.09760665116096,636.9213990149999,500.84406524389124,636.4100414896011,504.568685182837,635.7080115746913,508.2621201126764,634.8172386778377,511.9146353127681,633.7463943690906,515.5185505184343,632.5433658857457,519.080745922189,631.2898666124992,522.6256167696372,630.0789906032036,526.1851882313038,628.9810438873708,529.7810424245672,628.0319464245244,533.4189567729059,627.2343719996691,537.0931250539977,626.5699835791241,540.7937518815116,626.0216326958715,544.5134033262203,625.55340269226,548.2440656270293,625.1582630310432,551.9831198845385,624.8416336966288,555.7297189173669,624.5159618840404,559.4755532427563,624.2542348271828,563.226206319078,624.0682761904025,566.9815693354966,623.8458604483693,570.7349515123183,623.6632028610825,574.4903815593175,623.6331224908167,578.2497426033891,623.8772080791119,582.0005131977648,624.5280373178477,585.7011474191809,625.7086547778673,589.2667785793815,627.2456207644855,592.6981214617305,628.6072319395228,596.2019196786082,629.781629043677,599.7735865787779,630.8267987736524,603.3851244158509,631.7260955085438,607.0357141842873,632.4892270501471,610.7172604034729,633.1586770229244,614.4171029076706,633.7900565257905,618.1236826652766,634.4329675472977,621.8282713208712,635.1117531653707,625.5264526159715,635.8082904984819,629.2213433332929,636.5093647518901,632.915376124574,637.214203972399,636.6086924336086,637.9223193693227,640.3013820418572,638.6332223401495,643.9935360414274,639.3464244461962,647.6852466392396,640.0614373853012,651.3766069616563,640.7777729619664,655.0677108595241,641.4949430554997,658.7586527135452,642.2124594279455,662.4495272707462
338,636.289727513563,483.1936506088346,636.9279909774135,486.89807145893724,637.2840778491175,490.640330316514,637.3806200123897,494.39838445167635,637.2385288699899,498.1550936017544,636.874805329984,501.8969219163399,636.3024896574517,505.61261285437666,635.5303302693839,509.2919884029657,634.5633879588448,512.9250620181991,633.4155751776555,516.5051861160591,632.1223887198362,520.0355882188711,630.7430198383996,523.5333694324745,629.350428522753,527.0259342962124,628.0197000137941,530.5424132021953,626.818097035553,534.1048879982231,625.7951770963774,537.7225821831814,624.9750947966857,541.3915019539809,624.3740603153072,545.1025467432687,623.9985183850102,548.8431572817124,623.823327523292,552.5987533090885,623.7648485687027,556.3582105491987,623.7409118786932,560.1181053735847,623.7090290778467,563.8779400716969,623.6685809303724,567.6376937655629,623.6355692533626,571.3975156833999,623.6384619969322,575.1574594780708,623.685020471857,578.9171282847669,623.8228278405837,582.6742019503662,624.2289251900421,586.4110790353168,624.9258746343565,590.1050703418766,625.8666985385116,593.7448421129352,627.007680540222,597.3271066685386,628.2866692527064,600.8627953551912,629.5148058043691,604.4162403232666,630.5917579477685,608.0184342117784,631.5442464723128,611.6556176976594,632.4074564285011,615.3151113623826,633.2400118195939,618.981749295307,634.0862640284703,622.6452428007215,634.9523698314483,626.3041005825037,635.8073295019531,629.9655708619107,636.6216929817693,633.6362577623507,637.3684175096048,637.3212579219232,638.0306439647309,641.0223720639631,638.6126326760675,644.7369618811481,639.121438411255,648.4622934565666,639.564232999649,652.1960573485911,639.9482431774237,655.936333796075,640.2807043209947,659.6815525829379,640.5687712520979,663.4304542030736
339,636.7762838647443,484.46851735556066,637.3994845669746,488.17568664105613,637.755194852893,491.9179719432517,637.8348525131269,495.67625088210593,637.6348821595622,499.4300324176373,637.1519423932939,503.1579546760757,636.3930625506905,506.8397240445479,635.3863470944502,510.46180229062037,634.1836101038119,514.0238582204836,632.8442403610011,517.5370342328245,631.429558679873,521.0206912647809,630.0005172845594,524.498506480783,628.6143096072619,527.9935546596379,627.3176981800558,531.5227257418059,626.1480986252341,535.0958971639061,625.1357639993458,538.7166705527106,624.3040649311796,542.3830800398167,623.66622263544,546.0881045987843,623.2323102524564,549.8224643544601,623.0633185743379,553.5772280318723,623.3327735914609,557.325275458801,623.9142313863535,561.0396671915837,624.5360456492162,564.7477614194624,625.0084045127561,568.4776560412587,625.3454505788126,572.2223490291028,625.5872141803161,575.9744745587159,625.7795072218836,579.7295203141147,625.9820329404605,583.4840133657907,626.2600854649077,587.2335510894662,626.6913620869698,590.9682700335173,627.3848429263791,594.6624745566145,628.3649141849928,598.292092967957,629.3745496095762,601.9139090188067,630.2895365543479,605.5607050808813,631.1242303892207,609.2268342701121,631.9393847110317,612.897379680013,632.7520064406425,616.5684871636047,633.5713955678473,620.2380886484704,634.4058775779062,623.9042847684472,635.2634753451518,627.565137540683,636.1530447247462,631.218348162549,637.0757544354892,634.8633326871561,638.0121513652925,638.5048353720099,638.9348579717914,642.1498280530233,639.8409205443074,645.7989940513103,640.7312645052592,649.4520273236911,641.6068190288322,653.1086338336747,642.4685164448315,656.768530927169,643.3172917595098,660.4314466728555,644.1540722403632,664.0971214620581
340,637.2311406167909,488.193272179949,637.6593909173503,491.9282173265549,637.8605182416308,495.68220569493894,637.8175274905948,499.44120609118227,637.4995997925485,503.18675085110823,636.8581208516284,506.89017675571915,635.8531714757519,510.51170027843636,634.5036896562208,514.0200107397889,632.9464845230284,517.4421178888374,631.3238179173702,520.8339191052469,629.735146024621,524.2417178080452,628.2357799600144,527.6896176243285,626.8739442192875,531.1939533248728,625.688571134483,534.7617090150792,624.7089461533411,538.3912457671499,623.9542166658727,542.0740890347256,623.4230481135216,545.795818252788,623.0953900852029,549.5410905051507,622.9444696306089,553.2977316172903,622.9496591357481,557.0574579008684,623.0980648566504,560.8142887215486,623.3829762519879,564.5632499258352,623.8016348624233,568.2996429149512,624.3503214983868,572.0191902327355,625.013279994531,575.7201335731925,625.7587588962213,579.405416871627,626.5404254404547,583.0832384294467,627.3056261883385,586.7645053025157,628.0170359549273,590.4565143630125,628.6722782303696,594.1589262581109,629.2942472296913,597.8670942574744,629.9125162542781,601.5758837476352,630.5522151577406,605.2810262245238,631.2324120877447,608.9789339724797,631.958252075606,612.6681614282531,632.715948434246,616.3509923757762,633.4814357124953,620.0322167379879,634.2378257047706,623.7153186520607,634.9710441909366,627.4030939177211,635.6666298389063,631.0981463035014,636.3240525389964,634.8001815949643,636.946083925547,638.5083299072846,637.5355173457359,642.2218014482261,638.0951615621639,645.9398809668616,638.6278354059631,649.6619218665854,639.1363635234861,653.3873400412145,639.6235731194437,657.1156075191569,640.0922915931288,660.8462459832401,640.5453449610291,664.5788202179806,640.9855421736064,668.3129332479047
341,637.8418015494302,492.41925148408785,637.9579669791794,496.17676975255483,637.8118318357697,499.9330364456144,637.372033542837,503.6661664050018,636.6273741790582,507.350646415039,635.6141831341216,510.97082405167174,634.3954127798253,514.527413245471,633.0436051744734,518.0358498837398,631.6320090719448,521.5207762433399,630.2250745664335,525.0075811963444,628.8717437907402,528.5154838367777,627.6072647821281,532.0563133013017,626.4616257482371,535.6372719710702,625.4658349052215,539.2626498686791,624.6488891085802,542.9323636488672,624.0289470279754,546.6404278650024,623.603384002242,550.3758450526758,623.3545508235902,554.12727007889,623.2625549483719,557.8858762118325,623.3108894547955,561.6453422288935,623.486393459098,565.4010531887697,623.7786882083268,569.1495070211616,624.1794633445129,572.8879356790482,624.6822309134867,576.614030292869,625.2817868649782,580.3257920252805,625.9711798630027,584.0219394760517,626.7364876519513,587.7031500392238,627.5541794741654,591.373115530203,628.3904689855055,595.038903519206,629.2033373611671,598.709934031788,629.9612527457855,602.3926753640478,630.656434717862,606.0877866778419,631.3075974549757,609.7909315539229,631.9388051499097,613.4975413434563,632.5761904378401,617.2030900948552,633.2402961908074,620.9039365127953,633.9370938033721,624.5987671931413,634.6609489347194,628.2883977226227,635.404590346897,631.9740941580254,636.1621366926155,635.656959553566,636.9288413337581,639.3379299922341,637.7031207959445,643.0173146598455,638.4843866824435,646.6952222815145,639.2721079559329,650.3717527981238,640.0657554512436,654.0470086579281,640.8648005253312,657.721094862849,641.6687150356986,661.3941187361188,642.4769713117959,665.0661896913023,643.2890421201098,668.7374190026358,644.1044007649986,672.4079195459368
342,637.9167812795828,494.70705386635376,637.8367250103229,498.4650919414781,637.4547911493901,502.2047009385247,636.8033471042547,505.90708516053814,635.9200455699331,509.5612984273986,634.849357500066,513.1652711841198,633.6408479037343,516.7255714229578,632.345418440414,520.255284870534,631.0104642270218,523.7702888432133,629.6808924264616,527.287325953954,628.4010063105707,530.822688771252,627.2155255016243,534.3907102490082,626.168169604489,538.001553454739,625.2961982429152,541.6585832036913,624.6205972732909,545.3569061201305,624.139536748483,549.085588578586,623.8317432195436,552.8326574090662,623.669559686895,556.5889406104635,623.6245719070582,560.348525749273,623.671339457545,564.1081330244223,623.7923666145276,567.8661045335303,623.9810430563963,571.621289632353,624.2384990186137,575.3723807592205,624.5696954023917,579.1176718906644,624.9809512844633,582.8550065720827,625.4801786621401,586.5815924186579,626.0772360589153,590.2937351237821,626.7819369427053,593.9869367143938,627.6022701679353,597.6561425067586,628.5686973916482,601.2894683344002,629.6816999952803,604.8807406943716,630.855482544159,608.4527821204473,631.9095883921257,612.0615631432137,632.7876990946402,615.7172229592006,633.5135097969469,619.4062639790434,634.1240781738613,623.1162287380614,634.663733987301,626.8372470616949,635.1879288395875,630.5604952903685,635.7673906797413,634.2754407745192,636.4566714017045,637.971565555971,637.2245521848783,641.6522704974666,637.9681096643902,645.3379067107229,638.6199490904462,649.040847553016,639.1830783491662,652.7583276112638,639.6643872236057,656.4872971049803,640.0709006325802,660.2251720351173,640.4097045106544,663.969802229895,640.6878891468195,667.7194326853863,640.9125085831419,671.4726611629147,641.0905221503689,675.2283957957133
343,638.2421982460597,498.7093108253414,637.8967441418456,502.4523175108667,637.2442516295068,506.1541972663135,636.3082592543152,509.7949664527701,635.1448598173938,513.3699880967116,633.8408953325793,516.8964792962566,632.4756629759809,520.3998282826525,631.106418639417,523.9016168216743,629.7758993875312,527.4182575460337,628.5275547150164,530.9648044433856,627.4078586644304,534.5539021481526,626.4524979034569,538.1900958394169,625.676522478622,541.8687566920136,625.0726246492492,545.5796013960243,624.6271499378482,549.3128354098412,624.3249875193267,553.0604423347891,624.1517110784466,556.8162545778316,624.095810169627,560.575668230202,624.1526410374363,564.3350723338699,624.3239159547351,568.0909909889184,624.6124697490229,571.8397224290626,625.0152252401899,575.5779288782954,625.5182594233128,579.3040053486861,626.100595427913,583.0185560993788,626.7362113780296,586.7243960140828,627.3968673510083,590.4258692047878,628.0608185683448,594.1267545170729,628.721319880621,597.8282572250747,629.3813455593554,601.5298448071551,630.0446530225349,605.2308454896746,630.7138895323029,608.930778277746,631.3926107263054,612.6289819776786,632.0859308783884,616.324474527383,632.7990871995534,620.0161889648383,633.532981455529,623.7038371362381,634.2853821427627,627.3877554075798,635.0533227588828,631.0684664796419,635.8349850741743,634.7462883495723,636.6293492752822,638.4213881658809,637.4323924701555,642.0946024863374,638.2402199956273,645.766767764252,639.0521509921161,649.438027968965,639.8677685271447,653.1084709578973,640.6866559375757,656.7781858435935,641.5083968065039,660.4472628504914,642.3325749375024,664.1157931722514,643.1587743265646,667.7838688295973,643.986579132071,671.4515825285972,644.8155736431231,675.1190275193203,645.6453423515118,678.7862974310519
344,638.1227024102825,492.9549820529586,638.2600157332604,496.71157028014454,638.103991560363,500.46727611385194,637.6294991060035,504.1959801429223,636.8256047489933,507.86773837556694,635.7126771381949,511.45820941130097,634.3478241027727,514.9610955063764,632.8108540840701,518.3923384513757,631.1871399692866,521.7836117426907,629.5683607519711,525.177226535636,628.05784968591,528.6200539217988,626.7669290516809,532.1505481217293,625.756003162239,535.771016523742,625.0290989969542,539.4592125414382,624.5544068938789,543.188477939302,624.2979977954824,546.9392503432298,624.2251714200631,550.6982135693371,624.3039643314112,554.4571517788719,624.5074155233665,558.2114760477107,624.8116149611272,561.9590327133113,625.1955654590645,565.6992949654897,625.6377349335463,569.4331523281259,626.1180133363541,573.1623114231288,626.6259165626714,576.8878165192651,627.1359211706684,580.6130373176833,627.6667965927809,584.335298321431,628.2510781796236,588.0495901395144,628.7896880249804,591.7707507273403,629.3856358621391,595.4829268022297,630.0967629639538,599.1750032826086,630.8203007849639,602.8647021086841,631.5517479200046,606.5528382261352,632.3032581160603,610.2369374176403,632.9741023782301,613.9361420618126,633.426668448351,617.668418165526,633.7773654815695,621.4119719683729,634.0826258820858,625.1595123492518,634.361811031974,628.9091033018316,634.6473523419442,632.6582123780369,634.9631493266068,636.4048810162054,635.3250554067233,640.147365432426,635.7347639231116,643.8849276738772,636.1794596530968,647.6185015213789,636.6395756906151,651.3502136973726,637.0906909511864,655.0830201309116,637.5195781486591,658.8184450870906,637.9270820023239,662.5562639644459,638.3147400079196,666.2961938760151,638.6840933059924,670.0379765175009,639.0366673576525,673.7813780345701
345,638.7516442619228,499.97314283445877,638.3458744620585,503.7102989753322,637.6633987812762,507.4069436895824,636.7105143642143,511.04332814987754,635.5122139361263,514.6065808047231,634.1158602521842,518.0972736149743,632.5866614049336,521.5320903956305,630.9935785613505,524.93787718427,629.4133866758594,528.3496325077161,627.9272998981613,531.8032079083019,626.6063686302107,535.3230441072543,625.4813201920255,538.9102335114461,624.5578663716761,542.5545626088219,623.8298915632071,546.2429662384187,623.2873381668862,549.9632241638103,622.9171231933412,553.704621539544,622.7050464704882,557.4583566697163,622.6372730986795,561.2175090939484,622.7012937594045,564.9767615576379,622.8859096708414,568.7320519861663,623.1806877152733,572.4803282961852,623.5766596875887,576.2192851488078,624.0662599530316,579.9471549033581,624.6400987848576,583.6630058111715,625.294398961275,587.3655356931997,626.023171950421,591.0541526589728,626.8128086149854,594.7302327640192,627.6573422786493,598.3941086504989,628.4986370456929,602.0587216765019,629.2705107057681,605.7385353640834,629.9657209797066,609.433634763792,630.6292434434638,613.1345963315092,631.295081988715,616.8351412333435,631.9759051975116,620.5329567478865,632.6749511460674,624.227369886624,633.3931933940113,627.9180993858656,634.1253778940237,631.6060911265736,634.8594201468383,635.2937140562724,635.578555586683,638.9842670790727,636.2657991062493,642.6808795103402,636.905286299752,646.3860360699882,637.4891955220686,650.1003576911874,638.0207612789134,653.8225358774588,638.5041583534304,657.5512802301406,638.9436002155516,661.2854641496631,639.3433225943529,665.0241121819018,639.7075706575268,668.7663863152388,640.0405894839914,672.5115716137329,640.3466174783453,676.2590614856431,640.6298530880924,680.0083449612694
346,638.6723712661785,502.72065519986717,638.0620667176089,506.42971434053175,637.1410757261251,510.0739365836522,635.9133066691337,513.6267336398034,634.4278751456383,517.0801543508354,632.7705677532,520.4549391779465,631.0474141236325,523.7968094749556,629.3726948006534,527.1630450078966,627.8558391847405,530.6028845197474,626.5726700471519,534.1362216191649,625.5600065032395,537.7563219596334,624.8179564791918,541.4415611425354,624.3206354452162,545.1678982378027,624.0418628073052,548.9170513613276,623.9584274546683,552.6757241624296,624.0463966583856,556.4343957930297,624.2768057098862,560.1871201422464,624.6216665387759,563.9311300756995,625.0544001738217,567.6660540968063,625.549130662408,571.3933083471356,626.0793220640484,575.1157058988689,626.615321399239,578.8372759662764,627.1379381540959,582.5607461406876,627.6507817606599,586.2855781501803,628.1830025033313,590.0076785873181,628.7588397188435,593.7232644632957,629.3769093512763,597.4320766980078,630.0128212012331,601.1378828107139,630.6371683432978,604.845649130926,631.2319349537117,608.5582673187683,631.7927657090272,612.2761654625294,632.3237373271965,615.9984484426709,632.8293710927188,619.7242600682151,633.3124284053268,623.4530671428939,633.7759074461665,627.1843598988756,634.2237737789978,630.9175603375273,634.6603853247885,634.6520948241192,635.0892768116693,638.3875243284683,635.5128126432913,642.1235650704244,635.9322239863475,645.860071141671,636.3472276463087,649.597069117841,636.7541717615188,653.3349526221897,637.1513123262732,657.0738905080804,637.5392000130046,660.813799762028,637.9184451194477,664.5545954146651,638.2896584670434,668.2961967341528,638.6534513042682,672.0385269320998,639.0104352235658,675.781512867586,639.3612220907866,679.5250847496537,639.7064201202132,683.2691761927529
347,637.6842916507212,509.3265249525114,636.5077957741954,512.8964129930438,635.0432153146958,516.358505770399,633.3717227720588,519.7261297253328,631.5904925604734,523.0373538309312,629.8009421308816,526.3441121827412,628.1137894279377,529.703914898245,626.6428423474599,533.1631783817612,625.4686085504197,536.7338371072914,624.6088610116284,540.3930922670096,624.0341174882763,544.1080788627933,623.7047267115181,547.8530306481686,623.5839346299811,551.6106559475346,623.6405661932918,555.3699076724938,623.8481271839366,559.123934146846,624.1833817661793,562.8687781571872,624.6255186733882,566.602557945857,625.1555787208492,570.3249089898114,625.7559642647037,574.0365931103216,626.409949888565,577.7392289474284,627.1013210828933,581.4350802373165,627.8139629179296,585.1268970588378,628.5313632240701,588.8177939834711,629.2370458349616,592.510944891248,629.9179843396422,596.2087327006446,630.5672399118273,599.9122122557882,631.1838833004556,603.6212617869248,631.7696556569566,607.3353136777803,632.3267475591766,611.0537768504314,632.8568271394448,614.7761876751266,633.3619640577297,618.502067314157,633.84980149753,622.230255509971,634.3322508244602,625.9591463598844,634.8217022634831,629.6871231001603,635.3265188577044,633.413047909013,635.8524816931523,637.1360441302866,636.4050698564536,640.855178023042,636.9885087114194,644.5695964580623,637.6015557837387,648.2792446011317,638.2420037943888,651.9842618041241,638.9076499221618,655.6848361701635,639.5962976838324,659.3812003490374,640.3057582206584,663.0736273695004,641.033851079399,666.7624265252025,641.7784045395665,670.4479393295247,642.5372555384777,674.1305355482997,643.3082492449116,677.81060931387,644.0892383310583,681.4885753191718,644.8780819911071,685.1648650864918,645.6726496035085,688.8399222512217
348,636.800213280952,511.0186129829191,635.6384239404019,514.5934097273914,634.1617173663457,518.0497959775487,632.3870955792802,521.3635301017358,630.4577831509247,524.5906752113414,628.8356577910909,527.9780831857926,627.9149651321954,531.6152325589778,627.5679923862166,535.3587066319811,627.0793503065518,539.0862783901589,626.5777942498743,542.812429477522,626.1921703203373,546.5525003562402,625.8816584444087,550.2995539273717,625.6616449769107,554.052986767951,625.5320261282241,557.8106377112271,625.4927970268043,561.5703104306792,625.548675010009,565.3297625336678,625.7045312837047,569.0863870597624,625.9649381947771,572.8372075299343,626.3272737047835,576.5795732424656,626.7795346323643,580.3121731849512,627.3016877604367,584.0356733671493,627.8702641657147,587.7523927469468,628.4636339006574,591.465245777644,629.0656112344261,595.1767154348966,629.6668147351954,598.8883104723336,630.2617841171926,602.6009093522133,630.8473704204423,606.3149993140905,631.4223409686633,610.030747457151,631.9873109344876,613.7480296154257,632.5443684144954,617.4665061879414,633.0963611109963,621.1857383336641,633.6461671324804,624.9052944903012,634.1961398564616,628.6248259982541,634.7480235377395,632.3440743803922,635.3033716901973,636.0628069168212,635.8634921607575,639.7808235193723,636.4297530717681,643.4979095753404,637.004411764968,647.2137064130495,637.5844294327999,650.9286712535556,638.1657962159724,654.6434252596933,638.7480456566738,658.3580410243586,639.3309921589091,662.0725474636627,639.9144501440603,665.7869735980281,640.4982340448518,669.5013485246433,641.0821583009147,673.2157013896604,641.6660373543075,676.9300613604056,642.2496856450086,680.6444575975895,642.8329176064215,684.3589192275185,643.415547660908,688.0734753142954,643.9973888718421,691.7881550423732
349,635.9613536910223,512.9254464320034,634.3266190191999,516.3109223137599,632.54567358829,519.6221833203256,630.707142097786,522.9019945937151,628.9146998710517,526.2070430816555,627.2914154808486,529.5977554177624,625.9446037020334,533.1068578995055,624.9226262651273,536.7240816222551,624.1872235986425,540.4106514773976,623.682391049199,544.1361125003425,623.3638203545546,547.8822438247875,623.2027686009882,551.6385295244335,623.1785151814462,555.3982424087052,623.2757771989938,559.1568108582521,623.4829227831451,562.9109508154096,623.7909523172871,566.6581792719521,624.192832764131,570.3965198370685,624.6829941066306,574.1243221925789,625.2569925994869,577.8401458884035,625.9109554087826,581.5427397121878,626.6394457673398,585.2314085093561,627.4289918080614,588.9075165155751,628.2563009945826,592.5753354848121,629.0922644095868,596.2411976613301,629.9082286987269,599.9115509230301,630.6797182774546,603.5914856516539,631.3846265688204,607.2847202957657,632.0054551754298,610.9929913344245,632.5349606406154,614.7154028653644,632.9833454871817,618.4484840802936,633.3710549742713,622.1883864334441,633.721815369745,625.93195382838,634.0580420853702,629.6768616564816,634.4013690559974,633.4211218024436,634.7737637460705,637.1625883446001,635.1976141771564,640.8985497146979,635.6904183117623,644.6260313169483,636.2467468317748,648.3445853172823,636.8320973971126,652.0587130862227,637.4146809558259,655.7732761538579,637.9921032843931,659.4886450538511,638.5646191759013,663.2047731966916,639.132483661313,666.921614994069,639.6959519679658,670.6391258114567,640.2552795007701,674.3572619170202,640.8107218247106,678.0759804302519,641.3625346485738,681.7952392703556,641.9109738098315,685.5149971044119,642.4562952605936,689.2352132953444,642.998751909447,692.955848307331
350,636.0807170958694,514.5594317033292,634.4728964050937,517.9574909616941,632.6781200013256,521.2611502858188,630.8012543875961,524.5191662839246,628.9579357229005,527.7961620950523,627.2477711766076,531.1442145923614,625.7485460633236,534.5915296009391,624.5146030340276,538.142225768484,623.5703562287481,541.7806746978754,622.902138039086,545.4800206941836,622.4729112394501,549.2148822621914,622.2412214130527,552.9673581026977,622.1704489074302,556.7264345171023,622.2312492077937,560.4857596028667,622.4004946108652,564.2418133055323,622.6601589868689,567.9927309618954,622.9974332210855,571.7374877800113,623.4006359277871,575.4757378448313,623.85535734844,579.2080911916195,624.3418074013866,582.9364578916342,624.834685545714,586.6639841371469,625.3102213426973,590.3937545969499,625.7609647588433,594.1266065481135,626.2069671382861,597.8600287683687,626.695614361179,601.5880565705347,627.2846063397238,605.3014151125279,628.0348944786531,608.9853378354212,629.0010332592981,612.6183962740226,630.19930666511,616.181796019723,631.4966367922837,619.7108574987294,632.7284775585226,623.2631120698137,633.8054237132726,626.8652083812175,634.7203310151586,630.5118719348675,635.4826412660976,634.1935043143258,636.1093166555607,637.9007104235055,636.6252552914366,641.6250059017935,637.0549419735235,645.3602843614734,637.4257055421343,649.1019089733107,637.7682927467955,652.8462388098169,638.1244243802247,656.5892832856639,638.5533574346623,660.324621733433,639.0588616604433,664.0504093593267,639.6248546088157,667.7675000966547,640.2448345044126,671.4759754918769,640.9128349406599,675.1761089793299,641.6229173758942,678.8684032660072,642.3691844837748,682.5535593625965,643.1457867778508,686.2324462819903,643.9469235537991,689.9060717653103,644.766860716048,693.5755493368966
351,635.8263799542196,516.7831387844634,634.0434289655799,520.0932711378905,632.2349831375901,523.3896674788808,630.6103630046053,526.7793662616825,629.2879317095471,530.2977733921942,628.2476529373988,533.9103289603055,627.3854520748861,537.5698340429072,626.6819290194061,541.2630965453318,626.1328975136672,544.9825285941807,625.7217554509383,548.7197613596101,625.4362248919289,552.4687168096453,625.2652255355199,556.2246666718031,625.1991036511406,559.9839459770519,625.2297239644105,563.7436977676927,625.3502233019343,567.501655090394,625.554994586475,571.2559728258699,625.8396258073122,575.0050882714303,626.2008982812025,578.7476000009912,626.636907122972,582.4821441553514,627.1472839659492,586.2072534061156,627.7309381783837,589.921589565855,628.3832217915489,593.624502213778,629.0936318641027,597.3167210971997,629.8464374023395,601.0005467062839,630.6234370362496,604.6793559191525,631.4063533423255,608.3569129636983,632.1788928448632,612.0366604361298,632.9282674682526,615.7211892856168,633.6458514754792,619.4120366056023,634.3267497417062,623.1098250409098,634.9684892751359,626.8146080987237,635.5688427031058,630.5263205834387,636.1266920091396,634.2446584281882,636.6435755279005,637.9689154197533,637.1247838642659,641.6979552254953,637.5785938110581,645.4304340872555,638.0154696239755,649.1649372254776,638.4477051514265,652.8999816119709,638.8901217702379,656.6338295032593,639.3606729529611,660.364228303227,639.8561469760346,664.0914078608856,640.3646991417494,667.81682709529,640.8838958694523,671.5407781372942,641.4121486910446,675.2634556641278,641.947870687016,678.9850659259826,642.4894763249335,682.7058247055368,643.0353812152719,686.4259552888367,643.5840018001356,690.1456864461036,644.1337549929953,693.865250420109,644.6830550539873,697.5848813226609
352,635.2239442624527,519.964713871293,633.5553375596218,523.3336941502062,631.7301962805186,526.6206782166423,629.7997849618861,529.8471971223285,627.872004116586,533.0752583863721,626.1309352627915,536.4063360030184,624.7526836233324,539.902686907875,623.7285213647555,543.5191446998705,623.0043088611495,547.2078661276225,622.5277440860918,550.9369395244655,622.2596236141792,554.6869306884048,622.1700011510954,558.4455321558511,622.2364048089692,562.2046825418183,622.4416248882778,565.958859184146,622.7722276198319,569.7041091245179,623.2176305150364,573.4374707596679,623.7691252051342,577.1566589090166,624.4197969421028,580.859796139229,625.1629196916477,584.5455102270254,625.9882661906847,588.2137125975464,626.877082863889,591.8670881675254,627.8035205571067,595.5111313910103,628.736093859377,599.153613839996,629.6408120472237,602.8030956687369,630.492956999405,606.4651791301533,631.2523140031186,610.1475021057298,631.8861382669897,613.8535063376169,632.4218430526677,617.5750622375151,632.9237701685969,621.3013810047572,633.4356561022726,625.0263413465572,633.9668264642986,628.7486010117129,634.512586648151,632.468751212433,635.0698231809683,636.1872001959863,635.6368979276584,639.904161845234,636.2127307954852,643.6197768977792,636.7968115893843,647.3341044156359,637.388747291333,651.0471883042582,637.9878977642935,654.7591149694537,638.593342634926,658.4700203076534,639.2032855338155,662.1801892938043,639.8122211919576,665.8905236338427,640.417202049258,669.601504852163,641.0183704520551,673.3131056039376,641.6159568136458,677.0252847845816,642.2101916620717,680.7380019572657,642.8013056287508,684.4512173104971,643.3895294379729,688.1648916155461,643.9750938971566,691.8789861837406,644.5582298878111,695.5934628236429,645.1391663247889,699.3082841157677
353,636.9273936560152,514.5273950685759,635.4246622257336,517.9735548163234,633.7762079902011,521.3527147102832,632.0574414492258,524.6968360621875,630.3609983983542,528.0522851626338,628.7561817455214,531.4523705248087,627.2638702012467,534.903366866073,625.8606154497751,538.3915893553929,624.5281465507225,541.9074647474913,623.3007054224674,545.4611931673159,622.278250891213,549.0785211433514,621.5855070956568,552.7726223921219,621.2602953516879,556.5171003273947,621.2370748685153,560.276320727558,621.4289046847715,564.0310192852938,621.7807645086708,567.7742809099701,622.2499787938569,571.504753463644,622.7979966926015,575.2245324843313,623.3876508541961,578.9379736656646,623.9855092404279,582.6501088620272,624.5697559075422,586.3644067094472,625.1355956865384,590.0815542983169,625.6891399854883,593.8005553630758,626.2404148901386,597.5198940287587,626.7986564396276,601.2381920165578,627.3730634801111,604.95402335714,627.9784641562485,608.6649167027496,628.6402902848897,612.3661194506792,629.4062696445915,616.0469723658365,630.3941514649445,619.6739395073045,631.5462589102098,623.253022305221,632.6262074421426,626.8542806055291,633.5084212423018,630.508689019567,634.1806945513624,634.207635161847,634.672625672645,637.9349789596388,635.0217784331996,641.6785566774985,635.2860506109304,645.4291939073419,635.5193823545843,649.1819176076539,635.7646373942571,652.9338719998626,636.0591191507388,656.6822383169776,636.4456606018142,660.4221480573657,636.9588155676133,664.146735860564,637.5633496361604,667.857768123166,638.1639189083667,671.5694403089922,638.6863503582806,675.2928342566822,639.115278802697,679.0281699113085,639.458138937101,682.7724015476991,639.7225862407869,686.5230005687799,639.9163497374755,690.2779269864471,640.0471538286873,694.0355841070103
354,635.0435291716104,521.1791636793313,633.0654426802548,524.3766596824179,631.0857864181261,527.5731915265045,629.2417334356887,530.8492038640027,627.6513369048125,534.2549952245312,626.377119187565,537.7910982136569,625.413046226454,541.4243166521774,624.7221721654157,545.119547676151,624.2612199131355,548.8506622021968,623.9928397669187,552.6006979483792,623.8883451500564,556.3589659573217,623.9251424302329,560.118568318878,624.0850479300034,563.8749919770846,624.3533190538468,567.6252661300153,624.7178551239666,571.3674330755343,625.1686298907864,575.1002107401632,625.6972886978801,578.8227693355257,626.2969772163582,582.5345566919987,626.9624567825576,586.2351220398937,627.6872615294565,589.924536792677,628.4593796790572,593.604359339417,629.2578090369362,597.2785775879086,630.0539172569574,600.9532979211374,630.8184726383141,604.6346915284912,631.5225573257976,608.3280862960917,632.1419405688191,612.0366022037964,632.6779651844305,615.7581082712837,633.1676268696018,619.4860543611339,633.645912318097,623.2154806539555,634.1102455696296,626.9466651061425,634.5422130821155,630.6817236364549,634.9403281187016,634.4205501125684,635.3168402864425,638.1616200695486,635.6838221643359,641.9036391376245,636.0482987322641,645.6459033652718,636.4117964992078,649.388262767996,636.772257804103,653.1309156437375,637.1260508859956,656.8742041268642,637.4684671520056,660.6185490742566,637.7930423914474,664.3644798618208,638.0937300451544,668.1124013798812,638.3675770254789,671.8623792188198,638.6158693540737,675.6141369803569,638.840828766048,679.3673672225125,639.0446816614179,683.1218040335407,639.2296570855248,686.8772191664269,639.397985193878,690.6334181102367,639.551896138031,694.3902361230907,639.6936193227781,698.1475342450217,639.8253702875869,701.9051957383274
355,633.6753154790803,524.7300851813018,631.8881163519518,528.0381252926792,630.1051848057037,531.3484590278666,628.4063887171151,534.7025563296892,626.8563116717987,538.1276939616894,625.5021379801957,541.6347316695096,624.3716290194866,545.2200646228356,623.4672335743459,548.8690576319444,622.7745987713281,552.5642166658262,622.2742985505365,556.2903729692425,621.9515596364924,560.0361409488289,621.796312901213,563.7926125201525,621.8025250944892,567.5523010428121,621.9652027378852,571.3084939760877,622.2767453684369,575.0553093686215,622.7247278875931,578.7883111764502,623.2937380168818,582.5048341083115,623.9668146919397,586.2039665279376,624.7263052856352,589.8863631608409,625.5538913339907,593.5540859722082,626.4289946847153,597.2107868621584,627.3317228778941,600.8607778644218,628.235482790499,604.5105084788408,629.076709630398,608.1750567406331,629.794150027065,611.865680882885,630.326981467967,615.5871616722297,630.6998121743313,619.3285629384911,631.2661856916715,623.0443492965057,632.1287110945267,626.7033247296615,633.1898474192533,630.3101709104512,634.3177221000026,633.8969431432995,635.2714947465564,637.5331550187864,636.0177228054381,641.2180365603133,636.6149127629901,644.9300279774853,637.0645669894319,648.6627920046433,637.3846813451864,652.4089656206919,637.6118329700101,656.1620119680387,637.7720004129197,659.9185232210896,637.9332369817066,663.6748509945908,638.352993775804,667.4100690921495,639.0284483902666,671.1085265666492,639.7935486643117,674.789826005085,640.519018985103,678.4791036430378,641.1860319969887,682.1794014955149,641.7978998763357,685.8892210615124,642.35808066983,689.607200709829,642.87015468918,693.3321148632565,643.3378024683959,697.0628706843804,643.7647848486215,700.7985025710162,644.1549115803354,704.5381662090598
356,634.8778075707172,527.1846991910065,633.1504100704333,530.5242955238651,631.4339847116422,533.8693870757003,629.9597955644009,537.3266219994784,628.8952208747847,540.9302286793486,628.1026121996705,544.6056336530909,627.2717986363184,548.2726436971657,626.455879189961,551.942969285353,625.7400543025436,555.6339728880646,625.1549695529416,559.3479659712713,624.690853727828,563.0790232967488,624.3461290418312,566.8230026911893,624.1182274520282,570.5759153285558,624.0042152871576,574.3340183114785,624.0020940071806,578.0938543835506,624.1101617673664,581.8521411147125,624.3271980823098,585.6057145134566,624.650421776087,589.3516478439328,625.0736509923412,593.0876225329941,625.5863983812591,596.8123898572499,626.1756817118184,600.5258413038931,626.8269417261282,604.2289474128323,627.5243981384749,607.923648594351,628.2501151733954,611.6129159788617,628.9798658339214,615.3013906541186,629.7117672828524,618.9894375018101,630.4828254994145,622.6694363404985,631.3620728836163,626.3249264967645,632.4011114196351,629.9381318935709,633.548397035196,633.5187671164101,634.6717561367844,637.1069137923464,635.6657822173208,640.7328077358611,636.5024807291314,644.3982148807861,637.1897678379488,648.0946062240822,637.7465989245678,651.8129614135078,638.200127905844,655.5453902202639,638.5773221686165,659.2863502139274,638.9073892248042,663.0317951910276,639.2263640533284,666.7782103847757,639.5831184028356,670.5211648843901,640.0430327674538,674.2527162444131,640.6134282571862,677.9690835196535,641.2590337480291,681.6731598504626,641.9696064748468,685.3653338065283,642.7382230943849,689.0458714626661,643.5579935030422,692.7153625062161,644.4220860032456,696.3746771156567,645.3237413208689,700.0249237212121,646.2562771988838,703.6674084436975,647.213103377814,707.3035918123935
357,632.3326574251515,530.3349506900503,630.6462587054598,533.6949937283816,629.2070786448127,537.1674238933806,628.090854441635,540.756465198139,627.2815568630166,544.4274134088705,626.7195223912042,548.1445959907677,626.3528527241809,551.8863084934794,626.1427781645327,555.6401911381482,626.0594848805397,559.3990981383433,626.0785243125451,563.1589301260328,626.1795875372865,566.9174829322466,626.3486694192015,570.6736066696951,626.5800003405054,574.4264135595021,626.8734866687286,578.1748691863141,627.2317253744089,581.9176867598349,627.658362922406,585.6533193773557,628.1578895561381,589.3798979599494,628.7307352097675,593.0959185763415,629.3687164444209,596.8013320025505,630.0533297571228,600.498436621776,630.7596370618242,604.1914717264282,631.4587883921171,607.8858631102316,632.1175750060847,611.5876299773738,632.6985303380799,615.3023555641112,633.1892304966175,619.0300840336362,633.6190741427788,622.7653938399006,634.0427511002796,626.5014173855773,634.4870328510646,630.23504032656,634.9550638707441,633.9657634538088,635.4414757457874,637.6941367069644,635.9414585390766,641.4207157141703,636.4507856290093,645.1460299291386,636.9659457239313,648.870542420569,637.4839133325248,652.5946656898687,638.0018443134426,656.3187940499532,638.5168180943734,660.0433322932907,639.0259873873299,663.7686680930217,639.5251788820074,667.495352799378,640.010357085142,671.2238873527729,640.4818053514261,674.9541831401433,640.9405310419663,678.6860651081874,641.387543155991,682.4193685293562,641.8238519846193,686.1539382075199,642.2504688169851,689.8896276742514,642.6684056959733,693.6262983776003,643.0786752189588,697.3638188649588,643.4822903788902,701.102063961349,643.8802644410408,704.8409139443621,644.2736108507137,708.580253716559,644.6633391906983,712.3199723895362
358,634.0834835520895,531.3728721685994,632.1838894989091,534.6176959334841,630.3658174813838,537.9084936295899,628.7571984897518,541.305977455381,627.4313588479381,544.8232912708327,626.3968248927295,548.4371372908109,625.6341997519901,552.1181820569321,625.1112752185637,555.8410608585444,624.7935352501335,559.5871830731858,624.652186379945,563.3442028448742,624.6633802697141,567.1039377740842,624.8073059813928,570.8609852393124,625.067549365037,574.6118081812101,625.4305687735189,578.3541100022676,625.8852510499706,582.0864044743186,626.4224165815887,585.8077378128978,627.0348784774939,589.5174319736782,627.7167611054658,593.2150060771833,628.459315136144,596.9008901879974,629.246588735847,600.5775031695028,630.0556080385918,604.2494053224793,630.8590840410092,607.9225207137804,631.6285084821033,611.6028966558832,632.3343750723219,615.2959458694036,632.9523350448115,619.0046839883804,633.476606542043,622.7278484132003,633.9402676713753,626.4591040960329,634.3812328287779,630.1931274082723,634.8215926359949,633.9272227203977,635.263416331607,637.6611451139111,635.705943924014,641.3949841662098,636.148091273834,645.1288682550997,636.5889169880136,648.8629085876671,637.027829603364,652.5971742554301,637.4644114982265,656.331713110085,637.8982207423478,660.0665750251483,638.3287529788805,663.8018160735123,638.7551680067659,667.5375292423121,639.1755338525813,671.2739276986548,639.5892455487382,675.0110688424974,639.9967600337349,678.7488908998067,640.3985524258163,682.4873324353365,640.7950981034983,686.2263341981113,641.1868726634596,689.9658389418662,641.5743518837872,693.7057912448142,641.9580116921012,697.4461373288539,642.3383281380596,701.1868248782889,642.7157773697747,704.9278028581706,643.0908356136513,708.6690213323309,643.4639784401847,712.4104313527332
359,635.2328456777855,528.3093207458973,633.2625537253788,531.5117081453128,631.3481742904166,534.747659288587,629.5601822276881,538.0549428674782,627.9320266306258,541.4436822539278,626.4843923939587,544.9132977563103,625.2355387860865,548.4592645974799,624.193622165602,552.0714576572608,623.3554642187792,555.7363518818477,622.7092594195946,559.4399889995303,622.2394709309799,563.1701757050065,621.9321629096099,566.9172987718556,621.7751041005417,570.6737592109505,621.7576820641473,574.4334910228782,621.8709898196798,578.1915783905886,622.1078446465299,581.9439226447264,622.4626975353312,585.686963320098,622.9319471928575,589.4173941924112,623.5132054932276,593.1320281581216,624.2009140326143,596.8284538799077,624.9804038159892,600.506661050595,625.8287892672324,604.1696324086835,626.7171538300447,607.8231439136039,627.6084046393513,611.4759543833017,628.4559085165922,615.1391106001334,629.2297712700334,618.8185216225183,629.9372486138321,622.5112955947603,630.5984733948958,626.212653933119,631.2288485624194,629.9193986217354,631.8360215366762,633.630016689849,632.4223431349449,637.34398703828,632.9876485064339,641.0612139329106,633.530722044123,644.781753050711,634.0496679126924,648.5057329386071,634.5419365976499,652.2333313400696,635.0043702161946,655.9647461730273,635.4332983430039,659.7001579050215,635.8253007058264,663.4396226830681,636.178085470954,667.1829897022516,636.4908944126939,670.9299084905504,636.7625897035743,674.6800314412434,636.9934270059886,678.432892989801,637.1862415871382,682.1879026278712,637.3440760703035,685.9445475126822,637.4699832687404,689.7024000934366,637.5670204501441,693.4611109087352,637.6382449370043,697.2204011716168,637.6867109191265,700.9800552372408,637.7154673476789,704.7399130260317,637.7275380456033,708.4998624949919
360,633.0488049722578,533.9159521773583,631.359238285272,537.2744366718782,629.8764986818394,540.7289999570886,628.6225309107646,544.2730312885475,627.5872402861157,547.8871222487586,626.7512036291595,551.5525471259239,626.0952008240738,555.2545124446584,625.6033681699873,558.9818987619185,625.2635269731297,562.7262420698579,625.0666000420935,566.4808402997138,625.0061465031193,570.2401289904101,625.0779607979683,573.9992272643321,625.2796574094474,577.753601936627,625.6102398251684,581.498829210691,626.0696867748911,585.2304377601293,626.6566218572368,588.944141628719,627.361468470289,592.6373160924261,628.1643131473095,596.3104887711178,629.0379006573698,599.967531171347,629.9514529483679,603.6148254788627,630.8718886034181,607.2603940350785,631.7604998759818,610.9138186323287,632.5782269329719,614.5837002563075,633.2981426077645,618.2739923801639,633.9239444100597,621.9814328817748,634.4736454004022,625.7009564188829,634.9637932344934,629.4288089545269,635.4017842923582,633.1631554579856,635.7923183632275,636.902767280178,636.1393559044388,640.6466698076683,636.4465519115366,644.3940549186334,636.7173483755603,648.1442488428169,636.9551176959906,651.896683964165,637.1631875558294,655.6508851843109,637.3448452920318,659.4064589874678,637.5033105859592,663.1630844592632,637.6416480041878,666.9205062908882,637.762666164167,670.6785268155498,637.8686968716396,674.4370007090272,637.9614247232752,678.1958267230217,638.0419190541655,681.9549348662661,638.1111293300708,685.7142679283296,638.1700054335495,689.4737772518521,638.2194974746284,693.2334220161684,638.2605556397324,696.993168518411,638.2941300784101,700.752989453027,638.3211708240198,704.5128631905369,638.3426277445404,708.2727730560114,638.3594505196704,712.0327066077773,638.3725871018675,715.7926549221095
361,633.540879706811,536.2567911076329,632.0332932313538,539.7009158869362,630.6917761678824,543.2130515134696,629.5160510554808,546.784126570511,628.5041719217506,550.4050568392136,627.6538234728866,554.0673052097973,626.9633607885876,557.763043094384,626.4326060607362,561.4850763508119,626.0623106804961,565.2264846194904,625.8502786513898,568.9802051289342,625.7891415894717,572.7394488294008,625.8667358103058,576.4984287152112,626.0694671292061,580.2527764948087,626.3843318861119,583.9994171453684,626.7991657184057,587.736335615032,627.3025186521521,591.4623848648621,627.8836456614325,595.1771164022139,628.5328291846715,598.8805750299031,629.2394680595925,602.5735170215817,629.9881150633529,606.2581923578734,630.7522828968237,609.9396905701458,631.4914968670315,613.626254926229,632.1695034423375,617.3245281796518,632.7735986838126,621.0356043721667,633.3248376058027,624.7549293082773,633.8440590384489,628.478871651261,634.3422725939951,632.2056848977638,634.8224147557166,635.9348703333154,635.2864226422523,639.666098242776,635.735622941849,643.3991381386967,636.1710886951222,647.133805428174,636.5938285956329,650.8699348692634,637.0047505761017,654.6073828017123,637.4046432348368,658.346027092255,637.7941398307719,662.0857688751821,638.173643068122,665.8265380293121,638.5432419381004,669.5682987424198,638.9027830303876,673.31103919728,639.2509291360592,677.0548562185483,639.5861519725568,680.7998524613721,639.9090670322331,684.5459302754891,640.2206105076868,688.2929711824652,640.521719554364,692.0408652393887,640.8133320535302,695.7895103477048,641.0963864147278,699.5388115569626,641.3718214158047,703.2886803645608,641.640576076836,707.0390340125065,641.9035895642313,710.7897947820127,642.1618011213079,714.5408892865964,642.4161465091311,718.2922480016185
362,632.8613259117681,537.1118941739961,630.8235480843528,540.2716626477194,628.9269877918518,543.5175458068588,627.2791891199878,546.8959885840885,625.9384484328455,550.4074472190907,624.9094374402298,554.0227328218472,624.1677765828986,557.7079867163874,623.6768216508781,561.4351661162577,623.3989387373554,565.1844298564388,623.3022902519698,568.9428535090158,623.3609440214204,572.7021407612173,623.5539461543603,576.4569827584988,623.8642640683709,580.2039931597214,624.2778620396916,583.9410426443884,624.7829856340795,587.6668462144708,625.3697294923561,591.3806869985792,626.029709583767,595.0822273728063,626.7557897511341,598.7713809633844,627.5421609716938,602.4481620186301,628.3829843463403,606.1128823248173,629.2698732962028,609.7667399579481,630.1882829879883,613.4128149311719,631.1184591698209,617.0559120073633,632.0388844160495,620.7014799957134,632.9301610397297,624.354272317853,633.7783994576718,628.0172868575011,634.5763897000583,631.6915707165738,635.3213649405584,635.3769676665485,636.0120052495034,639.0729303687312,636.6460753444951,642.7790139238778,637.2203765448521,646.4948238235775,637.7309140163737,650.2199239844404,638.1729468083653,653.9537650122596,638.5411421490041,657.6956010395584,638.8323385232217,661.4442126868053,639.0472926243414,665.1979741060047,639.1918670956483,668.9551182299098,639.276798884142,672.7140970746641,639.3087314531537,676.4739043622217,639.2915932459076,680.2338123997805,639.2293115753573,683.9932475097489,639.1258237809565,687.7517775781048,638.9850660295795,691.5090996722254,638.8109649750729,695.2650273017507,638.6074320010613,699.0194775612619,638.3783597534609,702.7724583303428,638.1276206637693,706.5240556502401,637.8590671679829,710.2744213470598,637.5765333354645,714.023760930305,637.2838318473804,717.7723213052498
363,633.4305966482046,536.7158444537503,632.0320287665429,540.2052547446392,630.8588128650538,543.7769533598738,629.8622089362224,547.4021739838134,629.0082684533432,551.0636524351886,628.2949840843454,554.7551276794883,627.7154368160792,558.4699749437732,627.2619306663448,562.202329044574,626.9275238727375,565.9472512396032,626.7061737303887,569.7005675447358,626.5927176685313,573.4587046225064,626.582910657011,577.2185499299513,626.6733108767221,580.9773276852499,626.8614455429089,584.7324859192589,627.145891310382,588.4815825922918,627.5234224121515,592.2224611582486,627.9862049634906,595.9537732889842,628.52118694863,599.675443843925,629.1119470070306,603.3886903432693,629.7408320052941,607.0956859993233,630.3884885042378,610.7994569504358,631.032454710492,614.5038688585172,631.6480436917349,618.2130897448219,632.2242293933907,621.9286319890813,632.7649689804281,625.6495074794022,633.2820841180658,629.3737451416858,633.7835282963367,633.1001272652865,634.272353913086,636.8281860159036,634.749016020259,640.5578194093059,635.2130329064694,644.2890469468783,635.6635994924702,648.0219222753639,636.0995660900451,651.7565304814792,636.5194981621557,655.4929750743872,636.9216904339735,659.2313700494677,637.3041317417468,662.9718362280845,637.6645053688895,666.7144917532985,637.9999934683664,670.4594582854068,638.3074261011606,674.2068303302681,638.5831995434057,677.956661782696,638.8210741690681,681.7090827331923,639.0190019830114,685.4638245436182,639.1797562343301,689.2203439156458,639.3063005549374,692.9781734834123,639.4016069126412,696.7369270753666,639.4686503849397,700.4962928336124,639.5104051710543,704.2560261555838,639.5298417264092,708.015942542789,639.5299248984367,711.775910420809,639.5136129403204,715.5358439762604,639.4838436564143,719.2956959215663
364,633.5508818849061,540.7015036327421,631.7059151214626,543.9766328258496,630.1511942331906,547.3986320873366,628.8885673226715,550.9394215649895,627.8537015474905,554.5536071752019,627.0283284200162,558.2213819891232,626.3977571277321,561.9277038308134,625.9465612838751,565.6601725383831,625.6614216339996,569.4090344802815,625.53027172504,573.1664761291559,625.5428735468629,576.92621468186,625.6906418599929,580.6830920490518,625.9666913602517,584.4327421633584,626.366006922884,588.1712867256498,626.883696257645,591.8952987680484,627.5105343164149,595.6025310880359,628.230104263137,599.2929288937762,629.0187896998054,602.9692155957154,629.8509800154914,606.635925941061,630.6967485288678,610.2995386122701,631.5216087461637,613.967897723694,632.293126645076,617.6478173392128,633.0023999423819,621.3402419352684,633.6579771949868,625.0425960503437,634.2748160824614,628.7516126819922,634.8642525934075,632.4650889076825,635.4345282022618,636.1815588524335,635.9892621107858,639.9003805690776,636.5262783732339,643.6217997393386,637.0377112537739,647.346815645622,637.5133935309964,651.0765571226173,637.9446163771371,654.8116930890442,638.3267693567623,658.5521666281353,638.6607328266188,662.2972533916497,638.9513635954733,666.0459576839994,639.2045241375918,669.7973834625764,639.4265053813914,673.550788156979,639.6248047650595,677.3055223216164,639.8064234155867,681.0611029283804,639.9812768535908,684.8170063894557,640.1582534692539,688.5728103310983,640.3381985321516,692.3284732333036,640.5209278582512,696.0840017099058,640.706257278886,699.8394027843549,640.8940026416227,703.5946838625491,641.0839798107227,707.3498527056851,641.276004667241,711.1049174031152,641.4698931087872,714.8598863452273,641.6654610489766,718.6147681963313,641.8625265011526,722.3695717578878
365,634.2232301939584,539.3743452594974,632.3558192474484,542.6372266288803,630.824556866093,546.0676186150505,629.8622529338364,549.6989258820557,629.3019023710899,553.4159874388666,628.9382589532534,557.1581847644442,628.6703608763368,560.9085050368429,628.4956714678773,564.664327187557,628.4052385150067,568.4231420416249,628.3912913057874,572.1830281027615,628.4478974517689,575.9425238029883,628.5687369730878,579.7005116047746,628.7483143196449,583.4561575704423,628.9816774430792,587.208850996557,629.264364950237,590.9581559535072,629.5924149295683,594.7037681556081,629.962306591788,598.4454830979873,630.3708914893331,602.1831732753276,630.8153597715543,605.9167684444392,631.2931573007457,609.6462467176476,631.8018789964565,613.3716342368984,632.3396300577695,617.0929435359061,632.9019400729547,620.8106250876081,633.4756182603345,624.5265740179643,634.0319743742178,628.2451443256385,634.5441047414789,631.9700417580657,635.0123501698969,635.7007328960118,635.4655310865857,639.4332937786639,635.9276438714921,643.1647567555912,636.4040706913551,646.8944201114982,636.890799471546,650.6227541540976,637.3827899098387,654.3503981117208,637.8751389777609,658.077994761563,638.3633321005861,661.8061375767501,638.8431093221764,665.5353719913643,639.310155102871,669.2662209561556,639.7597568683359,672.9992104132026,640.1871875170931,676.734800912743,640.5849923980294,680.473655719317,640.9459231001644,684.2162484541766,641.2712422961202,687.9621068151956,641.5636501647057,691.7106798722724,641.825858670103,695.4614881429808,642.0605867247078,699.2141180394785,642.2705563540186,702.9682161097984,642.4584897797513,706.7234831459534,642.6271073311375,710.4796682160306,642.7791260913085,714.2365626638242,642.9172591845062,717.9939941069924,643.0442021400492,721.7518208977535
366,635.4593934997928,541.9018283623873,633.5969623537809,545.167687888182,631.9822350672874,548.5617837773485,630.7225340684146,552.1027543095777,629.7778177312042,555.7412268939231,629.0638610764198,559.4323639613485,628.5171980114636,563.1521320614315,628.108078453294,566.8895919050714,627.8260947416843,570.6388031217269,627.6663786332942,574.395223022769,627.6243580307488,578.1548135233036,627.6957957211771,581.9139702689948,627.8767586985194,585.6694570832801,628.1638242608349,589.4183334530535,628.5523775991604,593.1580681255397,629.0336277824857,596.8870306220305,629.5926165875043,600.6051639052777,630.2106044756679,604.3139741338358,630.8670137749378,608.016195776226,631.5398423280279,611.7154773474447,632.202660277676,615.4165591481959,632.8264754686868,619.1243881671008,633.3960207377035,622.8409452480274,633.9266717636046,626.5632751090587,634.4487246492637,630.2868275920819,634.9774839783804,634.0094334067082,635.5100612301603,637.7314954715988,636.036884245474,641.4543751565931,636.5492327948082,645.1792718035265,637.0395756852957,648.9071256288427,637.5011811820317,652.638642757974,637.9280997292391,656.3742833388116,638.3161171370781,660.1141619702021,638.6640264274822,663.8579852450664,638.9734957369029,667.6051843775346,639.2480585712276,671.3551057394416,639.4917224576428,675.1071643455188,639.708495352208,678.8608749124193,639.9024779185578,682.6158343529592,640.0775609020109,686.3717237171883,640.2356318772852,690.1283680040574,640.3780304550705,693.8856394668172,640.5060976168753,697.6434271369385,640.6211751672548,701.4016354072887,640.7246053032505,705.1601826039171,640.8177302883652,708.9189995504987,640.9018922203111,712.678028128566,640.9784328816854,716.4372198358449,641.0486936626853,720.1965343443716,641.1140137376148,723.9559380900344
367,637.5026066723293,541.0997110868825,635.8361728873838,544.4701771593286,634.1667060111067,547.8391608209644,632.5753135048197,551.245573791364,631.1051862318466,554.7059953117656,629.7644232141406,558.2185727410808,628.5473836530242,561.7759423498233,627.4470041438578,565.3711323712715,626.4572523065376,568.9983554705595,625.5729076959657,572.6527216749221,624.7897468450498,576.33011143387,624.1043933432044,580.0269865686811,623.5142116044766,583.740249761909,623.0172580131585,587.467139246459,622.6122774032992,591.2051438448985,622.2985830747992,594.9519148745967,622.0761681023117,598.7052100273585,621.9451003890349,602.4628059898452,621.9034590491385,606.2224633744233,621.9450102266549,609.9821371521973,622.058800914498,613.7403396736055,622.2295328445457,617.496407485806,622.4379924117152,621.2505879238843,622.659119266808,625.004051212469,622.8668073496243,628.7582749261378,623.0452881897272,632.5139998535021,623.2051384402577,636.270570863724,623.371083100185,640.0268739689368,623.5657853008262,643.7817862839394,623.8017299193027,647.5343255346631,624.084377203106,651.2836318766218,624.4178071873483,655.0287595287201,624.8027135602576,658.7689498643762,625.2359875467533,662.5038496637067,625.7143041960687,666.2332518368179,626.2343376773969,669.9570691453259,626.7927702436184,673.6753246809448,627.3862991242228,677.3881421824374,628.011641514529,681.095736358316,628.6655378433685,684.7984033425485,629.3447535072308,688.496511373669,630.0460792582942,692.1904917552998,630.7663304286268,695.8808301280868,631.5023451647328,699.5680580593803,632.2509818372065,703.2527449377219,633.0091157802007,706.9354901433294,633.7736355059802,710.6169154534492,634.5414385314808,714.2976576320631,635.3094269472293,717.9783611467756,636.0745024806661,721.6596710320911
368,635.8211242278821,545.2926161165764,634.2068001413209,548.6883972579197,632.6037397785834,552.0894951363796,631.0585257977715,555.5171800454153,629.6182395743458,558.9901329718614,628.3220065055949,562.5192800147476,627.189096044111,566.1041619597931,626.2174859246066,569.736136317404,625.3924258669226,573.404246072712,624.695934824403,577.0989790500091,624.1121261235323,580.8132241183625,623.6272361721805,584.541702344837,623.2293517681566,588.2804880216902,622.9081471149344,592.0266571096179,622.6545130316797,595.7780200973131,622.4599318457604,599.5329201231241,622.3163395579043,603.2901242857164,622.2166362286375,607.0487549672242,622.155974225588,610.8082217164524,622.131915513261,614.5681020035113,622.1433645918147,618.3280424441324,622.189639543813,622.08771600621,622.2701621839886,625.8468124472173,622.3842804354928,629.6050395401325,622.5311081509417,633.3621316599222,622.7095179411473,637.1178573544789,622.9183820161462,640.8720132351712,623.1569429026587,644.6243993939613,623.424956716358,648.3747968832284,623.7227262836985,652.122948835242,624.0511323469051,655.8685399360963,624.4120170639809,659.6111397618258,624.8072128252547,663.3502711023741,625.2403063407813,667.0851962057195,625.7189046854036,670.8145606042733,626.2361784478761,674.538764520671,626.8305888540442,678.2512766620251,627.5662722149902,681.9383550376729,628.4195634963311,685.6001087237673,629.3520278412348,689.2425770480679,630.3259947310827,692.8742055056678,631.305195448465,696.5044315461266,632.2722318722106,700.1379163387883,633.2272965115232,703.7745665258869,634.1712699026715,707.4141116936257,635.1050425582837,711.0562875588959,636.0295139708983,714.70083560978,636.9455916336766,718.3475027112331,637.8541900773148,721.9960406794904,638.7562269345498,725.6462065648541
369,635.8528755852227,544.7458089665615,634.0130559187344,548.0245199100125,632.3716796370547,551.4064697151487,630.9927933759542,554.9033772528105,629.9013635237869,558.500415558673,629.0888705750905,562.1707227402719,628.5257301742087,565.8876682216469,628.1790190339892,569.6311760948579,628.0174690575736,573.3873567024897,628.0133535862196,577.147095091326,628.1432863424462,580.9046527199818,628.3879208522542,584.6565336093774,628.731248215506,588.4007044469629,629.1601096020869,592.1360666167396,629.6638342127239,595.8620875403806,630.2339613821032,599.5785385754722,630.8640328617563,603.2853049661509,631.5495036649622,606.9822318111095,632.2852444365907,610.6694937082892,633.05650822365,614.349505035621,633.8347699911521,618.028048277503,634.5790330301425,621.7135828245002,635.241050282889,625.4146863786713,635.7782143505293,629.1358777973298,636.1914830105641,632.8729355480631,636.5172785543482,636.6187198987211,636.796765664006,640.3682753112168,637.0436397320317,644.1201232176126,637.2604571796601,647.8738280961027,637.4472561616105,651.6291465801687,637.6042604112286,655.3858289277426,637.7319615739998,659.1436218836236,637.8310607791999,662.9022783698093,637.9023434154086,666.6615657483092,637.9465878108053,670.4212690300274,637.96454925956,674.1811901002214,637.9565240028307,677.9411455516768,637.9232183671417,681.7009628634366,637.866341659198,685.4604984006685,637.7876834684519,689.2196421484327,637.6890344237075,692.9783151961723,637.5721850018789,696.7364671735593,637.4389246225093,700.4940736688624,637.2910410025069,704.2511336414951,637.1303197450806,708.007666837548,636.9585441366565,711.7637112145179,636.777495125608,715.5193203791644,636.5889514568039,719.2745610404199,636.3946899362513,723.0295104775865,636.1964840188349,726.7842539284228
371,634.5505432067554,546.7166090390383,633.2200578573418,550.2320848838159,632.1684563681832,553.8413662017977,631.2901659772439,557.4970781500044,630.5519343729479,561.183645408806,629.9475122377878,564.8945257937164,629.4686029381073,568.6237089015078,629.1064738590173,572.3660587005634,628.8549235050609,576.1174773184282,628.7096489339931,579.8745212301251,628.6679326388801,583.6341454511726,628.7286996384215,587.3935108883246,628.8923046105142,591.1498036212739,629.1610800610805,594.9000301171051,629.5383094928211,598.640896172807,630.0249893481484,602.3691089822106,630.6129912649437,606.0827169671095,631.2837525799046,609.7823168743886,632.0120867592708,613.4710491203775,632.7701699574905,617.1538030091693,633.5252919992672,620.8371631140008,634.2462539542381,624.5273389260107,634.9124131338406,628.2277883729098,635.5185707478837,631.9385357526037,636.0641007523167,635.6586799018214,636.5484715738403,639.387278968426,636.9703309046653,643.1234647877434,637.3279248035972,646.8663459958855,637.6194701692045,650.6149468588319,637.8401608637179,654.3683750857266,637.9812168544423,658.1256195877794,638.0314596546758,661.8851554895779,637.9830067080043,665.6447039353296,637.8368350353397,669.4017352339733,637.6034943635391,673.1543907847341,637.3001762336403,676.9020662036726,636.9437573996696,680.645083519361,636.5477042102718,684.3841249767473,636.1246374285488,688.1202146626084,635.6867139714803,691.8545948631106,635.2371434734198,695.5875910767667,634.776921452287,699.3192893254301,634.3070426473239,703.0497841500244,633.8285009301911,706.7791777988974,633.3422892753713,710.5075794217494,632.8493997692076,714.235104267573,632.3508236530822,717.9618728867147,631.8475513962544,721.6880103369679,631.3405727938982,725.413645393413,630.8308744708432,729.1389094032811
372,636.4347872371479,551.1976741252031,634.7154606592954,554.54143844973,633.1594358523162,557.9635579370643,631.8519966954561,561.48797500865,630.7989256815334,565.0967369782343,629.9766312726099,568.7651240694963,629.3627171979847,572.4741889945361,628.9390311889648,576.2098422274479,628.6919814852671,579.9613657100741,628.6128593759231,583.7202044423528,628.6975913343127,587.4789326389334,628.9429451331864,591.2306144243988,629.3407113185151,594.9692492850104,629.8755447821321,598.6908062611528,630.5259184859661,602.3939788733652,631.2671299517056,606.0800974568773,632.0723366342125,609.7528090185377,632.9128508412371,613.417626029989,633.7587098039548,617.0812169993394,634.581399135383,620.7500659185315,635.3581917303094,624.4288859478274,636.0726988286463,628.1202896689788,636.7126244979571,631.8253312163839,637.266625140531,635.5441704665233,637.7242290630762,639.2760769726223,638.076801440787,643.0193515572532,638.3194151883935,646.7713539659976,638.4540494668801,650.5287927209757,638.4889386707218,654.2885055190862,638.4359479547672,658.0480305049891,638.3073546596944,661.8057487306021,638.114141084214,665.5607134945191,637.8654927929135,669.3124251671903,637.5686621806102,673.0606389617076,637.2289973700946,676.8052183479415,636.8501740344799,680.5460417279234,636.4346068735182,684.2829631394451,635.9837070166304,688.0157867567849,635.4981238179115,691.744257509778,634.9781071472805,695.4680818539362,634.4232136033843,699.1868683962834,633.8337954923957,702.9003407489563,633.2122926380264,706.6085800740168,632.561343547743,710.3117655833346,631.8835799890654,714.0101390095175,631.1816245996409,717.7039986077544,630.458089343592,721.393693221433,629.7155747252526,725.0796164449415,628.9566696717515,728.7622009044148,628.1839401883813,732.4419101792018
373,637.0910273516841,551.5903256914092,635.609693389905,555.0461519321813,634.1192519983161,558.4980851567877,632.6966736669028,561.9784155896397,631.4019427051849,565.5081219132106,630.2882220166467,569.0988157909163,629.4123188996953,572.7545077239712,628.808406545686,576.4647957466723,628.4705096097625,580.2088716700302,628.3584289679667,583.9667089149925,628.4356215518709,587.7255577994906,628.6752769210337,591.4776294198156,629.0554005566335,595.2181541201834,629.5505933769634,598.9452582098869,630.1332279004828,602.6597515052869,630.7800955932961,606.3636263924403,631.4738164851896,610.0590298187753,632.1987291658359,613.7484525262613,632.9385520736014,617.4349200379181,633.6765957355931,621.121743486654,634.3980647905811,624.8118418220555,635.0946196241687,628.5067223308979,635.7701322835845,632.205511790713,636.4339874312154,635.9064140183531,637.0898394513724,639.6087414934782,637.7241528759747,643.3148093006274,638.3102235401028,647.0287780583617,638.8178409747907,650.7542282813845,639.2186374214745,654.4926173729062,639.4876098665856,658.2427298041683,639.6034490093583,662.0006276118705,639.5519992613853,665.7599246444072,639.331511744397,669.5131325928551,638.9579131717662,673.254280351201,638.4630370804829,676.9814240900504,637.8863094699532,680.6968585958297,637.2647341149471,684.4050856980666,636.622480461165,688.1097958565025,635.9663220549966,691.8120685947471,635.2907993550424,695.5108523950506,634.5907097694914,699.2050665911383,633.8721561583757,702.8957363549846,633.1384522755883,706.5834248054156,632.391495700601,710.2684523013573,631.6331792460674,713.9511594025079,630.865392080787,717.6319040779367,630.0900200824207,721.3110587650112,629.3089463461673,724.9890074607082,628.5240518179179,728.666142840852,627.7372159020068,732.3428633759459
374,636.7572675949265,552.2086849389036,635.1213956808276,555.5941091822594,633.5073913458673,558.9899331052834,632.02832420842,562.4463087549206,630.766759187221,565.9875332676578,629.7674651811024,569.6113681032027,629.0349158719312,573.2985100163471,628.5503657662687,577.0265032641835,628.2905755378009,580.7769821210161,628.2361538831898,584.5361347058771,628.3724997999645,588.29325996837,628.6864285997545,592.0397817173931,629.1624001478338,595.7692443039786,629.7802899451887,599.4779023805683,630.5175246116794,603.1647544646547,631.3501461563858,606.8312962529792,632.2531492297667,610.4811841062909,633.2002761458111,614.1198998825386,634.1634152136079,617.7544213645172,635.1115505903002,621.3928734964833,636.0104283742294,625.0437648358061,636.8241753193289,628.7145001836237,637.5209803204723,632.4091438996305,638.083610259659,636.126574075769,638.5150104676823,639.8615449105907,638.8334267040901,643.6078929540781,639.0595207886059,647.3609861583342,639.212949162518,651.1177818053177,639.3091934559376,654.876490113654,639.3531107801058,658.6361736564487,639.3376956891764,662.3960669851714,639.2523950824005,666.1550100284213,639.0915093955009,669.9114768076,638.8594065431492,673.6642282301569,638.5667351414282,677.4127589079816,638.2230457267456,681.1569638983449,637.8318769688585,684.8965062019686,637.3897328157093,688.6303576834947,636.8881092203396,692.3566701880147,636.313513273836,696.072402325836,635.645154650678,699.7723591402653,634.8557852441343,703.4483462674158,633.9442917401167,707.0959999874268,632.9219754254069,710.7141863267375,631.8001949108631,714.3028069891109,630.5901342614584,717.862653790974,629.3026846840158,721.3952696114231,627.9483773267121,724.9028152373409,626.5373578399971,728.3879482632251,625.0793318009037,731.8536906947144
375,638.7100823855776,548.3462576915765,637.259655830605,551.8131816769807,635.4654753020027,555.1160409573017,633.4890352839947,558.3145772400196,631.7389054828787,561.639737777749,630.4337069894199,565.1629971751469,629.5373360649438,568.8132945356303,628.8952025451086,572.5175071708882,628.4539200920482,576.2510932537289,628.1938311168259,580.0017263887642,628.1038671560256,583.7603127386461,628.1807184313534,587.5191957185114,628.4236999056259,591.2710069621722,628.8291954404883,595.0087659019006,629.3880105079235,598.7267368281684,630.0854841044891,602.4212548055918,630.9050815081915,606.0906591101744,631.8299199025134,609.7350024833087,632.8422450821924,613.3560578571299,633.9248730989655,616.9567428194794,635.0642820718867,620.5398907253832,636.2219949411979,624.1171901099746,637.3263319791819,627.7111976474833,638.2859165080345,631.3462533547788,639.032134793911,635.0307804536018,639.537560940662,638.755964198699,639.816598905642,642.50510006101,639.9137548535881,646.2635448992235,639.8775796077383,650.0232039424257,639.7428713726139,653.7806843772204,639.5538294788458,657.5358945166081,639.3748732248785,661.2915868044299,639.2557444761826,665.049623081163,639.1719112240042,668.8086589317472,639.0662960213243,672.5671221162846,638.897731178322,676.3232557242256,638.6539360620716,680.0752508396843,638.3370606847609,683.8217918810271,637.9515117338786,687.5618926713003,637.4972520623683,691.2942666980521,636.9689698316337,695.0168716966813,636.3559114444826,698.7264315683009,635.6413419228237,702.41773273259,634.8119154299549,706.0849316064186,633.8767225825897,709.726623909814,632.846054274182,713.3424738347218,631.7288249573908,716.9325399766153,630.5338931431329,720.4975127481421,629.2699881696029,724.0386341947624,627.9456238873199,727.5576038484382
376,637.5645037725996,551.4768758480076,636.0886174642116,554.9334313001008,634.401469641164,558.2935596615835,632.8259826046958,561.7067940679885,631.4989079805324,565.2238246954134,630.4372832810224,568.8299778147051,629.6262431255284,572.5007468199202,629.04847203089,576.2154886050266,628.6876985886057,579.9576244814153,628.532113339977,583.7139310685895,628.5755461506526,587.4732243937946,628.8151313284521,591.2251414579906,629.2441649022105,594.9601764052112,629.8461009033999,598.6713591782905,630.593669224933,602.3560703861605,631.4532292368654,606.016364767008,632.3918706795641,609.6572405929214,633.385550329981,613.2835045093109,634.4226896977198,616.8975836445446,635.5004200408353,620.4997724346085,636.6046505743728,624.0939395942643,637.7014316613836,627.6903771638482,638.7365908707353,631.3049346964153,639.6443760999433,634.9533820742452,640.3734937860087,638.6415306317908,640.9075962273762,642.362967900918,641.2611857055985,646.105957057307,641.45569084294,649.8606465797659,641.506170317531,653.6200692141545,641.4204336428645,657.3788651945025,641.1976384779349,661.1320087550844,640.8279697339659,664.8735120194156,640.3085076796127,668.5971956407143,639.684136598198,672.304917091006,639.0283799106612,676.0072626995851,638.3825774692822,679.711356150296,637.7368315995108,683.4154599690228,637.0751175578305,687.1167417946168,636.3901136483726,690.8137798088343,635.6727512163338,694.5046676110703,634.9108087784239,698.1865965977871,634.089412252492,701.8556971750235,633.1966872259288,705.5080877946787,632.2305774346487,709.141757972005,631.195446601571,712.7563812854827,630.0974181276908,716.3524063284583,628.9425741086565,719.9305982136932,627.7369260787814,723.4920007234939,626.4863967728911,727.0378995378059,625.1967598389136,730.569768410603
377,637.4448040879804,551.3845721040055,636.2955278501561,554.963974235805,634.9840570408312,558.4876612323458,633.6301408270468,561.99539861887,632.3579047117576,565.533352752879,631.261280633362,569.1293086549331,630.3746617608792,572.7827233617829,629.6989337782404,576.4809602575025,629.2382583051742,580.2120602084738,629.0041338444954,583.9641477075063,628.9992152567374,587.7235529367252,629.2112215632168,591.477079603672,629.6153758473118,595.21490956807,630.1854805862931,598.9311426752761,630.896658406478,602.6230506323819,631.7269773063123,606.2900543151736,632.6598937566727,609.9323355458212,633.688590766036,613.5487367918033,634.8163064505371,617.1354773585431,636.0303748047818,620.6939901380997,637.2793866745269,624.2404444299839,638.4768317506008,627.804526577522,639.5455657990428,631.4090857077525,640.4318938176309,635.0626201408371,641.1072973428574,638.7608921884371,641.5661197879014,642.49225500803,641.8242010486133,646.2429683525328,641.9055481090422,650.0017587210409,641.8305276872097,653.7607403844632,641.6138770148116,657.5142637117763,641.2676418084825,661.2580879611057,640.7973467851667,664.9883566997495,640.2049226310912,668.7012092114176,639.5080257315869,672.395946626173,638.7597035874877,676.0806943790027,638.0054042798881,679.7642275768377,637.252346404851,683.4480145517463,636.4861729449835,687.1290913681262,635.6951486520145,690.8049030276204,634.8681818250052,694.4727838373097,633.9914282631643,698.1290680982609,633.0556400939519,701.7706881370866,632.0750322536569,705.4005224044275,631.0655238697736,709.0224301004691,630.0312674934911,712.6373507420345,628.9757021348166,716.2461084477014,627.9022499533874,719.8495875537744,626.814317221578,723.4487225074597,625.7152962879283,727.0444880400377,624.6085671946871,730.6378892398577
378,638.6271490777489,547.4799266731471,637.6165804850608,551.1005165460498,636.3663998293506,554.6460938612724,634.9792590107073,558.1407363605889,633.56127343726,561.6230663223917,632.2250349919584,565.1373344740177,631.0740502922444,568.716119711491,630.1772663180622,572.3667159475594,629.5542008774593,576.0738574182377,629.1956453882352,579.8159673300705,629.0814129303272,583.5736097381741,629.1872748648343,587.3316194001756,629.4887291227509,591.0791091273068,629.9654339515048,594.8084293966904,630.6002771567155,598.514160677154,631.378387241147,602.1925202821241,632.2847535595299,605.8414447246164,633.2990308713992,609.4619156428424,634.3940864866636,613.0588380163935,635.5378129460782,616.640622918363,636.694903966835,620.2181248893731,637.8270619468306,623.8035700572966,638.8926694851966,627.4092832369331,639.8489117641925,631.045419033126,640.6581397057462,634.7169769990526,641.300043172289,638.4214106499446,641.7720315786238,642.1513267523966,642.081093296079,645.898297309106,642.2361927441438,649.6548217583207,642.2447375393983,653.4145565718406,642.1099350265442,657.1718863934801,641.8298775681561,660.9211715388197,641.4015673153646,664.656428914854,640.8321897301562,668.3728404143819,640.1466430469823,672.069672936271,639.3838654112968,675.751425140605,638.5859540480398,679.425753650226,637.7801582425542,683.0983654842541,636.9695902459588,686.7699260872631,636.1427090470141,690.4378411018876,635.2849414224265,694.0986477881244,634.3857915566068,697.7494988068308,633.429590616393,701.38580049317,632.4086684999905,705.004467983095,631.3279228842484,708.6057291165345,630.1929090971038,712.1902637012518,629.0091294816758,715.7589969386454,627.7820170409817,719.3130689168213,626.5169260889863,722.8538052475574,625.2191143823479,726.3826839633871
379,637.8818828833681,545.6862116453708,636.8999604483998,549.315046996943,635.7473720602881,552.8938498882162,634.553593631637,556.4592657852911,633.4416707248013,560.0508384380404,632.4995267193532,563.6904210121046,631.7491594423384,567.3743324655662,631.1809172797119,571.0907790860289,630.7783555794559,574.8288537619356,630.5311624569564,578.5804361611154,630.4339438372563,582.3389094206756,630.4848158903782,586.0982967753683,630.6846818620772,589.8527038542618,631.0353368462733,593.5960387754548,631.5332264962393,597.3226700910567,632.1635659197339,601.0292595822085,632.9004591666105,604.7162195315423,633.7125038108411,608.3874097747978,634.5771255371341,612.0465920823298,635.5010193669566,615.6912231877122,636.5374151606795,619.3052198638503,637.7663827282187,622.8581198441074,639.1855349993116,626.3396597133914,640.6447017707991,629.8048620243778,641.9625851680719,633.3257986870478,643.0502544037635,636.9242131237311,643.8748815257488,640.591790331033,644.437621065637,644.3086801682571,644.7541337604055,648.0546773730615,644.8389167902789,651.8131308634988,644.7007870529817,655.5700321742343,644.342382274149,659.3123430673512,643.7621545751252,663.02670866922,642.9589115208427,666.6993079843619,641.9406000955267,670.3182344389841,640.7325739524243,673.8784834002745,639.3955275938359,677.3926062157799,638.0336970337669,680.8972671289048,636.7688108896982,684.4378190623199,635.6575386795307,688.0294981568389,634.6908511798842,691.662890960571,633.8190332892354,695.3203473171592,632.9741110464527,698.9841555424466,632.1286215798244,702.6478329487246,631.281256423935,706.3110769409109,630.4310267204341,709.9736570715569,629.5769438612042,713.6353405054576,628.7180196433454,717.2958912094817,627.8532664419911,720.9550691454864,626.9816880549545,724.6126272344366
380,637.766629591306,540.828233908903,637.4906716887409,544.5775415318052,636.9799683399825,548.3019452141799,636.2031176949321,551.9799647391106,635.2056033188036,555.6048373781451,634.1154111780843,559.2032836089697,633.0871209474251,562.8197831664801,632.176262004407,566.4675550348458,631.400928763994,570.1464865338245,630.7754983662305,573.8537836053272,630.3192690034265,577.5856229545483,630.0452759855127,581.3352171146073,629.954892543789,585.0937427595796,630.0401909824998,588.8524312057077,630.2891852054757,592.6038729903831,630.6914822980497,596.3420147358348,631.2381002871571,600.0618184716766,631.9218657187224,603.7588865376084,632.7362335085164,607.4294206047815,633.6702526049912,611.0713831628982,634.7048266434826,614.6861221442011,635.814074651947,618.2787016927148,636.9658270253319,621.8579196543387,638.117566624182,625.4371398739788,639.2126600881103,629.034008131688,640.1989195407174,632.6621245423478,641.0460243521457,636.3251807792464,641.7479925159273,640.0188020845089,642.3077469777269,643.7366532477166,642.7301244058644,647.4726214302264,643.0152119656648,651.2215440993713,643.1473882739333,654.9788875610415,643.0916828459374,658.7379664520395,642.8095608584366,662.4866878307492,642.2750993309779,666.2077319537258,641.4873429648247,669.8835811110699,640.496069186487,673.5102001486088,639.4091759044029,677.1096408596059,638.3376839479678,680.713699599482,637.2748516293519,684.3203277555103,636.1893701896747,687.9201877960298,635.069625569908,691.5095447851902,633.9320895877971,695.0933128084274,632.8036524002574,698.6799505785053,631.706803692421,702.2763599928971,630.6508889371266,705.8850004809366,629.6332343928908,709.504619945655,628.6504616616558,713.1338685141187,627.6991595359344,716.7714956374616,626.7759272277289,720.4163502900209
381,637.9341594947412,543.1178673408494,637.5279835237864,546.8548410462842,636.8307952901556,550.5487248431314,635.8863905885278,554.1876695937165,634.81512495342,557.7917632449266,633.765672408883,561.4021886206858,632.854735540689,565.0498246617917,632.1169889433376,568.7363425337799,631.5522155022388,572.4533340636713,631.1521892609923,576.1916759576048,630.9118519670606,579.9436790890489,630.8313620228637,583.7025041975241,630.9145429797662,587.4612521770429,631.167797615958,591.2123513051333,631.5997318649902,594.9470531449049,632.219237431053,598.6552294163316,633.0255804545759,602.3273266780692,634.0043642480031,605.9573516277683,635.1294407707535,609.5448365029179,636.3689539147555,613.0944965457268,637.692476209411,616.6137623898344,639.0650461363439,620.1142413579609,640.4402478218761,623.613688507905,641.7571305850407,627.1353987576514,642.9531245311751,630.699792823333,643.9769589709542,634.3172277475755,644.7947606186856,637.9866363121932,645.3903144841034,641.6985581603635,645.7577106649952,645.4399514845448,645.8947980712645,649.1968377806282,645.8016714470624,652.9550814006587,645.4808679132093,656.7007723349379,644.9330172482751,660.4200288732466,644.1522717511903,664.0973852136747,643.1314636652055,667.7154194455566,641.8760032799499,671.2589637371096,640.4289467772744,674.7289988693992,638.9155171226465,678.1709200957986,637.4870148859777,681.6486969354077,636.2217067003638,685.1890258413904,635.0865578619704,688.773419514273,634.0421351062967,692.3853415482232,633.0734808676472,696.0183341138129,632.1740788847194,699.6690978963393,631.3380977447318,703.3349134366368,630.5595948411673,707.0133727074306,629.8325602111112,710.702356928539,629.1509504487567,714.4000102125898,628.5087135413353,718.1047105265372,627.8998437087166,721.8150452355451
382,637.669397116213,541.5114709282368,637.3874181958245,545.2599408438945,636.8275518834956,548.9771792442518,636.007808678565,552.6459643977444,634.9643026742801,556.2577770101489,633.7810037029209,559.8266291832958,632.6191789619337,563.4024227480937,631.6738076109312,567.0403960583515,631.0678945871872,570.7499132897677,630.77719671661,574.4977712342894,630.718421088181,578.2568801392729,630.8323492768633,582.0148611841978,631.0892897539849,585.7658497220208,631.4717007595464,589.5061603671669,631.9740002794135,593.2322699821844,632.595745385303,596.9403160844248,633.3324101147747,600.6272790381397,634.169902826846,604.29269338096,635.0890679438317,607.9385217583266,636.0721128440789,611.5676718555203,637.1067197972012,615.1824702070562,638.1873269526849,618.7837884771876,639.310544337121,622.3720526915818,640.4568519411523,625.9530241008022,641.5861589562105,629.5393689431734,642.6438753397449,633.1473816141591,643.5783629968398,636.7891169986295,644.3489731863399,640.4688909798164,644.9294199678626,644.1833447493424,645.3070286950584,647.923833132686,645.47586016805,651.679521421571,645.4300720898818,655.4386931059671,645.1603272916439,659.1883902816588,644.6506786264282,662.9129473415812,643.8766725636522,666.5915058301714,642.8224445146102,670.1996699102433,641.5119309888238,673.7231965890022,640.0290128210479,677.178218622027,638.5127253596438,680.6188687278515,637.1040298145483,684.1045870271599,635.8405874736388,687.6457871285332,634.6517559376178,691.2128152976923,633.5296653190989,694.8013914725701,632.4733228335954,698.4098768354158,631.4778327145556,702.0356295406959,630.5381522466129,705.6762525930885,629.6491594190948,709.3295900560797,628.8056828346256,712.9937096296204,628.0025249585408,716.6668825654233,627.2345221672962,720.3475706422518
383,636.7393640655656,541.1499965267594,636.5231714884707,544.9027126406463,636.029079335286,548.6294003463279,635.3261542479842,552.3227490221202,634.4956817049795,555.9897714228035,633.6210612528214,559.6466025887435,632.7810691008285,563.3114837629441,632.0418959051493,566.9979009083377,631.4453891138559,570.7099665908762,631.0190543177941,574.4453210491254,630.7899370525231,578.1978002761812,630.7913285917568,581.9571085120257,631.0533098854348,585.7071067782563,631.6043432968113,589.4254478069872,632.4608556508566,593.0854501281757,633.5915391225437,596.6708044396083,634.8561089781543,600.2116912636722,636.1298146672934,603.7493323016122,637.3515954629368,607.3052225759251,638.519581247957,610.8791487125118,639.6376908659327,614.4689963815919,640.7085201949993,618.0732322378716,641.7340797901755,621.690612469661,642.7157276517527,625.320154494934,643.649933102339,628.9621878081251,644.5223499136857,632.6194848789041,645.3091039195567,636.2961053697436,645.980077747746,639.9955236016631,646.5019294332925,643.7187910394204,646.8381953118961,647.4632313269417,646.9501184660691,651.2208819541852,646.798494124292,654.976919593641,646.3486823648486,658.7088139078803,645.5880326555736,662.3899191937488,644.5330385254452,665.9979082021753,643.2285965329844,669.5237181554623,641.741481859271,672.9768141813119,640.1606533434808,676.3882879813432,638.5898395191251,679.8043504677182,637.1107468077854,683.2610486458573,635.7144041037051,686.7520639130241,634.3627081570679,690.2606598328128,633.030891295299,693.776853310516,631.7173977473467,697.2999326944821,630.4219948725777,700.8297040676182,629.1444476819189,704.36597733563,627.8845189947389,707.908566224658,626.641969586766,711.457288272396,625.4165583325257,715.0119648143416,624.208052981233,718.5724245765294
384,636.1017172396053,538.8470925444674,636.2473972150732,542.6032677067719,636.0989492988165,546.3593815538178,635.6715542398,550.0942354262514,635.0173390281263,553.7964266219024,634.2137527033692,557.4693912339537,633.3525491139352,561.1294039159282,632.5295858054146,564.798124844844,631.8291102908782,568.4919852105076,631.3012123896664,572.2143226829191,630.9662457224896,575.9589115072483,630.8323829438399,579.7160373823683,630.9075067641257,583.4747680441535,631.1913556828811,587.2235435993823,631.67318748414,590.9521126031643,632.3341886968997,594.6531994220412,633.1527867348258,598.322726581265,634.1057887045889,601.9597379335045,635.1690767630281,605.5661131054077,636.3182164222044,609.1461088772068,637.5287711318128,612.7058445995233,638.7763963933062,616.2527809938216,640.0357800903643,619.7955674823698,641.2785559709312,623.344199675506,642.4702094178627,626.9102758380689,643.5718054661108,630.505101176681,644.5436921921522,634.1370249273305,645.3493982660954,637.8092652896024,645.958601983539,641.5190594530017,646.3535251376145,645.2576979328009,646.5304893071288,649.0129950360918,646.4955762732934,652.7723223099225,646.2514908113319,656.5238770470961,645.7925836512071,660.2551945662333,645.1016802486063,663.9504487451562,644.1558014859947,667.5886802452662,642.9496382106482,671.1490918269811,641.5033785365165,674.6191009545736,639.8842500487436,678.0123912981772,638.2180222848515,681.3829877604344,636.6545238988772,684.8021681052672,635.1857963312456,688.2633836887097,633.7683319041473,691.7458661064665,632.4383054102814,695.2626254672307,631.1980708488161,698.8120640209733,630.0405890223445,702.3893605799549,628.9585479047316,705.99020905776,627.9444631127692,709.6107961465242,626.9907573208062,713.2477657926836,626.0898449403985,716.8981809774965
385,634.2547814617516,535.5945955368052,634.4943135991354,539.3465237107496,634.5327330685761,543.1058192050582,634.380911413674,546.8624362287716,634.0979626425893,550.6116263524059,633.7343389601173,554.3539363779706,633.3356686743354,558.0927103341506,632.9418710912291,561.8319977627463,632.5836041783757,565.5748342951687,632.2880244688255,569.3231054719946,632.0823414893766,573.0773282048757,631.9939271353434,576.8360725915271,632.0467133322821,580.5954307855473,632.2518329405264,584.349541097024,632.6071267478213,588.0924525496349,633.1027121189076,591.8194163918708,633.7273410553358,595.5269666118745,634.4703557709697,599.2126435234123,635.3216778686091,602.8748430155101,636.2731809646082,606.5123136293146,637.3205263652708,610.1233575456331,638.4636864484429,613.7052207140388,639.6991411321258,617.2563200508201,641.0166868838957,620.7778167088728,642.3919684584657,624.2772274754799,643.7652776114803,627.7774034735259,645.0450756517915,631.3125847368734,646.1452295353027,634.907461690326,647.0179634382084,638.5640586279567,647.6450443908902,642.2706558163644,648.0225598511429,646.0109369439525,648.1516202549084,649.7680183230249,648.0305684068395,653.5253262766231,647.6463107791021,657.2647833661556,646.9762294151798,660.9635378397406,646.0015308571444,664.5938157642723,644.7243953926874,668.1291540319593,643.1862182658732,671.5593563284145,641.4777132898167,674.9085453786837,639.7375540878215,678.2415420814208,638.1124954549138,681.6318620229728,636.6445693169667,685.0931293647512,635.2827201312869,688.5977510825056,633.9705009738016,692.121283374621,632.7012279589552,695.6605165458499,631.4717574498821,699.2137759313036,630.2788900751215,702.779493247305,629.1193829809789,706.3562007209107,627.9899601779193,709.9425241313037,626.8873527460081,713.5371846274901
386,633.9855187444175,532.2259016627132,634.1907003666869,535.9802051647982,634.3140907960396,539.7380690297656,634.3461158009583,543.4978026502001,634.2772602196359,547.2570211940199,634.0992584296482,551.012643723574,633.8320636345516,554.763062308389,633.5216877652871,558.5101948153542,633.2051212810794,562.2568140241455,632.9208848545082,566.0059965791081,632.7047759508932,569.7596745552396,632.5863188268205,573.5176457126422,632.5904132044816,577.2774144450059,632.7429099528424,581.0340057591741,633.067783451047,584.7795442777265,633.5798641324908,588.5040840761769,634.2758920861755,592.198708386105,635.1372007425149,595.8584196549006,636.139447515805,599.4821496296191,637.2571233809028,603.0720307051357,638.4624511672884,606.633502644691,639.7243734731286,610.1753641815792,641.0104268751585,613.7085559617201,642.2887479922257,617.2445466365984,643.5295602816708,620.7938449282668,644.7041261712857,624.3655650844908,645.7831307358168,627.9672359163906,646.7357839517663,631.6042746590463,647.5295355277465,635.2791452998244,648.1302801513577,638.9903165989607,648.5130215482081,642.7301878606208,648.6655800401575,646.4864686342532,648.5847407684233,650.2449714706999,648.2707978859246,653.9912164378292,647.7277179060685,657.7111831121964,646.9643293596754,661.392310443729,645.9921271216651,665.0238952245937,644.8106224882345,668.592856524735,643.4418527358945,672.0944677259236,641.9583650711921,675.5493696313866,640.4755055656047,679.004568452641,639.0304742896546,682.4757526759699,637.6146808812143,685.958981243496,636.2169265351675,689.4494850497587,634.8478375738687,692.9513253619152,633.509215054663,696.4649265095724,632.1988606935971,699.9891692598234,630.9145481272386,703.5229870248569,629.6540305931399,707.0653637073285,628.4150705176424,710.6153388846308
387,632.0181669187511,529.8243595077541,632.414039342914,533.5633971843537,632.7495814464162,537.308321056139,633.0172683027084,541.0586948003789,633.2095595246832,544.8136769196718,633.3189670004117,548.5719739214478,633.3460098111362,552.3317895750328,633.3128023414301,556.0915884842352,633.2411433816117,559.8508680475878,633.1523269487866,563.6097898232472,633.0694464589125,567.3688440442389,633.0164328004997,571.1284221576062,633.0179683943967,574.8883436177614,633.1003224147604,578.6473146153402,633.2896055045766,582.4023644807452,633.6064672644069,586.1487594835822,634.0610466854145,589.8809297575729,634.6560764056114,593.5932957823222,635.3921130730979,597.2802855915788,636.272856083666,600.9353891240669,637.3038874153083,604.5509528022415,638.4796118674105,608.1221379313466,639.7767009021599,611.6511523718624,641.1565891659664,615.1487131614879,642.5747688022175,618.6309718769105,643.984110611888,622.1168049968622,645.3374364292782,625.6246973285074,646.589930568791,629.169725562706,647.6955876103015,632.7630946276729,648.6110143158509,636.4093942461636,649.3038053157818,640.1043744270478,649.7605995840406,643.8358453164306,649.9726888237228,647.5891468415815,649.9293567324971,651.3481150470674,649.6166551899322,655.0942109161223,649.019148962313,658.8054243824434,648.1206008589961,662.4553209714481,646.91955479841,666.0171738138781,645.4267290124106,669.4669192250752,643.6726720220066,672.7920193718882,641.8196692901831,676.0636731733965,640.0362438026469,679.37346960642,638.4126039815914,682.7644226441686,636.9386088845409,686.2231474979369,635.6011527736978,689.736971628708,634.3900123881905,693.2963506321872,633.2940801625188,696.8929097476454,632.3017195843065,700.5194452708247,631.4010480108481,704.1698606729807,630.5802186523741,707.8390768402347
388,631.1278890523864,527.5427299168274,631.5222052253688,531.2819469337451,631.870408470484,535.0257336735231,632.1666352518521,538.7739844824002,632.405003992187,542.526351595309,632.5796403367012,546.2822162870682,632.6866347091292,550.0406175676002,632.7349843671713,553.8002489275574,632.7390722516749,557.5602030487875,632.7164294400023,561.3201037072473,632.6921121984572,565.0799947720677,632.693822878868,568.8399475868408,632.7524225612314,572.5994027541767,632.9032388309924,576.3562102149583,633.1865887254631,580.1052285760657,633.6443475378804,583.8368125034885,634.301129938361,587.5385028645188,635.1529435080528,591.2003257847878,636.1673088220468,594.8206349277253,637.3022336325561,598.4051061076441,638.5189773734464,601.9627078281623,639.787276910023,605.5022914991112,641.0850041336902,609.031208245825,642.3921950864334,612.556635280416,643.6869151155462,616.0866533528538,644.9433196196964,619.6304608280694,646.1313872523403,623.1977048000988,647.2186786261511,626.7968625791916,648.1707973679149,630.4340030945085,648.9512284237312,634.1116616819683,649.5234461295665,637.8272723043115,649.8632438405622,641.5712178886557,649.9656863022938,645.3291947418066,649.8393321369878,649.0864917193617,649.4932365752197,652.829978727426,648.9314470028476,656.5472166885552,648.1499560904005,660.2244878597094,647.1417270592218,663.8461204829292,645.9074977465547,667.3971232763297,644.4690372080528,670.8705887532576,642.8961757244587,674.2856707466601,641.30253535273,677.6911739795949,639.8053218879819,681.1399782178197,638.4268912999039,684.6379875042193,637.1579796299029,688.1772286845178,635.9887038586917,691.7506531457433,634.9088183251131,695.3521243219283,633.9079052591233,698.9763587248608,632.9755127064897,702.618840930355,632.1012644772645,706.2757288556902
389,630.5782689424683,529.7351850294284,630.888206375149,533.4823495890154,631.1646395380558,537.2321313919525,631.4031166582091,540.9845145875928,631.5991764643916,544.7393488576889,631.7483582252162,548.4963330628917,631.8481692281574,552.2549558020118,631.9121635088139,556.0143755375165,631.9617947310174,559.7740191121779,632.0198195261266,563.5335376764061,632.1128679164085,567.2923304620228,632.2713854816988,571.0488852781443,632.529768168326,574.7998130797034,632.9274011512757,578.5384079874744,633.5067032902872,582.2530451714391,634.2857900049311,585.9309452862287,635.2450003695412,589.5662085724075,636.3378102146985,593.1637099204505,637.5236586004652,596.7317096448714,638.7716813877666,600.2784828468801,640.0581902576998,603.8114990990193,641.3653033773834,607.3369524169447,642.6809387123603,610.8592368277128,643.9931980937699,614.3827791750733,645.2869774881715,617.9131400983235,646.5426703042182,621.45720446914,647.7365502841853,625.0225268026114,648.8418537467218,628.6162341325295,649.8277438517476,632.2444232862018,650.6578296243986,635.9112527565553,651.2908995604544,639.6170140612651,651.694155573243,643.3546380964482,651.8477102321533,647.1107557405591,651.7336051283737,650.8681099048732,651.3210433595578,654.6043204937325,650.5997352320779,658.2933410161655,649.5667711868384,661.9074265213548,648.2412395543552,665.4250938443303,646.6980659457901,668.8533687711114,645.0344832353401,672.2252134918891,643.3343284515638,675.5788459690032,641.6476454049578,678.9392678860337,639.9851814964057,682.3117347206717,638.3473098499163,685.6962145188065,636.7324512476802,689.091736057388,635.1390035557725,692.4973588356241,633.5653481988378,695.912173257738,632.0098526427074,699.33529878745,630.4708725867247,702.7658819350795,628.9467633971223,706.2030983137274
390,629.855117178234,532.390866297017,629.9920607058552,536.1483419132452,630.1397675411534,539.9054094250525,630.2998890941649,543.6619678625831,630.4740763371068,547.4178998597635,630.6639792892059,551.173069488052,630.8712467271652,554.9273200826165,631.0982147871442,558.6804296065575,631.3497461455943,562.431969426503,631.6346765951416,566.1811124806064,631.9657092235626,569.9264512401662,632.3601728604979,573.665611169772,632.8455944972818,577.3939696282266,633.4813431890708,581.0994122193897,634.3154672830914,584.7651822321877,635.3354300133913,588.383913779106,636.448169211781,591.97542205697,637.60136597701,595.5541703522234,638.7969368105939,599.1189531686692,640.0630549453033,602.6592582688565,641.4097384006061,606.1697045900942,642.8268223291727,609.6523615752706,644.2916541530763,613.1152418185121,645.7747143974855,616.5703705979632,647.241431345184,620.0324514943438,648.652651259368,623.5174599030096,649.9659593091046,627.0404206166554,651.1361530911736,630.6133027628479,652.1148369576096,634.243097864944,652.8517056666158,637.9293350806419,653.3093905845809,641.6603964677737,653.4640390125644,645.4160926882803,653.2951678942843,649.1710936422263,652.8037407183672,652.8976701850089,651.9968914747321,656.5688989025233,650.8789409393324,660.1576155644917,649.4578027518844,663.6375267646563,647.7801034980132,667.0016676182679,645.9017249204633,670.2583002055053,643.8718847910222,673.4229951697134,641.7551864848095,676.530535959367,639.6964230786704,679.6764382772647,637.7829745659104,682.9127554486471,636.0102958355723,686.2283295457305,634.3684218466559,689.6106409658676,632.8463064366172,693.048557062905,631.432275611439,696.5323623544258,630.1143779738136,700.0536925859233,628.880634503092,703.6054099956378,627.7192288968407,707.1814580091603
391,630.8756632003198,528.774486030729,630.7920382129761,532.5335237835358,630.7294177288205,536.2929673232768,630.6938486687386,540.0527605132171,630.691409597513,543.8127167256324,630.7282090534691,547.5724883681298,630.8103784109239,551.3315360063839,630.9440581545265,555.0890974844835,631.1353764642685,558.8441576974456,631.3904191731034,562.5954199566463,631.7184637717838,566.340976047559,632.1458221800392,570.0764360193722,632.696650507657,573.7956414247534,633.4010975627766,577.4886576864951,634.2937336440534,581.14078354871,635.3040286127373,584.7624314859307,636.2993407890925,588.3881697395143,637.187983880922,592.0415067349015,638.0113522815648,595.7102099149208,638.8629573980716,599.3723955020575,639.8346577102408,603.0043257429642,640.9820948080202,606.5845125652489,642.3057686347186,610.103440753633,643.7615363427153,613.570005308911,645.2921510251572,617.0043017662103,646.8374012217173,620.4320635626742,648.3327647192568,623.8817860037373,649.7100923437491,627.3800887850507,650.899905954008,630.946205747774,651.83953240205,634.5859590512714,652.4864120505234,638.2888208729762,652.8327433445342,642.0318208289987,652.8893200855788,645.7904985929819,652.6724616877691,649.543429908732,652.1962298162294,653.2723996555495,651.472566690521,656.9613934347216,650.5112719200456,660.5957417834059,649.3192745915711,664.161093638519,647.9004637399902,667.6423977465433,646.2588053079947,671.024330741294,644.4102430417064,674.2978858529185,642.4341806033441,677.496676345847,640.4719755771993,680.7039982148287,638.552878374523,683.9373021972385,636.6744564594467,687.1944090152886,634.8341961716309,690.47323184776,633.0295156389088,693.7717750048371,631.2577766235792,697.088131379884,629.5162948989769,700.4204786540572,627.8023544573681,703.7670771917509
392,627.8343683868428,533.4794091706456,628.3406977863064,537.2051302374358,628.8313791027009,540.9329436792151,629.3042257342321,544.6630604007569,629.7570459583993,548.3956601944535,630.1876435192473,552.130887764478,630.5938186490666,555.8688487212119,630.9733710647952,559.6096054171185,631.3253214890883,563.3530605586111,631.6558885143169,567.0984709651578,632.002004071156,570.8424545388065,632.4505503348039,574.5752671847797,633.105879322194,578.2770588959364,634.0028921594321,581.9278041979642,635.098488333274,585.5242781409364,636.3340627270795,589.0752575090102,637.6696825375916,592.5899168881,639.0765804551289,596.0767038514596,640.533656165438,599.5428474669732,642.0226849707623,602.9954009973821,643.52560049996,606.4419393931418,645.0243934033535,609.8902707163547,646.5032068117969,613.3472088642271,647.9465439178931,616.8190929339726,649.3364871519105,620.3126651523274,650.6498470098614,623.835691055878,651.8582520928035,627.3960006619485,652.928347326234,631.0001758103061,653.8215424454207,634.6520448374765,654.4943547534758,638.3506541607615,654.904762152769,642.0872801960912,655.0303319159565,645.8442463118419,654.8590702663445,649.5992578608915,654.3686949528064,653.3259494390281,653.5636509174452,656.9976091507611,652.4560186182936,660.5896189146071,651.0546388177002,664.0775187344964,649.365522576212,667.435471223381,647.3949225769717,670.6363611417577,645.1934470366891,673.6837420909287,642.8598882570177,676.6318134907192,640.4985014432868,679.5577726487992,638.1385505663344,682.4848899808576,635.7817161549506,685.4145169508747,633.4296459270224,688.3479698889608,631.0839977040754,691.2865600338067,628.7464415342968,694.2315906209272,626.4186617012675,697.1843538495353,624.1023585812468,700.1461277042115,621.7992681186915,703.1181863631891
393,628.658374734582,533.9229568624295,628.8951434411725,537.6754642649335,629.1464968038789,541.4270217928406,629.4160840094155,545.1773116589073,629.7075555961434,548.9259623974503,630.0245613231974,552.6725381509157,630.370746724029,556.4165280546629,630.7497481259918,560.157335811128,631.165185922663,563.8942695791615,631.6240335717283,567.6261020028041,632.1855589382449,571.3436437419812,632.9338230842543,575.0278643876212,633.9033712012304,578.6601791087979,635.028741273937,582.2476330112761,636.2209264423058,585.8135849705012,637.4168674063391,589.3782870577221,638.5997477559555,592.9473442339864,639.783934764452,596.5159673409545,640.9916612405696,600.0766793639963,642.2475376004555,603.6206594976286,643.5808804067058,607.1361633978734,645.0198650908342,610.609702650347,646.5568661422626,614.0410815393362,648.1403874252462,617.4513350715009,649.6910265600864,620.8766016632941,651.1468463579519,624.3430939126509,652.4664520438834,627.8635851351595,653.6178660947872,631.4424828307328,654.5696394287995,635.0794570982274,655.2976993129536,638.7675690805435,655.7311158526784,642.501152649583,655.8123031824744,646.2589169387435,655.5552629880677,650.0088967086576,654.9772101446857,653.7230488009361,654.091249403573,657.3760552385957,652.9063270292157,660.9433135791052,651.4275449287504,664.3990685313831,649.6567846904558,667.7146014159033,647.5945212562743,670.856988550648,645.28262457096,673.8213074967555,642.8290986890454,676.6702857951617,640.3562503692771,679.5026540558983,637.9115622927742,682.3593594374775,635.4958296770782,685.24059221094,633.1091798274051,688.1459613514753,630.7517281316623,691.0750721167768,628.4235781426192,694.0275265309774,626.124821682322,697.0029238624821,623.8555389677557,700.0008610943405,621.6158327813095,703.0209584179121
394,630.9107604433079,532.049493376308,630.5613959125648,535.7931751701476,630.26659251755,539.5415271749289,630.0441123460828,543.2948373892422,629.9125492087117,547.0523952663082,629.8913734099829,550.8121479010358,630.0008410086039,554.5703069869464,630.2617077668126,558.3209283758094,630.6946836710297,562.0555149361192,631.319578962573,565.762730920553,632.1484415385238,569.4297388616211,633.1551526838595,573.052165916121,634.2241871339318,576.6569466892885,635.2305291044904,580.2796770665345,636.1723067488708,583.9197641185394,637.0928004320045,587.5653192605032,638.0352658050333,591.205237646773,639.0361232349038,594.829478504058,640.1361372012243,598.4247580593184,641.3777596293095,601.9734773211363,642.7812650930275,605.4613161126236,644.3318684458188,608.8864372466123,645.980103862173,612.2658207978823,647.6622727437639,615.6285110133998,649.3127338581319,619.006814868826,650.8704395896007,622.4287292676748,652.2825633600797,625.9130555725355,653.5035708900227,629.4686695464769,654.4978664295022,633.0940791464454,655.2414313229017,636.7790169570175,655.7247196894546,640.5070560709362,655.9557650509487,644.2591801184419,655.8735475708663,648.0167539912844,655.412596285782,651.746814838428,654.5963960645304,655.4157674399675,653.4547484790753,658.9969936510375,652.0128561860995,662.4683387390633,650.2908078578384,665.8096294158659,648.3036810731024,669.0004014369998,646.0740253123564,672.0270763293191,643.7671147594807,674.996107625582,641.5474445451603,678.0307760997123,639.4235418311387,681.1332558379268,637.3890217796849,684.2950985201705,635.4370147842374,687.5085621964519,633.5603326065267,690.7666113384649,631.7516006396824,694.0628865684228,630.003357836338,697.3916540149604,628.3081277085727,700.7477422058884,626.6585053788033,704.1264920571664
395,629.7368724344851,529.2274173179508,629.8957451121843,532.9840299071263,630.051135755111,536.7407889041035,630.2129992733641,540.4972731571206,630.3913168109497,544.2530086799479,630.5961418584321,548.0073859582409,630.8376398394201,551.75957444151,631.1261167364709,555.5084328587731,631.4720316191224,559.2524146704898,631.8859870948686,562.98946901439,632.3786908830783,566.7169390349119,632.9608811916959,570.4314615684505,633.6432087519377,574.1288747994421,634.4360697651139,577.8041435566417,635.3455943964337,581.4523066355694,636.323361429787,585.0829112162693,637.318066404968,588.7089154820443,638.3656301108238,592.3198563953094,639.5976352166058,595.8714780689655,641.0727070613649,599.3292411638568,642.7292246190023,602.7044477522838,644.4390384544163,606.0531632303367,646.1494898892051,609.4015539271754,647.8339076690794,612.7630964670348,649.4675102317601,616.1495870180745,651.0243080842745,619.5720034294359,652.473932258888,623.041079214728,653.7808720862714,626.5662493658699,654.9043082190914,630.1539274008425,655.7990555658951,633.8051282067038,656.4201384703796,637.5124626808969,656.736918452609,641.2579691751482,656.7405240791007,645.0168918791329,656.441973501628,648.7640238726933,655.8549033931445,652.4769731416177,654.9905258999905,656.1353540977914,653.8567797602303,659.719423115604,652.458006416867,663.2085619414864,650.7938815333888,666.5791489331536,648.8680986828197,669.8073617149831,646.7133988424504,672.8879420033311,644.3903149684076,675.8438926883367,641.9266713245031,678.6838516693982,639.3416229726174,681.4138589021733,636.6532027986009,684.0422163208347,633.8779872851208,686.5788343406753,631.0309893134081,689.0346794448639,628.1257107017874,691.4213480528639,625.1742951816755,693.7507640613743,622.1877117011743,696.0349491546374
396,640.7315051004197,593.4552820722608,642.3589691880928,596.8447753480247,643.9941317376743,600.2305712678207,645.6096484361225,603.6257770388164,647.1965566049752,607.0344456826514,648.7549059859998,610.4562655120583,650.2832324840838,613.8915972562444,651.7772035347034,617.3420029226199,653.2257896999619,620.8116812911395,654.6012056254541,624.3109386854841,655.858463986191,627.8542095711377,656.9502642891262,631.4517407224083,657.8342601107311,635.1056912123538,658.4667172164853,638.811231433124,658.8025464572087,642.5550518998102,658.8063359362494,646.3137251004864,658.4582726266016,650.0561387053206,657.7513281930025,653.7475694698534,656.6915227166493,657.3536020369866,655.2987060001183,660.8447007868025,653.6047171492866,664.2002294647596,651.6482081327376,667.4100260588365,649.4676687456927,670.4722789031928,647.0980896214013,673.3909079534398,644.5696647919008,676.1732224223687,641.907612774582,678.8281027181285,639.1326862897834,681.3648776628512,636.2619236260209,683.7927505538422,633.3095071645479,686.1207124459369,630.2878030458756,688.3580674373978,627.2086160936993,690.5156875918849,624.0836807973159,692.6065585880991,620.9247107727738,694.6456932408864,617.7432890606107,696.6496543739157,614.5512106243802,698.6366150081872,611.3595035099667,700.6241715941014,608.17598456276,702.6248127389557,605.0019001392818,704.6403904914259,601.8328168072028,706.6638267539863,598.6639149718137,708.6875473728913,595.4879795401321,710.7001966495299,592.2909677240958,712.6791656504249,589.0701865664767,714.6192154713102,585.827617659493,716.5226314841442,582.5651713712755,718.3917782043081,579.2846793173117,720.229073839059,575.9878973056796,722.036981010915,572.676509201426,723.8179986655122,569.3521315521707,725.5746551142221,566.016308385355,727.309481928818
397,627.7972704585178,536.0246245899443,628.1546557817445,539.7675717129348,628.5272195455691,543.5090344736064,628.9269056271436,547.2476898302976,629.3658283449818,550.9819312759505,629.8563307508637,554.7097337143636,630.4110192718726,558.428508350007,631.0427639259616,562.1349473204652,631.7646509498187,565.8248607856045,632.5898726352209,569.4930136259642,633.5315384946495,573.1329749822281,634.6023940772476,576.7370013120798,635.8144406728172,580.2959814707023,637.1729032224471,583.8017076176662,638.656063272668,587.2566266421504,640.2262613738384,590.6729745281083,641.8439319440895,594.0671501374181,643.4788668024509,597.4530575093407,645.110894906871,600.8403654410073,646.7233042037752,604.2370466619935,648.3009383419517,607.6500045214913,649.8305747438036,611.0847255693913,651.3004937826151,614.5454048825869,652.6976101232053,618.0360833391992,654.0052330664013,621.5612179381319,655.2018393494877,625.1255021705888,656.2617273075776,628.7327147270335,657.1548944743874,632.3846596176295,657.8443697211783,636.0802859599787,658.2837947208749,639.8136376916964,658.4231278222054,643.5699114057799,658.2455385005927,647.3245952000764,657.7551702608678,651.0513617647383,656.9566504030443,654.7244802439859,655.8619873982477,658.3205239764108,654.4822810073922,661.8171335886466,652.8275942636352,665.1923351163115,650.9108125669314,668.4259247314496,648.7474951532321,671.5000753335654,646.3529170621533,674.3977471997455,643.7647914739238,677.124462520294,641.0419209971878,679.7169406386218,638.2099053391862,682.1898229377466,635.2857056042458,684.5530752489996,632.2848915141408,686.818336149059,629.221535758969,688.9983514366398,626.1082688138027,691.1065365729601,622.956437410076,693.1566673681809,619.7763229942389,695.1626827216716,616.577379944017,697.1385588342281
398,644.7972858243087,597.7615347794922,646.449166971729,601.1391737265461,648.0483607215816,604.5420613541456,649.588424355954,607.9721058561494,651.0618615402728,611.4312787925988,652.4599129132217,614.9215839236733,653.7727456518394,618.4448026783693,654.9851827711196,622.0037655180821,656.0649436653596,625.6050718888197,656.9757925011942,629.2526425087017,657.692079917291,632.943287699346,658.2029524711579,636.6678931361545,658.4967270339889,640.4158161299383,658.5579173048654,644.1746515085658,658.3673797116429,647.9290327399415,657.9020033715882,651.6591713258356,657.1377395807848,655.3395290207067,656.0587174758317,658.940087702121,654.6625373576131,662.4298837552562,652.9591633498331,665.7805044815144,650.969385015515,668.9694886119759,648.7239282171404,671.9841380862124,646.2605947027314,674.8238103425474,643.6187428136886,677.4984750530807,640.8327277342933,680.0228525536095,637.9311619525528,682.4136987339599,634.937607507181,684.6884550901816,631.8715328989305,686.86459290385,628.7498115322818,688.9602147535165,625.5862411802227,690.992169747884,622.3909962919581,692.9739775188602,619.1706855404163,694.9148100928098,615.9307972255352,696.8227976787363,612.6767984445565,698.7066328644567,609.4142930626915,700.5757053624109,606.1485042202187,702.4390377519447,602.8837558308062,704.3041917989798,599.6237911227814,706.1776913523672,596.3722892480414,708.0658344818681,593.1332502118124,709.9752704016195,589.9102410631119,711.9116317310755,586.7096749044655,713.8848375621168,583.5326124225195,715.8957058285581,580.3609309534949,717.9150674028233,577.1880118265092,719.9324836421957,574.0132815507609,721.9470484008676,570.8361856162071,723.9578801083967,567.6561724300598,725.9640949356709,564.4726940348366,727.964806306463,561.2851994736383,729.9591126342958
399,646.9077014685523,600.1603543431764,648.7065801114362,603.4620012541501,650.4219649440595,606.8077324823004,652.0379136983214,610.202581408364,653.5458738777486,613.6467391218524,654.9385610044557,617.139079941258,656.2066706566983,620.678532005311,657.3394969470374,624.2635415321535,658.3268263551245,627.8912936068222,659.1585644352648,631.5578014728409,659.8147679416527,635.2596549856254,660.2562800791746,638.9929681987028,660.430643862194,642.747943965254,660.284482025714,646.5037612163479,659.7701782644515,650.2267108400384,658.8665236970782,653.8746533348775,657.5915737892568,657.4102989279974,655.9991940577553,660.8151927688061,654.1428750847894,664.0840076760476,652.0598216125145,667.2133636119353,649.775702036364,670.1992508632028,647.3141813701934,673.0407914668751,644.6985993804067,675.7413223562083,641.9510792703459,678.307626525036,639.0921826978685,680.7493643381624,636.1409378815295,683.0787532709222,633.1149003391942,685.3102201325029,630.0294653525607,687.4588903579883,626.897181088637,689.5387249305315,623.7275933194896,691.5612936097085,620.5284038209978,693.5367353559847,617.3069064603168,695.4756090906277,614.0702539460191,697.3890933050463,610.8251632192955,699.2882408128783,607.5772796310748,701.1826105816405,604.3303436526272,703.0786036850451,601.0860406280061,704.9790983992567,597.8444247240682,706.8841729492383,594.6050572483337,708.7930684114923,591.3672662328732,710.7046367644573,588.131560864153,712.619732636989,584.8998436509536,714.541550217977,581.6722597699769,716.4703016479548,578.4485037227846,718.4054444071394,575.2282668209285,720.3464378500192,572.011237458102,722.2927430582245,568.7971013952812,724.2438227147429,565.5855420404913,726.1991409688702,562.376240723637,728.1581632928862,559.168879348634,730.1203602222992
400,650.675291332546,603.5712618611047,652.5387489361669,606.8364792913608,654.220632816153,610.1987812891484,655.7166356283783,613.6478429531771,657.0318966908671,617.1698539686128,658.1831788666984,620.7489513166744,659.2042201097771,624.3674780061593,660.1284393640816,628.0120019911906,660.952733997792,631.6803450485487,661.6199406127938,635.3801509697087,662.0333465042584,639.1163995045218,662.1415949506126,642.8737088684445,661.9418419392589,646.6274026786057,661.4463304407001,650.3535752874313,660.6430604746873,654.0255387128649,659.5047042720792,657.6075264898735,658.0221195488713,661.0612284196136,656.2119298461945,664.3551888147094,654.108114491158,667.4700568412666,651.7530232851682,670.3998702374626,649.1909045340557,673.150809071646,646.4622885813478,675.7369628275422,643.6000763525207,678.1746518699572,640.6301900029856,680.4801106607642,637.5749331811535,682.6713272685201,634.4547551126527,684.7692008962391,631.2887120011319,686.7972949342083,628.0933602144262,688.7789524033578,624.8807894908759,690.7325965087111,621.6576309003516,692.6687281567262,618.4254168967487,694.5897049874678,615.1839633641104,696.4950487404332,611.9327687697213,698.3837218254237,608.671546729932,700.2550267657472,605.4009870839645,702.109966905084,602.1248319246845,703.9550113439755,598.8499752901978,705.802357493193,595.5850188144128,707.6671297641439,592.3373651100873,709.5618632033583,589.1080477569623,711.4876891595915,585.8899480672412,713.4322225937584,582.6587474261041,715.3548096877896,579.3791527113469,717.1934664914886,576.0497584567137,718.9403799152753,572.677583199683,720.6032581106639,569.2690195338446,722.1902565329341,565.8298504188632,723.709831710849,562.3652897855565,725.1706251156892,558.8800401752302,726.58137679274,555.3783440640236,727.9508216392783
401,652.3072810599268,605.4535435502394,654.212025024825,608.6951630571565,655.9950652424742,612.005173324643,657.6281385548422,615.3915894686141,659.0904592426108,618.8550981335923,660.368672971404,622.390665863824,661.4536953682714,625.9901954154948,662.3360356195951,629.6446533748957,663.0016931514543,633.3446494684733,663.4298636079768,637.0794653743022,663.5935815168207,640.8350128337308,663.4620249731616,644.591621863101,663.0045787521096,648.322378369328,662.2020008624582,651.9942533101935,661.0533443974033,655.57301857709,659.5766273023422,659.029466729773,657.7997400821466,662.3417871100104,655.7548258604783,665.4958842527523,653.4756707974987,668.4853179456936,650.9962245850793,671.3110624706247,648.3492990700632,673.9807822727458,645.5645918575814,676.5066457602846,642.6675945083864,678.9030436937555,639.6793649438023,681.1847903355691,636.6173144183668,683.3665712760047,633.4962231855493,685.4631040219334,630.3283423008827,687.4883017357466,627.1230602046138,689.4538053421184,623.8864154294641,691.3672440508627,620.6223442844122,693.2335240530526,617.3340665263339,695.0568277926159,614.0251141505507,696.8423507488167,610.6999088968786,698.5974365022031,607.365194342502,700.3344027441753,604.0305188858616,702.0714433942578,600.7078378918054,703.8312871463799,597.4098820911826,705.6369793881089,594.1495756231453,707.5097170016136,590.9361116076127,709.4617171719947,587.7669248184317,711.4849076698564,584.6157394907084,713.5361036031109,581.438665435077,715.5467974331972,578.2094492542308,717.4726047456329,574.9323336433462,719.3157564539888,571.6131543172825,721.0820685149674,568.2572999563681,722.7776968767586,564.8697154487153,724.409039442789,561.4549209163011,725.9826556075298,558.0170422002258,727.5052030227389,554.5598330480586,728.9833524073047
402,653.9155053298514,607.3578332067244,655.8098993223285,610.6055261268432,657.5789925959666,613.9229587548631,659.1773216162868,617.3257503859392,660.5667844274927,620.8188957685853,661.7248062422187,624.3953873596579,662.6465420634893,628.0399602375884,663.3331016038128,631.7360860098441,663.7822043249432,635.4684855137506,663.980396069581,639.2224636663964,663.8964994400042,642.9805119172286,663.4939662948815,646.7176140565629,662.7538133494287,650.402726952136,661.6885985811548,654.0074149020309,660.3172381236827,657.507182266427,658.6546192397406,660.878347850589,656.7160458853967,664.0988165213469,654.5250939645382,667.1533433258122,652.1152179486287,670.0385197146398,649.5232745431408,672.7615726010572,646.7841218860472,675.3367227250586,643.9280590523715,677.781767218543,640.982350595461,680.1181942142173,637.9663946265582,682.3632948716664,634.8909712822884,684.5262444436689,631.7607269815863,686.6090822514665,628.5801572248346,688.6142493392213,625.3541651320523,690.5455151015934,622.0886569825251,692.4092231374186,618.7911209556806,694.2157026811597,615.4706270178461,695.9796696727748,612.1366225397177,697.7179931675545,608.7981670368242,699.4477616924562,605.4642686831072,701.1862865267992,602.1458768500664,702.9541943161938,598.8526343850319,704.7684815823965,595.5882011492305,706.6341217268067,592.3474632357317,708.540659222982,589.1199824547383,710.4695799454456,585.8935075623401,712.4001848094555,582.6560961848553,714.312373551135,579.4021943402356,716.1963745762936,576.1441446724734,718.0732059968091,572.8879883025662,719.9533201435022,569.633735937707,721.8367279962126,566.3813235905077,723.7233115747072,563.1306869191484,725.6129530707965,559.8817612416368,727.5055348444723,556.634481549962,729.4009394198187,553.3887839125018,731.2990518542368
403,655.8995790396968,608.0515437523346,657.7972350001461,611.2972573571714,659.550738374818,614.6228657256341,661.1162336104182,618.0408041854525,662.4568248468668,621.5529056179167,663.5508316186366,625.1493934935877,664.3866738913617,628.8144743904276,664.9552807745783,632.5303569908051,665.2436375049766,636.2783404507871,665.2356835402702,640.0372842054569,664.9120749741694,643.7821286310066,664.2609207909609,647.4840683030616,663.2901468439201,651.115401010634,662.0256294497846,654.6553370429649,660.4945789929259,658.0885426269953,658.7203157001035,661.402700128474,656.7226931156273,664.5872902141308,654.5185537368952,667.6326482714176,652.1230372666531,670.5299210851804,649.5509854821734,673.2717319524046,646.8178751493026,675.8530888215632,643.9398015158505,678.2718443202828,640.9351905770551,680.5316226586614,637.825112186656,682.6440855121924,634.6321986129702,684.6293226003542,631.3777430250852,686.5121462545791,628.0801633843944,688.3185022733749,624.7561653821023,690.075857485653,621.422124702512,691.8141193537454,618.0932691932402,693.5622777699572,614.7774150777423,695.3349646787342,611.4750854447265,697.1327279362412,608.1827766132467,698.948784946269,604.8970865521753,700.776794017437,601.6143627756458,702.6101267434017,598.3315914738681,704.4433744061795,595.0476610999924,706.2745450152846,591.7638778342731,708.105979326462,588.4828139587156,709.9422795270747,585.207206090736,711.7882922014031,581.9402038714715,713.6494848115094,578.6884384847499,715.5371487614642,575.4639402423292,717.4709607560839,572.2750575195206,719.4629563076579,569.120325664767,721.5086224008928,565.9972571233645,723.6023232818472,562.9031196249797,725.7385594931683,559.8349760714809,727.9119744149064,556.7897205458198,730.1173530916305,553.7641156668218,732.349621910869
404,656.6862086740763,609.8921300267086,658.3744414424062,613.2516486231023,660.1280629338332,616.5776293908539,661.7962102317634,619.9468398152408,663.2065496025283,623.4307727153705,664.2589174924976,627.0386792277102,664.9329415126417,630.736187717585,665.2566347729228,634.4809935187221,665.2734221077542,638.240043649593,665.0271177949377,641.9912931472842,664.560038993171,645.7216957252641,663.903707060555,649.4235199436644,663.039359304189,653.0821748637322,661.9138507177464,656.6686492695619,660.4714503533638,660.139372191792,658.6829356230095,663.4447851914489,656.555765755034,666.5431242283875,654.1294304900807,669.4136327707148,651.4637222857368,672.0639977804988,648.6231016507089,674.5265315900499,645.6569433830709,676.8367012732893,642.6013189243714,679.0274063064628,639.4806099487896,681.1244774734673,636.3091750732709,683.1440774811376,633.0952204358124,685.0953358169717,629.8447589181682,686.985180440725,626.5631765612496,688.8204793954341,623.2558417255404,690.608978694135,619.9284567850135,692.3599163416986,616.5869783356268,694.0838242199471,613.2375097630048,695.7921670462588,609.8863389114008,697.4971706610587,606.540118858305,699.2118629581416,603.2047794111503,700.9476119246882,599.8847621176933,702.7124812631586,596.5829715202678,704.5112103945303,593.3020634669037,706.3477435404542,590.0455504817379,708.2271792993207,586.8167525993209,710.1538312121622,583.6154007680589,712.1257746640066,580.4314212094864,714.1256821566067,577.2457602975545,716.1229050758983,574.0393608275075,718.086613974023,570.8019019684735,719.9986619766984,567.5345655440526,721.8592076887205,564.2406474172258,723.6722899087003,560.9232605315194,725.4420779706797,557.5853424645462,727.1728424966948,554.2296667238521,728.868930952932,550.8588539837839,730.5347418807836
405,660.2644685622425,613.0336304917705,661.7786688707542,616.4749189937718,663.1359431834325,619.9809911787178,664.314834853344,623.5509101510538,665.2925023148905,627.1809992185978,666.0443419543074,630.8643713073516,666.5439064368493,634.5902159472522,666.7652162012508,638.3427433541242,666.6882308900397,642.1009005589035,666.3007604265591,645.8397599591049,665.5978274949911,649.5322851720134,664.5790863935744,653.150401601828,663.2495220853183,656.6661933123547,661.6183874518582,660.0526238762412,659.6982804306938,663.2839993402586,657.5069962696974,666.3380555582319,655.0730323059354,669.2026651324625,652.4302062206,671.8760254768254,649.611043153431,674.362960320753,646.6456944106952,676.6738755146323,643.5639102283503,678.8273355152855,640.3932622654087,680.8479086194435,637.1569223368424,682.7616729393858,633.8729086288157,684.5925447485572,630.5563521086339,686.3638700957039,627.2197388976538,688.0971649932916,623.8723524206674,689.8095802354047,620.5198251211555,691.511914491531,617.1660862988317,693.2118616934981,613.8144599210063,694.915968413973,610.4681808196361,696.6305475904088,607.130464542292,698.361730573932,603.8045668587805,700.1155038975143,600.4935733588405,701.8972472391699,597.2001173901889,703.7111960187805,593.9261361383625,705.5600585709994,590.6726298115922,707.4447181419191,587.4388296558528,709.3630021292902,584.2214514288958,711.3087161949051,581.0149525108023,713.2723171354949,577.8149116048842,715.2464289505797,574.6098992193752,717.2124412568988,571.3829064646015,719.1421349461925,568.1325936408717,721.0322907875378,564.8609221272962,722.8852368914195,561.5697707769956,724.7033640290591,558.2609378516482,726.4891149688362,554.9361441592031,728.2449752656299,551.5970370901064,729.973465263116,548.2451872855252,731.6771171889156
406,662.0462422185433,614.4456704239925,663.5605622847331,617.8867843144674,664.8772469460907,621.4080107934346,665.946379133903,625.0118974162694,666.7394194724951,628.6863397536808,667.2518999924783,632.4103665552658,667.4913903002135,636.161891743418,667.4593341978473,639.9209128004636,667.1516072831221,643.667410018892,666.5594084778575,647.3794962354074,665.6701992158803,651.031703133142,664.4706675946474,654.5939311725953,662.9570590112618,658.0344008893309,661.1448177221832,661.3274979065978,659.0638582621589,664.4579053093211,656.7465655692309,667.4178131830286,654.2220372141367,670.2032231723447,651.5152035350245,672.8119467969727,648.6479229356966,675.2433376050758,645.6410577400941,677.4999676057371,642.5172326192434,679.59189234218,639.300240384832,681.5377396021461,636.0131093297158,683.362821305008,632.6767881249253,685.0965344204506,629.3117116856911,686.7738805994718,625.9348269274553,688.4273689449071,622.5571645892225,690.0792709754604,619.1830940776849,691.7384942321476,615.8154161054757,693.4106500871812,612.4568068852554,695.1009412606113,609.1099839926904,696.8144445379806,605.7775716699424,698.5557995704793,602.4623466042406,700.3296486539048,599.1666935331408,702.1395949538381,595.8914285397734,703.9861838161137,592.6347882267377,705.8654342044296,589.39335077066,707.7707979088254,586.1636702426248,709.6960292882264,582.9425661985863,711.63558037923,579.7267581183122,713.5839025122991,576.5127340930853,715.5351672865986,573.2964875637559,717.4827651926049,570.078219105857,719.4270212950449,566.8644170009267,721.3786488397424,563.6563725117211,723.3397265614825,560.4537592106229,725.3096617061884,557.2562458600602,727.2878643964968,554.063496711084,729.2737474211923,550.8751718596894,731.266726118488,547.6909296122716,733.2662214597467
407,664.405835772976,616.9354220420554,665.7876211352684,620.4315592540512,666.919425090769,624.0162403748717,667.7748255185463,627.6766774510767,668.3455067073311,631.3921438065929,668.622206341008,635.1409294886855,668.591356420211,638.8996839583269,668.2387798063916,642.6419037971734,667.5586831069603,646.3386554408969,666.5678768543515,649.9646607588107,665.3045254767967,653.5052294509683,663.8103921490725,656.9549179272593,662.1041535324603,660.3047380156476,660.1666110649984,663.5260044235897,657.9734544463596,666.5786608669597,655.5196843683481,669.4259977155943,652.8288157439611,672.0505932515578,649.9400106756526,674.4559833382923,646.8953288932572,676.6611844651384,643.7336950294392,678.6955641610773,640.4889425224118,680.5949011773306,637.1898325290654,682.3984063197237,633.8581174571431,684.1410593424772,630.5078673503708,685.8478474657767,627.146104104751,687.5318600422283,623.7768896138175,689.2009209773342,620.4034960793327,690.8615226550709,617.0290910675006,692.520068815966,613.6567861373543,694.18287924613,610.289693315747,695.8562147111254,606.9309188400356,697.5461789185437,603.5835591581806,699.2586336862335,600.2506862725256,700.9991062866268,596.9353050728697,702.7726616409036,593.6405154451334,704.5841724721209,590.3695636121648,706.4383674258985,587.125564809183,708.3393151035004,583.9103770858453,710.2885948967773,580.7235078660598,712.2838469224201,577.56378873771,714.3218243834208,574.4287858245902,716.397647392448,571.3044698154338,718.489543735175,568.1829076079083,720.5855477628766,565.0630631295189,722.6841079223991,561.9440422052438,724.7838920007812,558.8249489402897,726.8835686121164,555.7048873399775,728.9818059246578,552.5829629320028,731.0772703881416,549.458284402006,733.1686254759338,546.329959159639,735.2545213023952
408,664.7733767723116,618.226004667899,666.0997533577795,621.7440287032973,667.273306172903,625.3157716810374,668.2464280798389,628.9470137301895,668.9661002647924,632.6365503290809,669.3834413672996,636.3721582773125,669.4721220883789,640.1298557987366,669.2274825127179,643.8806465395638,668.6510403698181,647.5949189012559,667.7433231144753,651.2423696940068,666.5075940508553,654.7921125708647,664.9550142000435,658.215179928719,663.1036964866662,661.4864192108369,660.9776858135862,664.5863005269671,658.6062905980613,667.5029151910348,656.0205459459273,670.2314875151189,653.2484513669604,672.7706653867103,650.3123841508284,675.1183909399699,647.2294252093257,677.2696584822223,644.0178991471894,679.2239481419261,640.7050678230124,681.0015615330227,637.3262370292556,682.6507900705353,633.9180196726313,684.2386615661421,630.5053560128611,685.816983856074,627.0985081520785,687.40781853296,623.6974826477704,689.0110644145897,620.301581310106,690.6251355491638,616.912262830549,692.2529802929357,613.5320058272524,693.8995528169127,610.1631217382572,695.5692661536611,606.8070311122885,697.2645448934935,603.4642167966246,698.9858547415963,600.1345054217787,700.732378088335,596.8175308050508,702.5029724948381,593.5131994516703,704.2970520668384,590.2214683923739,706.1141474064461,586.9424087765409,707.9540106421213,583.6769868388282,709.8179662251393,580.4280519144603,711.7105033999968,577.1998737355807,713.6382166138351,573.9992493039348,715.6113070698775,570.8313601472028,717.6365402319412,567.6942615352345,719.7091618653927,564.5856497463404,721.8242794305153,561.5032756286574,723.9774624036307,558.4447312992935,726.1643705544601,555.4074743386689,728.3807550739908,552.3888499989175,730.6224559293577,549.386111278516,732.8853958773559,546.3964481143809,735.1655863190799
409,668.4127366010035,623.5578668381454,669.6957656133542,627.0916807283232,670.7463037584413,630.7009685854607,671.478063329086,634.3875345155517,671.812171240798,638.1306334393242,671.71413893686,641.8872344619343,671.1923788774766,645.6089587966039,670.2826064390243,649.2555883122394,669.0261985705525,652.7980378406825,667.4617123981567,656.2158410927249,665.6203532573588,659.492917894028,663.5260750389184,662.6145166528188,661.19966079919,665.5672514825337,658.6630653296493,668.3416138962518,655.9384650774502,670.9316916906726,653.0469300524327,673.3340752169859,650.0082727650705,675.5475610735922,646.8443121134347,677.5780964216184,643.578819042742,679.4412323856424,640.2357590302429,681.1615870237684,636.837085812854,682.7695278141567,633.4021965920115,684.2987602868553,629.9490429702001,685.7863978192206,626.4943558236165,687.2704801961411,623.0522564192858,688.783481722758,619.631139063561,690.3433116752332,616.2349008134561,691.9565866098868,612.8643086683954,693.6227879676492,609.5178915877659,695.3370439522129,606.1919278952912,697.0906753927013,602.882998339138,698.8762504057872,599.5895943197248,700.6903034898575,596.3121843546433,702.5330938833994,593.0516847506932,704.40563920396,589.8094826101769,706.309685478111,586.5865716942595,708.2462075235876,583.3814571340127,710.2120539786623,580.1880167798022,712.196822423033,576.9975837322028,714.186425509952,573.8012916157433,716.1665954822229,570.5913616982779,718.1245630842081,567.3592239998125,720.0456206852809,564.1019967050657,721.9238285260685,560.8219203152183,723.7618497073387,557.5212954765162,725.5627175599692,554.2023154866723,727.3295353756184,550.8670716134867,729.0654625960079,547.5175598696034,730.7737030188681,544.1556889562017,732.4574949020338,540.7832863878975,734.120097309091
410,670.0947998226691,624.331249402659,671.2309593771122,627.9145320888126,672.0684788674287,631.578793197534,672.5594771733489,635.3050630862384,672.6799238183813,639.0615798575848,672.4304607834389,642.8118043996262,671.824286726088,646.521207217946,670.878454033855,650.1589519799036,669.6124203214275,653.6981095233219,668.0456055965939,657.114827163407,666.1939507914424,660.3859717500213,664.0715444466915,663.4882897033068,661.6938257334652,666.3995583664496,659.0797751768846,669.1006794430127,656.2535732785406,671.5791045408918,653.2467753665301,673.835302455894,650.0945580419648,675.8838161931355,646.8316327735884,677.7513663307906,643.4892476103912,679.473045536302,640.0945573329212,681.089444720432,636.6704588607669,682.642749347481,633.2350517574472,684.1709351232314,629.8004516634498,685.7009337551056,626.3724375976083,687.2456250036277,622.9532291356438,688.8097086609744,619.5435844067562,690.394531194726,616.144089297703,692.001008348239,612.7552576615952,693.6298584546763,609.3775944250826,695.2817422732213,606.0116205064295,696.9573153408425,602.6578620008469,698.6572053649406,599.3168113020597,700.3819369748958,595.9891262541452,702.1323154420144,592.6763883437219,703.910812877933,589.382033507893,705.7231205075136,586.1111945202315,707.5775111012651,582.868709700606,709.4810287862308,579.6578653285897,711.4374393872827,576.4793533260877,713.4459625508207,573.3286490095877,715.4978657784512,570.1857096249166,717.5616726807892,567.0300546722757,719.605974327675,563.8605027354068,721.6286640883415,560.6779506954771,723.6308382783294,557.4832736308629,725.6136097551627,554.2773255040238,727.5781060928767,551.0609399625544,729.5254678850208,547.8349312574035,731.4568471988052,544.6000952644357,733.3734061743843,541.3572005083876,735.2762985258979
411,671.5090685153176,626.5477247709382,672.187815743168,630.2451463598163,672.6069246102616,633.9809337350335,672.7632722879812,637.7368764616316,672.6471498751708,641.4941955063974,672.2412125927646,645.2311744583333,671.51979337063,648.9200398894984,670.4599883327738,652.5260601672145,669.0504520489911,656.0101511858161,667.2963658008687,659.3341065707107,665.2188654312282,662.4662133408638,662.8541017176385,665.3877962459205,660.2468599280048,668.0955803831474,657.4426360439124,670.5991663988739,654.4801495286949,672.9136282588443,651.3909549221181,675.0562975618593,648.200230449428,677.0448236699424,644.9277221378568,678.8958342697612,641.588759949902,680.6242229231877,638.195949739502,682.2444688189933,634.7607432860649,683.7728898758057,631.2944432013242,685.2295282123532,627.8084365592754,686.6384377374075,624.3142916882102,688.0270816549511,620.8243921984042,689.4263362542363,617.352397146593,690.8693494460965,613.9121221970092,692.3863153084895,610.5114079200475,693.9899845351003,607.1498214958655,695.6742035191569,603.8202152099828,697.4208580815013,600.5151196872359,699.2135014179071,597.2276306823225,701.0382555272407,593.9533286696608,702.8865733852696,590.6917734380156,704.7572891846874,587.4459088776646,706.6550912902217,584.2178945305282,708.583095924446,581.0077890320451,710.5407777876237,577.8132136968237,712.5237100037771,574.6291004513942,714.5234080831265,571.4476657713311,716.5273682250856,568.2566362552562,718.5159913900626,565.0435828817419,720.4688113514324,561.8081341587492,722.3843037180945,558.5522384586266,724.2648363194404,555.2777651986457,726.1128361239867,551.986507281868,727.9307791757958,548.6801846400571,729.7211818865272,545.3604486154984,731.4865934881518,542.0288870323628,733.2295895838722,538.6870208827156,734.9527493316023
412,672.882916051368,630.7432091044025,673.4685575741032,634.4566051797688,673.785730504717,638.202232867409,673.7864886279559,641.9609365648837,673.433181920357,645.7027871860591,672.7121473605677,649.3914503235153,671.6374787252122,652.9930853480122,670.2229837044435,656.4753052850658,668.4762359945695,659.8031859611232,666.403644107943,662.9384195680186,664.0220778781938,665.8459174067209,661.3663603902012,668.5056246247079,658.4837486798505,670.9180704672547,655.4232068757628,673.1008352818391,652.2235447352429,675.0744257481547,648.914945100959,676.8597032594947,645.5245879125528,678.4847631103094,642.0798406999727,679.9915061996131,638.6080887021135,681.4351784535443,635.1299229945498,682.8633747798963,631.6569891493127,684.3042360478275,628.1931556019247,685.7668328262379,624.7394545825614,687.2531963391593,621.2965583584996,688.7644166317974,617.8652543757333,690.3017736108519,614.446544298108,691.8669326804292,611.041820123605,693.4622815449653,607.6528225596439,695.0907649651812,604.2814815322429,696.7554866717974,600.9298181080035,698.4594717336132,597.5999067143455,700.2055752209355,594.2936350347265,701.9960318378004,591.0121750155432,703.8315666272515,587.7556707494268,705.7110251917244,584.5233349120676,707.6317576945409,581.3140252093907,709.590728032409,578.1258438812961,711.5839087303334,574.9551937067047,713.6048740175894,571.7959082358881,715.6435701099364,568.6411036347092,717.6891976527161,565.4796014671902,719.724444767533,562.3005467307341,721.7321542603495,559.1037201073109,723.7114464281912,555.8904607743996,725.6639507763755,552.6620658439299,727.5913285427831,549.4197917070128,729.495268324033,546.1648557618264,731.3774821591685,542.8984384643369,733.2397020426913,539.621685654964,735.0836768469601,536.3357056855343,736.9111598599752
413,675.398767911479,632.2710585246311,675.802174905503,636.008428918049,675.9083064854183,639.7658363117379,675.6865120438254,643.5179491230875,675.1011427862678,647.2304320439916,674.128915981187,650.8606667244935,672.7715513086163,654.3652084411291,671.0580503128585,657.7102589289084,669.0239113428365,660.8708039999884,666.708917572773,663.8320953447904,664.1551735720318,666.5904528012378,661.4025366361633,669.1506298452102,658.4816421817541,671.5172154074644,655.4132191085187,673.6891591824104,652.2121449571495,675.6604015182659,648.8944788192233,677.428552944923,645.4857536413417,679.0145085637959,642.0171390759441,680.4653874084258,638.5176373491372,681.8403895263064,635.0068104318065,683.1862951507874,631.4940100113572,684.5270474921613,627.9850885845553,685.8779089127928,624.4858286278803,687.2535774471899,621.002480817619,688.6690156370494,617.5407750795401,690.136551748271,614.1045439531155,691.6627713784063,610.6951545124648,693.2480535526007,607.3119051084748,694.8883965226748,603.9536082848863,696.5792502461042,600.6191174812099,698.3165892536891,597.3073618990666,700.0968923539557,594.0171293982995,701.9166734071689,590.746794552077,703.7719827234738,587.4945417354547,705.6588160743759,584.2588589064661,707.5739293729104,581.0388992040447,709.5153649001262,577.8336913657762,711.4810629526381,574.6405142189196,713.466251837751,571.4545773383186,715.4630456438861,568.270093393079,717.4621570589535,565.0822339515003,719.4558771829277,561.8771054302315,721.421661794011,558.6420218382938,723.337735081715,555.3786675837074,725.2052643164874,552.0900667451449,727.0279796391893,548.7790827608391,728.8097226534475,545.4484253060194,730.5544222686048,542.1006600747411,732.2660743079352,538.7382208473914,733.948724696502,535.3634103324647,735.6064293440327
414,676.5482368932526,634.1367125102016,676.8289679455787,637.8854884259108,676.8350986010338,641.6444822832401,676.5151211478559,645.3894176595369,675.8135370345576,649.0814457420113,674.6878219157351,652.6665831892725,673.1401625202756,656.0908416358438,671.2115819241204,659.3164036190395,668.9619494572297,662.3273122596584,666.4454455087797,665.1194048478898,663.7055246264927,667.6928973641823,660.7757513789478,670.0481751545566,657.683965364412,672.1865588064935,654.4583631427206,674.1174807786043,651.1293645498304,675.8645286315241,647.7259490202094,677.462168766532,644.2732851129093,678.950702532241,640.79205030254,680.3713212861071,637.2975143130936,681.7589710907469,633.7997405373171,683.1384503170119,630.3046743004678,684.5247701099875,626.8162454229761,685.9276979046801,623.3380994698748,687.3559139667481,619.8741816997916,688.8182794333939,616.4291420619022,690.3245486950302,613.0085216922653,691.8854438762468,609.6168139551617,693.5081858118656,606.254658810403,695.1913295621919,602.9179871847583,696.924481097418,599.5999066844037,698.6929957030934,596.292955952999,700.482252833477,592.9904993167617,702.2797966475506,589.6884451288972,704.0780799608463,586.3871896087539,705.8778284709322,583.0910154184211,707.6868606824995,579.806332198467,709.5166588068753,576.5423563768035,711.3830981686071,573.3127741405433,713.308367777772,570.127998802795,715.3068584217516,566.9735302556008,717.3529931780997,563.8145829092622,719.3921923748271,560.6269030872893,721.3861185357663,557.4067394530895,723.3271588353258,554.1573510362145,725.2188806056811,550.881838929155,727.0650111986877,547.5831363917017,728.869388343348,544.2640159979996,730.6359354935886,540.9270997574409,732.3686411411986,537.5748715514028,734.0715418741555,534.2096744036093,735.7486747059818
415,677.5978307624862,638.0401427411786,677.625083806206,641.7993768798246,677.3380056838176,645.5467051098734,676.6230670416932,649.2357097236529,675.4510497946218,652.8057984482477,673.8614164240107,656.2110007188818,671.9196316237867,659.4290065911875,669.6854490895281,662.4516598137343,667.1969549703504,665.2688360409629,664.485118934053,667.8718834284647,661.5795929509035,670.2569957024268,658.5095129314669,672.4264228487528,655.3024942987672,674.388001060025,651.9840887534216,676.1548933145942,648.5789528842589,677.7485928033735,645.110327808225,679.1992833120349,641.5988850748879,680.5433157611454,638.0617515643021,681.8183986382192,634.5133449124628,683.0618521670787,630.9656121772231,684.3072246501299,627.4277494031793,685.5803231137744,623.9064958714013,686.8986164363721,620.4083424676112,688.2769762839483,616.9401607124898,689.7290387525418,613.5080223194822,691.2643273736138,610.1135867534844,692.8812911200931,606.7542215721247,694.5699642950858,603.4242562113235,696.3159473286771,600.1165704752735,698.1038163285866,596.823451415732,699.918398548955,593.53914754685,701.7488948799555,590.261092462254,703.5905588661018,586.9897018604511,705.4440341038493,583.7263305289955,707.311590430393,580.4724027787647,709.1955504997103,577.2287263979931,711.09710631752,573.994924226263,713.0154080100468,570.7693421204934,714.9475023815203,567.5498367291964,716.889707868647,564.3345119633063,718.8388275736094,561.1218825600145,720.7923874416151,557.9098432304652,722.7469175788489,554.6973378197047,724.7006815420432,551.484142819969,726.6533111648606,548.2700500491092,728.6044626444074,545.0548517898128,730.5537918747458,541.8383408980919,732.5009543771264,538.620310912573,734.4456052314785,535.4005561647627,736.3873990094495,532.1788717508947,738.3259894801029
416,679.0211080336038,639.6940349339926,679.1079244815174,643.4501556847945,678.6339842873041,647.1763242521827,677.5964548591281,650.7867440454525,676.0792634393188,654.2245088600085,674.1920921563211,657.4747938577771,672.0158608430589,660.5396097153022,669.6012741356975,663.4206544901058,666.9797518043165,666.1148881139005,664.1725508472456,668.6151291671727,661.1977403492765,670.9134757910845,658.0753179234728,673.0070108039432,654.828265251373,674.9017237688721,651.4804621746664,676.612408739492,648.0538875811776,678.1595574872399,644.5672231082506,679.5663251208666,641.0373419637627,680.8611087372332,637.4803453281577,682.0796635888576,633.9120276638691,683.2647706187918,630.3471289507407,684.4600881252654,626.8011372105814,685.7101979706814,623.2890838223866,687.0525221385401,619.8201163929973,688.5025712187664,616.3882586902523,690.0385563801815,612.9817177326239,691.6299998324808,609.5918737063175,693.2567253676032,606.2175459435836,694.9153964835205,602.8600287610435,696.6078314866487,599.5208980744567,698.336255401074,596.2013855313271,700.1020613419305,592.9016195350457,701.9045059122072,589.6177797830686,703.7358233797785,586.3416676886542,705.5809444023982,583.0629087271836,707.4213529450384,579.7720060466546,709.2399384189135,576.4622332054089,711.0239318783108,573.1337598442811,712.7728028692246,569.7990035658823,714.5096871075918,566.4871919544473,716.2897388639055,563.2422355270239,718.1884966709443,560.0817555955646,720.2248945981501,556.9749428409527,722.3426720437395,553.8604560153477,724.4491484967012,550.725799851463,726.525494448689,547.572225485666,728.5729954888034,544.4009468964792,730.5929691073775,541.2131420856192,732.5867621789665,538.0099536629637,734.5557473877582,534.7924897357524,736.5013199712738,531.5618113038263,738.4248715977407
417,680.0382920446566,641.4087555214653,679.5638849612683,645.1370669232689,678.7107462961005,648.7972783431154,677.4816811066406,652.3488855308583,675.8821079475858,655.7496528073143,673.9245653009701,658.9577740948367,671.6419625923048,661.943585302854,669.0827083902965,664.6964066740577,666.2977496964479,667.2210701660001,663.3307810577099,669.5294648909842,660.2171017412404,671.6360881455832,656.9845653148806,673.5555908638353,653.6553162337611,675.3021858426657,650.2479736972634,676.8912777525074,646.7803391858639,678.3443521437587,643.2695916644294,679.6901807086887,639.7315053707048,680.9625961861838,636.1799369169219,682.1969802336964,632.6266221993909,683.4263416617435,629.0807414986798,684.6769483377682,625.5498984945635,685.9693460295663,622.0409989466363,687.3201265206867,618.5599535716875,688.7411067698382,615.10974923923,690.2354162181484,611.6906031197557,691.7995081948123,608.3009867265365,693.4266309275604,604.9386487437805,695.1094234086592,601.600824045644,696.8403496317201,598.2843774464175,698.6119089439522,594.9859215929231,700.4167578372005,591.7018852358725,702.2477233748605,588.4286101108753,704.0978659730467,585.1623721940808,705.9604087573372,581.8994917218658,707.8288291643174,578.6367190501842,709.6974379394925,575.3720763517001,711.5627772499722,572.1050298143184,713.4239032684585,568.836210959912,715.2819149753063,565.5667484614668,717.1387939979386,562.2979437114742,718.9968304959256,559.031302184929,720.8586669092374,555.768085105989,722.7264985176105,552.508220031261,724.6001743354689,549.2513772472768,726.4790987976515,545.9972241684474,728.3626779427358,542.7454256825635,730.2503192723535,539.4956444826832,732.1414315864595,536.2475413941935,734.035424810192,533.0007756976848,735.9317098135843,529.7550060551855,737.8296992627978
418,679.8812558440087,644.2496915100661,679.188155497229,647.9436764723534,678.1307926677887,651.5503001056409,676.7185608450166,655.0333069183786,674.9634830764762,658.356728351402,672.8794126412178,661.4843458415824,670.4908608196066,664.3861832049795,667.8334745456128,667.0442893583478,664.9477548455748,669.4528814053375,661.8722732551907,671.6142384210548,658.6417090161596,673.5364216741477,655.2884554301422,675.2359648656422,651.8426652004405,676.7395533880364,648.3312904814987,678.0833458927128,644.7764493192417,679.3079270842501,641.1959876422964,680.4557070168959,637.6050426668843,681.5703754201556,634.0177668481895,682.6967542177103,630.4483392377103,683.8783079651647,626.9081627179676,685.1446823432393,623.4037885616199,686.5069960489734,619.9361659985123,687.960355780218,616.5035725067154,689.4946723378639,613.1026787093214,691.0980774715593,609.7290930787207,692.7582110069714,606.3778991543326,694.4631225895318,603.0444696866832,696.202530082355,599.7251229763827,697.9686737227275,596.417210717676,699.7561472230361,593.1188607849954,701.5612082069696,589.82849262076,703.3807806141922,586.5446033232481,705.2120218375738,583.2656692738318,707.0521224470419,579.9900743363673,708.898161571291,576.716011572793,710.7469172710047,573.4413084178747,712.5945381272633,570.163640358989,714.4368928883547,566.8810144205897,716.2703979737801,563.5924995967538,718.0933193580465,560.298418465765,719.9061638083352,556.9996044020249,721.7103821048055,553.6966641483818,723.507035882421,550.3898746863572,725.2965953527411,547.0794398511201,727.079402506607,543.7655613736923,728.8558005642868,540.4484389741149,730.6261338828856,537.1282704586521,732.3907478706546,533.805251819466,734.1499889054867,530.4795773365652,735.9042042573841,527.1514383858183,737.6537395502806
419,680.6065588513112,646.7764359310894,679.5987930192767,650.3974919672797,678.2483727555151,653.9049088033893,676.5406560178898,657.2527335264294,674.4850970836383,660.3989650230207,672.1147728232269,663.3156820606979,669.4750297664361,665.9913763817965,666.6106318444502,668.4253752371388,663.557803482128,670.6186476598535,660.3467183776257,672.573122077062,657.0066915416099,674.2984071645186,653.5688221061909,675.8199379520927,650.0633376240133,677.179028318048,646.5153853570768,678.4234838827751,642.9454130237067,679.6035437150767,639.3708054878666,680.7695431202575,635.8063371212533,681.9660920391565,632.2621091610307,683.2212466305158,628.7431571668468,684.5456004484779,625.2504460905897,685.9376987310229,621.7839952348419,687.3939706593055,618.3435367573866,688.9106424493013,614.9287422883415,690.4842553038006,611.5392220951588,692.111604254582,608.1740834503497,693.788802800384,604.8313647406884,695.5102676914203,601.5082123297021,697.2692223574403,598.2013289697393,699.0585881241707,594.9072993846858,700.87151673694,591.6225428623483,702.7011998066253,588.3430732352515,704.5403464356064,585.0640535208457,706.380295350397,581.7791318781535,708.2096786895486,578.4809468915568,710.015020034913,575.163700560976,711.7850770778423,571.825378022757,713.5150551457267,568.4681702703416,715.2081074003055,565.0974960944059,716.8742101903717,561.7224409770032,718.5314324044275,558.3551713889975,720.2043940003011,555.0072159279418,721.9156364272442,551.685466133755,723.6771882467564,548.3917496409599,725.4906248307601,545.1243332840202,727.351044373334,541.8810289143022,729.2531989623686,538.6594552387071,731.1919402753557,535.457068639598,733.1622217484997,532.271191354739,735.1590952593108,529.0990370177832,737.177703288146,525.9377395213899,739.2132764086515
420,680.833472808265,648.4820068797688,679.6782796598253,652.0589766672028,678.2053629765162,655.5168617377354,676.3806101137188,658.8021726851508,674.1942905375914,661.8586021007039,671.6730481406612,664.6454434316228,668.8731193910286,667.152715157088,665.8557573970746,669.3943024037633,662.6747971488414,671.3975961664207,659.3729185565795,673.1951389782006,655.9826610280443,674.820276321341,652.5283277346557,676.3046724597417,649.028139444169,677.6776847331507,645.4960742280882,678.9666497902219,641.943480719089,680.198024660903,638.380582493877,681.3993222174877,634.8164582902175,682.5969847503657,631.2587772504461,683.8136268491579,627.7136029513182,685.0662033451426,624.18676644136,686.369466842862,620.6848860051731,687.7383012099883,617.2160039970311,689.1886327538721,613.7891945815711,690.7356770459726,610.4099749396469,692.384081909688,607.0763202707556,694.122894233357,603.7786682260518,695.9291481952848,600.5044630217272,697.7776250865389,597.2406764526032,699.6444608486579,593.9755784761643,701.50899973117,590.70049901042,703.3559391362754,587.4112522245193,705.1775208362386,584.1068834507258,706.9715248347135,580.7880795900179,708.7386849090747,577.4562889384871,710.4812404570247,574.1133504675136,712.2023175013852,570.7611336228591,713.9052558366158,567.4014806481292,715.5934795331757,564.0361940011795,717.270447383757,560.6670047498567,718.9395622834784,557.2955061529161,720.6040084228232,553.9232673103648,722.2669545783331,550.5513984725491,723.9306508210955,547.1799796200022,725.5952587593966,543.8089581899093,727.2606713818475,540.4382815454444,728.9267817199966,537.0678969834439,730.5934828382483,533.6977517446003,732.2606678288957,530.3277930236454,733.9282298071288,526.9579679795096,735.5960619059971,523.5882237905663,737.2640573624502
421,680.8493723962557,651.9170060358211,679.2874161118835,655.3349206485674,677.3457429783878,658.5525264807961,675.0734599055859,661.5462039999389,672.5221456396494,664.3063298105187,669.7379444575436,666.8316855764431,666.7600418249779,669.1257233655879,663.6208469313527,671.1938026019362,660.3464486909668,673.0405595540253,656.9605316558728,674.6741466907157,653.4871520028673,676.1128652102739,649.951476446775,677.3913695026906,646.3761038728994,678.5547017645159,642.779773882228,679.6518053727369,639.1781769818859,680.7315634226171,635.5854248181215,681.8402991293499,632.0137628005143,683.015034617806,628.4741332021991,684.2828713098936,624.9756460544063,685.6601021414132,621.5235501283229,687.1498175199266,618.1168674385576,688.7407396198017,614.7502327002296,690.4148372852889,611.4159357648089,692.1525209444401,608.1052325091864,693.9347927728408,604.8096011942649,695.7448080297136,601.5221612026647,697.569667597033,598.2380002315982,699.4004244792826,594.9534060862414,701.2304037881072,591.6648139998066,703.0531860016417,588.3685466090473,704.8620457142667,585.060742997924,706.6497126285971,581.7372681133941,708.4080580098164,578.3935032818205,710.1274825657403,575.0252556838124,711.798411963468,571.6308413022765,713.4155246476481,568.2131662383237,714.9829044294215,564.778286736559,716.5122485378618,561.3332980108694,718.018706492187,557.8865031528867,719.5210324319743,554.448258427325,721.0427969420116,551.0275480400711,722.6035388189382,547.6273575232915,724.2085045886893,544.2459883854763,725.8527631191921,540.8820862054357,727.5324745886394,537.5342599393254,729.2440091337567,534.2010175797393,730.983781194267,530.8807798845224,732.7482501954958,527.5718932917396,734.5339192573275,524.2726420201975,736.3373322235134,520.981267567908,738.1550840342936
422,680.7917885007045,653.4195980423139,678.8640232646069,656.646235878216,676.6605735040636,659.6915738273179,674.216943735492,662.5479133791034,671.5535275120541,665.2004513790342,668.6779310351293,667.6211272661133,665.5983203651099,669.7760272563897,662.338686108538,671.6478346788692,658.940907812615,673.2561375577766,655.4510871506295,674.6545247181257,651.906012160302,675.9069767142479,648.3326451239393,677.0766658097932,644.7509392747622,678.2206784091256,641.1761361344643,679.3860174047319,637.6192021055089,680.6047109290569,634.0873639668151,681.89427592656,630.5846361508336,683.2609179113714,627.1129987423338,684.7047164878389,623.6736951937967,686.2239374882895,620.267596909923,687.8162199985106,616.8951903266587,689.4786817961912,613.5563137739487,691.2075149050855,610.2491123175142,692.9962219214419,606.9690208553341,694.8342074437617,603.7085758675315,696.7068541073766,600.4586423340235,698.5977019613957,597.2095941777333,700.4900722132465,593.9515442566365,702.3668859804769,590.6749286249221,704.211065202727,587.3721704675588,706.0079726260332,584.0399696930848,707.749661098415,580.6787492534057,709.4346729497979,577.2911159824274,711.0659467215995,573.8800779095211,712.6477121359897,570.4487429214032,714.1849668278,567.0002017772126,715.6832396237288,563.5374960424724,717.1484928971328,560.0636566960779,718.5871634448813,556.5817423256153,720.0061885592185,553.0948600009473,721.4129684117636,549.6063279981967,722.8156547787254,546.1195994235312,724.2228163869476,542.6356746335439,725.6369056575375,539.1544001002299,727.0575071361226,535.675614162871,728.484192046877,532.1991529246741,729.9165324926591,528.7248504181882,731.354101417261,525.252538768691,732.7964725622911,521.7820483556361,734.2432204191404,518.3132103096567,735.6939257600575
423,679.5998613776751,657.6293752516476,677.417653963226,660.6888602273742,674.9085825022731,663.4867327265626,672.1161850026037,666.0021764088035,669.086326864138,668.2262721554007,665.8672199721913,670.1669680826686,662.5062487110624,671.8508507851363,659.0456039653304,673.3197735673822,655.5182770552266,674.6211016949485,651.9505890267067,675.8078169529173,648.3633962749376,676.9344612332852,644.772996298855,678.0508845115448,641.191601470104,679.1957885166634,637.630232223026,680.4014050963698,634.0997906795615,681.694636525435,630.6100376931884,683.0938749349003,627.165988153798,684.6021120508414,623.7685025394028,686.2125559093835,620.4153406261546,687.9134279489654,617.1019039403277,689.6905122173213,613.8213254209594,691.5276019899563,610.5656124775481,693.4084468925719,607.3260449384338,695.3169917691908,604.0933540251868,697.2371720582208,600.8579379868743,699.1527527011615,597.6101631701977,701.0472838307513,594.3408045493915,702.9042843613155,591.0415043009035,704.7075025600597,587.7055136494193,706.4418511277189,584.3300321830611,708.0980040491465,580.9173388580726,709.6760910300832,577.4737464721002,711.1856206638577,574.0067894338088,712.6407435867518,570.5239337977175,714.0574343922111,567.0316563368618,715.4507600170164,563.5344158211366,716.8315872808599,560.0335195596026,718.2031198888842,556.5282495216921,719.5634325673038,553.0172909192286,720.9089915283712,549.4995384482429,722.2366842264191,545.9742770033902,723.544306685076,542.4414389403163,724.8313190858015,538.9014359560362,726.0984929752334,535.3549070225187,727.3472878058232,531.8024795294095,728.5792048849539,528.2447592344189,729.7957538689951,524.6823320084042,730.9984513772265,521.1157656528678,732.1888197832111,517.5456117775474,733.3683861676009,513.9724053354646,734.5386740892534
424,680.3968445005555,658.1613277258541,678.0672334631195,661.110394004683,675.4516882353012,663.8096109103095,672.601940851211,666.260630857317,669.5554189302077,668.4624849595756,666.339229860711,670.4082290156082,662.9794000557887,672.0940563324888,659.5068042745771,673.5340241770389,655.9573687235011,674.7734493362279,652.3628358096975,675.8760725028504,648.7487813449553,676.9133351417007,645.1357029756854,677.9539815714677,641.5398596494038,679.0525108473342,637.9717641017038,680.2379371432163,634.4385169614512,681.5234529618273,630.9456342778939,682.9148714988514,627.4978170032027,684.4144811887292,624.0963544130501,686.0165025264575,620.7398676237835,687.7107896537876,617.4257331730563,689.4865357564288,614.1514246393041,691.334718914713,610.9143413586112,693.2473809661622,607.7092871962428,695.2132830902694,604.5264365345871,697.2149769627548,601.3508438394713,699.2281819040788,598.1656900293275,701.2262018293982,594.9544081088251,703.18188583674,591.702866219811,705.0697873785653,588.4010857403645,706.86828305642,585.0431691795822,708.5595602731679,581.627517094618,710.1309174102979,578.1591460823823,711.5823206768141,574.6506123226919,712.933948644508,571.1173941034448,714.219851599269,567.5738859454764,715.4771991944723,564.0316161421877,716.7380265913949,560.4975695100371,718.0217086779666,556.9714186553235,719.3269364171368,553.4471943658932,720.6373650963747,549.9163172684982,721.9297303458682,546.3697532264204,723.1783021941931,542.7969463402422,724.3494928080185,539.1962379062886,725.4319077742838,535.5717399357454,726.4318305408079,531.9272161801298,727.3561553240992,528.2659810240622,728.2119448256982,524.5909290994315,729.0063569295158,520.9045728117832,729.746588723205,517.2090847411283,730.4398363597996,513.5063333951706,731.0932156358741
425,679.6659789754507,660.6297849899186,677.1732385512508,663.4413210144169,674.3542508959118,665.9261967421199,671.2788752444818,668.0865648045559,668.0105739242659,669.943003558734,664.6002633128725,671.5243059974134,661.0893945148447,672.8684990071517,657.5129118851884,674.0277949936329,653.8987922830061,675.0645224255125,650.2686070690773,676.0438454256524,646.6393197044443,677.026475776945,643.026511776684,678.0678040824326,639.4452983848088,679.2127750387909,635.909366858776,680.4905638743303,632.4286515219466,681.9118240066579,629.0100391395367,683.4765897877555,625.6557834067693,685.1750397090505,622.3618143300839,686.9877840474579,619.1180889411723,688.8890972615794,615.9131194224459,690.8551157333043,612.7352493390249,692.8646916276715,609.572356771272,694.8977864782318,606.4111078778585,696.933439327204,603.238683107052,698.9516119383335,600.0443059901893,700.9348246552016,596.8193948152378,702.8679468323228,593.5563873804015,704.7359927353866,590.2493722474865,706.5249182998746,586.8951260054168,708.2235927932813,583.4938874338272,709.8260996295872,580.0495213473988,711.3337082113976,576.5674738892174,712.7521679871736,573.0529532975413,714.0881829892974,569.5102660602331,715.3476460123493,565.9431692744428,716.536253975139,562.3556024007523,717.6616142153423,558.7517095143696,718.7335921044937,555.1356489067144,719.7638238562844,551.5113565410836,720.7647447407014,547.882569748391,721.7492664355226,544.2539808953217,722.7345155800897,540.6294775313917,723.7346863264634,537.0082266267216,724.7465747867968,533.3895187883967,725.7675214218849,529.773014588392,726.7962476126626,526.1583676217315,727.8314813921248,522.5452246456828,728.8719527698893,518.933226925123,729.9163933932549,515.3220115661557,730.9635361677446,511.71121284328103,732.0121148562804
426,677.6213071326375,663.0494505778313,674.5701042070446,665.2444928790613,671.3487840742443,667.182004480585,668.0025734234665,668.8954310356734,664.5657787037071,670.4195380116934,661.0644717039115,671.7893857320713,657.5197244131157,673.0428948904605,653.948897704872,674.2203058658598,650.3660781956203,675.3608127670637,646.7830646003251,676.5007118521673,643.2113355920656,677.6753958406431,639.6636552834572,678.9206399900497,636.1525857375128,680.2654942826791,632.6877698412777,681.725331267569,629.2734131830426,683.2995956354409,625.9105434868316,684.9810849757052,622.5988500475669,686.7612868903675,619.3376899463589,688.6324861615838,616.1257924296731,690.5870690767064,612.9598196532886,692.6152383539323,609.8307485533171,694.6999594278043,606.7220825124066,696.8150366734667,603.6125374230945,698.9288198292036,600.4825446343101,701.0121580606647,597.3159346139245,703.0393305203339,594.1001244216827,704.9874184719388,590.8262665522747,706.836193795472,587.4901137663248,708.5699538883711,584.091604669823,710.1780074802301,580.6349050295692,711.6568761100691,577.1287808926301,713.0145360852789,573.5839678710144,714.267877545052,570.0107178908272,715.4378302048586,566.4175973165276,716.5453577452521,562.8110109425519,717.6082736554195,559.1943619709309,718.6364491166426,555.5689011727377,719.6331087028416,551.9347603701127,720.5976347879987,548.2917703004092,721.528170043341,544.6391812641187,722.4202664656455,540.9778070938391,723.2756222703697,537.3097263739811,724.1017604874824,533.6358799209597,724.9018754976188,529.9569825654165,725.6784424467106,526.2737012572744,726.4339488238846,522.5866597830059,727.1708913306746,518.896443647367,727.8917733474378,515.2036050806743,728.5991029441402,511.5086681373843,729.2953913641164,507.81213306163806,729.9831476023566
427,676.215595107583,665.2576984512995,673.1095023949978,667.3744056308612,669.8251409202908,669.2020930730986,666.3859754766635,670.7185735920588,662.8259380541077,671.9250852656768,659.1887781392635,672.8760532997644,655.5125090342907,673.6643517166488,651.8253356093254,674.4006390918356,648.1502964458048,675.1946255443942,644.5131692885994,676.1460342572844,640.9405282550209,677.3159119073396,637.4527476477357,678.7187446618111,634.0573262601877,680.3326443361673,630.7508924422976,682.1221306530638,627.5236641934081,684.0510449979176,624.3624259722885,686.0864784335505,621.2518883834288,688.1986960890889,618.175818872959,690.3608732328893,615.1174885737166,692.5481039750424,612.060318674861,694.7369586060627,608.9889027731639,696.9057552352812,605.890573653664,699.0358891376422,602.7553249099608,701.1112541718775,599.5733411453559,703.1141419903689,596.3336273726954,705.0221273939096,593.0292510322024,706.8156986528597,589.6610299545736,708.4863001374001,586.234739912785,710.0343522483504,582.7569956947713,711.4631151303003,579.2344851013148,712.7777042074259,575.6736117415256,713.984589008459,572.0803027203004,715.0912419178835,568.4600880171802,716.1065143270516,564.8186740637568,717.0430204268499,561.1619867171962,717.9181157861519,557.4956976519989,718.7521587099864,553.8245277702669,719.5644874126947,550.1512079590284,720.3670479193879,546.4768010866808,721.1646175180412,542.8017667626417,721.9592918618908,539.1270545650134,722.7554530668409,535.4545583116202,723.5617611579613,531.7878592057363,724.3939834293727,528.1298277346178,725.2635073686478,524.4803922916451,726.1684412907251,520.8391319190777,727.1057374931131,517.2055454416621,728.072363510736,513.5790598730283,729.0653049430641,509.9590386249061,730.0815670123912,506.3447973811579,731.1182023864587
428,673.6056713116885,667.3812640738288,670.1352803373127,668.8254317109299,666.5667236009846,670.0077399070683,662.9376531644612,670.9899744424229,659.2756629728394,671.8423014656993,655.601815846901,672.6424336004164,651.9341505661276,673.4702166234755,648.2908833598776,674.398912677244,644.6909184635973,675.4828370006483,641.1507376643133,676.7482523653881,637.6797303720745,678.1928125889938,634.276908709199,679.7916482061067,630.9345873535888,681.5135464287283,627.656551558155,683.3547775730553,624.4642651896773,685.3406208176689,621.3851224433906,687.4976938318875,618.4110781826697,689.7978335739213,615.4973019420356,692.1741965359703,612.5891152769037,694.5574241459012,609.6480718825122,696.8999040678626,606.6538205886847,699.173897289885,603.5975944655329,701.3638446468284,600.4753868883306,703.4585973176981,597.2837832594021,705.4459475416566,594.0194431890641,707.3113208190168,590.678971460235,709.0365103781146,587.2600293055365,710.6002389377176,583.7644975788988,711.9842448520216,580.202904484604,713.1882673349386,576.5915999478985,714.2342468847905,572.9468414400457,715.1573836709855,569.2813099007632,715.994541899463,565.603131126946,716.7744147786816,561.9166519804767,717.5141138701034,558.2241635686087,718.2232339271161,554.5271751177223,718.9085260563533,550.8270589876463,719.5767399697926,547.1252289661395,720.2354025853331,543.4229750683515,720.8916805131242,539.7211398404188,721.5503154613771,536.0198303633354,722.2118981605802,532.3196224678564,722.8796109528028,528.6209784356215,723.5559325464068,524.9238557942874,724.2405225332482,521.2281797725474,724.9328798653992,517.5338724482032,725.6325040088661,513.8408529572312,726.3388949500012,510.14903770172816,727.051553194209,506.45834055659986,727.7699797568756,502.76867311585363,728.4936763547599
429,672.2522186194283,667.5401265845413,668.6898762522612,668.7407444750195,665.060471617315,669.7213335369688,661.391291781748,670.541776635529,657.703327988958,671.2739559883519,654.0135607708589,671.9970796222054,650.3383042214411,672.7900979391876,646.6964509560939,673.7237571295258,643.1108139036911,674.8535023042666,639.6043837277069,676.2089379561849,636.1958158039694,677.7944972677235,632.8954749123633,679.594721362307,629.7026707572113,681.5797161524031,626.6048732580332,683.7102468132587,623.5819777823327,685.9459858840949,620.6119225887512,688.2515817223449,617.6728337870272,690.5965874505274,614.7450794879336,692.955747765046,611.8120602999448,695.3083526990205,608.859692703033,697.6366057510829,605.8743594634492,699.9223914055536,602.8420504259791,702.1454068408154,599.7479705138966,704.281482780755,596.5780866290846,706.3032014820926,593.3238595565828,708.1860080359361,589.9856374998964,709.915479436824,586.5700238043084,711.4866154942916,583.0864468079693,712.9007511881207,579.5450662871133,714.1632789680625,575.9557187602701,715.2823095186841,572.3273388631837,716.2675934873973,568.6679235605978,717.1306786120365,564.9849441634813,717.8871370330763,561.2850880489607,718.5564255102796,557.5732717276367,719.1559800365175,553.8523433748963,719.6961680442475,550.1236630636226,720.1799721982849,546.388140153525,720.6077464619179,542.6466530208439,720.9797748973544,538.9001429257726,721.2972783718624,535.1498494690924,721.566685019116,531.3993555782563,721.8333602435409,527.6514285637422,722.1339006578924,523.9064314611767,722.4689929375223,520.1645332501993,722.8370910737592,516.4258622191551,723.2366474933137,512.6905079609413,723.6661152397419,508.95852341530957,724.1239498281547,505.2299269358447,724.6086107808081,501.5047096418022,725.1186007423552
430,668.9801447320076,668.466992520791,665.3164164594097,669.3105874633469,661.6226015903559,670.0121760744689,657.9179797555839,670.6549275819614,654.2175177425843,671.3209744564388,650.5376528914959,672.0917628289839,646.9020408760675,673.0485142604068,643.3422299941576,674.2560912937457,639.8886627389425,675.7402632869822,636.559807665736,677.4866677210786,633.3560655209607,679.453644945798,630.265883386523,681.5949891395242,627.2697791506675,683.8663777432959,624.3433588842056,686.2270509300395,621.459690091873,688.6398645233514,618.5909772124531,691.0704752969351,615.7107344966764,693.4873886922637,612.7976732263487,695.864596976103,609.8384875717114,698.184092344662,606.8265151113914,700.4345827709717,603.7574397108701,702.6065182861676,600.6277936634524,704.690184781805,597.4346859818262,706.6751808210956,594.17576507937,708.5501057317672,590.8494022074378,710.3025165501535,587.4548661947789,711.9188198286247,583.9925812972099,713.3842651238776,580.4644991534044,714.6831744777544,576.8741859341941,715.7983872666639,573.2290646716034,716.7187796034884,569.5412263011613,717.4499133523132,565.8253587549431,718.022696627348,562.0931468239685,718.4778956716456,558.352391307566,718.8571962678905,554.6078446624788,719.1973501442485,550.8621437106975,719.5246238636112,547.116508576495,719.8526490554805,543.3713873695228,720.1864876071863,539.6269215391808,720.527596549059,535.883234347571,720.8771446557599,532.140536612273,721.2371270207077,528.3989663496315,721.6086458012818,524.6584870468239,721.9909942132514,520.9190432734524,722.3833427362865,517.1805729545522,722.7848623917291,513.4430079306215,723.1947248057902,509.70627451570164,723.6121022443265,505.97029405322485,724.0361676218756,502.2349834694891,724.4660944875554,498.5002559574406,724.9010581249729
431,667.3867266761514,668.2893092539041,663.6904367895647,668.9777510421984,659.9836100908709,669.6076559481683,656.2794582454902,670.252977648097,652.5898773838369,670.9764205185693,648.9311500988548,671.8415350809504,645.3278978064202,672.9134056123072,641.813053540711,674.2460912135122,638.4173019448826,675.8580531305739,635.1581550285574,677.7312664632581,632.0341247583854,679.8225407888049,629.0279158733056,682.0803017528646,626.116043451616,684.4587485293715,623.2738045840214,686.9201353850708,620.4772283698006,689.4333665068042,617.7031278266245,691.9714223910031,614.9286407153711,694.509055080214,612.1312778719288,697.0214110156166,609.2899638124953,699.483882818939,606.3863474488659,701.8724759984749,603.404669738651,704.1627528192979,600.3310211094584,706.327854686644,597.1532544619511,708.3367630167876,593.8622909469694,710.1539676859713,590.4565678634044,711.7454145870377,586.9498851830198,713.1002039619531,583.3667375504212,714.2381509047761,579.7326238657041,715.201762965445,576.0658357940017,716.0329824735104,572.3770154374839,716.7604621725903,568.6716992505532,717.3987380963367,564.9530516159506,717.9541689632932,561.2236350576198,718.432048312508,557.4857311664402,718.8383371220878,553.7413768597768,719.1802353060265,549.9923346194728,719.4663292476205,546.2400296595825,719.706015482822,542.4855670072869,719.9092741462043,538.7298094792128,720.0871488089217,534.9734591448463,720.2521129282316,531.2171295271734,720.4175383294272,527.4618358281074,720.6047627057576,523.7086669770172,720.8305571287419,519.9579401381885,721.0938540618621,516.209804132865,721.3917967275958,512.4643288052598,721.7215282014286,508.7215117642287,722.0801958194505,504.9812851779064,722.464954429323,501.24352255209556,722.8729685887624,497.5080485505209,723.3014405332766
432,665.0950739459697,667.661198828159,661.3891531117508,668.2963588985682,657.6932976163683,668.9874034680583,654.0166670402032,669.7739371095157,650.3713529646357,670.6942754679433,646.7740964608157,671.7868980820422,643.2475177809092,673.0891295615764,639.8194922966543,674.6318023150527,636.5166448519483,676.4267401304107,633.355568480638,678.461207612051,630.3374606326735,680.702630231566,627.4488149472915,683.1089274471465,624.6644872389629,685.635479163179,621.9492835572227,688.236371011394,619.2632754066412,690.8674779362349,616.5703043675836,693.4914458088364,613.8434107894143,696.0800902344855,611.062543238681,698.6105945743141,608.2109347175642,701.0610021636724,605.2726265708108,703.4066096877854,602.235391172501,705.6224732745682,599.0937164971057,707.687481160262,595.8486930217672,709.5858792059507,592.5058860277107,711.3062063005825,589.0725168166991,712.8377445988882,585.5550781183173,714.1646503380764,581.9630545566798,715.2739213735384,578.3123394293948,716.1717944680229,574.6216861727803,716.8888867441357,570.9058110165208,717.4618693466657,567.174603987554,717.9252823224285,563.4344689922862,718.310544746029,559.6891871611957,718.6423437113393,555.9405995490215,718.9345203041971,552.1894574407336,719.1918538249688,548.4361390869574,719.4152216106215,544.6810053058477,719.6056650271395,540.9243915273862,719.7642731789458,537.1665849231073,719.8915219351668,533.4078447035279,719.9873234450055,529.6484543138654,720.0528341276039,525.888629006203,720.084266678429,522.1287622926786,720.1099677191208,518.3701349885431,720.2071997977961,514.6147512488466,720.3912785559949,510.86432137827785,720.6579707848124,507.12027540087655,721.0029681502477,503.3837760314662,721.4219282968658,499.6557345522787,721.9105083420575,495.9368421680223,722.4644796693708
433,662.1804512924707,667.2090332577959,658.4521280187843,667.6954615316598,654.7416619748404,668.3015314072039,651.0730458932969,669.1218952117208,647.48001937404,670.2260036593979,644.0005321772487,671.6475949641855,640.6586125793926,673.368293574754,637.4576564133639,675.339518045369,634.3852294066243,677.5060700030954,631.4245942136782,679.8233393697509,628.5568555724166,682.2548207701078,625.7625663522966,684.7704881668527,623.0225652768478,687.3452547582133,620.3181262158636,689.9573947201444,617.630805548043,692.5871629492422,614.9421472901182,695.2155620300404,612.2334041493715,697.8232321494613,609.4852603959589,700.38929106661,606.677692848543,702.8901008094115,603.7905055246401,705.2984038005721,600.8050505873173,707.5835537979867,597.7051622018032,709.7105642494473,594.4747319365325,711.6330282109773,591.1091157802671,713.3071463917081,587.6214301762781,714.709446244393,584.0392225867666,715.8493833002558,580.3903878124198,716.7544966222417,576.6976037958814,717.4601493532476,572.9772926396812,718.0031959788217,569.2404132463756,718.4180024298427,565.4939306189486,718.7353047195422,561.7421540625244,718.9828740412238,557.9875245796859,719.1829029627427,554.2312132966321,719.3485253216002,550.4736991227437,719.4841831030401,546.7152774705631,719.5918449286149,542.9562076726579,719.6738911136118,539.1967160701998,719.7336638710389,535.4369681567977,719.7743229806334,531.6770626639856,719.7957985053795,527.9170990047176,719.7942985529335,524.1572808267732,719.7620654952823,520.3981097070697,719.6857940501945,516.6402149580343,719.561554650454,512.8840470242677,719.3929191602605,509.12992242865124,719.1836134564722,505.37803696613537,718.9373647154526,501.6284771098948,718.6578934973866,497.88123154512664,718.3489081222942,494.13620368543394,718.0140896659136
434,657.9545250734142,666.4978520037661,654.2768622766383,667.2777409487736,650.6611691177065,668.3059215126209,647.1444301751096,669.6327991477848,643.7615052234647,671.2711499392989,640.5264651062076,673.1855353969509,637.4336851078082,675.3226971563726,634.4669011413192,677.6319408084303,631.6064537229134,680.0719032914283,628.8313249450458,682.6086399629202,626.120560094708,685.2141416471577,623.453664295613,687.8645870372504,620.8106535578936,690.5388805556854,618.1718818895268,693.2173619862956,615.5177345723242,695.8805896580715,612.8284402827821,698.5082763693042,610.0839060261839,701.0781318375915,607.2638813777418,703.5647917315064,604.3498327482356,705.940406372865,601.3272772928221,708.1761403365326,598.1861747207278,710.2417553025921,594.9206016166592,712.104047035375,591.5312695285713,713.7299074068086,588.0306770924415,715.0998933524917,584.4406763905112,716.2151446436633,580.7857926702771,717.0954438242636,577.0872198938134,717.7698890693672,573.3610439535049,718.2708160713792,569.6184642548775,718.6301935280178,565.866746983991,718.8775936182985,562.110340069725,719.0399419393068,558.3517207033578,719.1396011222824,554.5921397659497,719.1924351724713,550.8322102001928,719.2069496902902,547.0722990251647,719.1877509969668,543.3126632674285,719.1381971653674,539.553482944847,719.0614267261907,535.7948671914244,718.9606684215961,532.0368345874335,718.8400460505841,528.2793446874987,718.703524083172,524.5221478279637,718.5591076930733,520.7647104804055,718.4211184111657,517.0069243728113,718.292975467463,513.2488268362358,718.1743140838356,509.49045248665306,718.064767661866,505.73183327004597,717.9639694262597,501.97299856853215,717.8715524700978,498.21397530702313,717.787149794839,494.45478806030434,717.7103943452943,490.69545898038604,717.6409291698806
435,654.5801460941801,666.4308061432538,650.964517660321,667.4602898295566,647.4300474579944,668.7403035655357,644.0048286080504,670.2888571464646,640.7098222179271,672.0981660462395,637.5563478216881,674.1444291757743,634.5480537470702,676.398916636005,631.6834048959486,678.833517261364,628.9523950695926,681.4173549969446,626.3331406183346,684.1146526548089,623.7919524872156,686.8857895533644,621.2920504052075,689.6943112019294,618.7981761171626,692.5081975818126,616.2793178437533,695.2997051995171,613.7097690609684,698.0445560368534,611.0677317697179,700.7196092325709,608.333180669884,703.299879227925,605.4875769545309,705.7569416794981,602.5157319688957,708.0594923497649,599.4103410776708,710.1782758125905,596.1733053619204,712.0897538034952,592.8142414372178,713.7775519329513,589.3468139597917,715.2296471890577,585.7841585585473,716.4291062695087,582.1443453646392,717.3689334660789,578.4501515662671,718.0661395712959,574.7234953175664,718.5628589666577,570.9790028965367,718.9013516589785,567.2254959731268,719.1197635080167,563.4678511134726,719.25027903868,559.7085004810264,719.3166212079858,555.9485807378793,719.3305783967356,552.1887688512252,719.298327756261,548.4295360566164,719.22464240393,544.6711864477185,719.1146516296805,540.9138964187509,718.9729312690112,537.1577289375955,718.8039950514803,533.4026164083475,718.6129861349079,529.6483547067886,718.4058877059111,525.8946454300716,718.1889821953239,522.1410694967453,717.9697740751943,518.3873146528468,717.753653876387,514.63264830151,717.5543205534282,510.87514454935615,717.4202411632957,507.1156112707364,717.3674541529703,503.35576635646987,717.390211278256,499.5969757093515,717.4824805186227,495.8402703809626,717.6382009029355,492.0863763823961,717.8513214678601,488.33574710137464,718.1158409120842
436,652.1259161874384,666.0812955180247,648.5875330818141,667.3496505318918,645.1747994456714,668.9248696836413,641.9157022740927,670.7975090305772,638.8228665156098,672.9340053676036,635.8899547846646,675.2857392105418,633.0951558434615,677.8004117196989,630.4122108048455,680.4343372481366,627.8148036350613,683.1527983370247,625.2775710430783,685.9275933317317,622.776204493152,688.7348095508847,620.2873695023216,691.5531572538251,617.7882437629444,694.362371605537,615.256142701379,697.1418593248663,612.6682129634097,699.8693654137589,610.0011885862134,702.519459280336,607.2317181781941,705.0621106449935,604.3356505042028,707.4592477902479,601.2923759519341,709.666105129851,598.0938933432083,711.6409703712562,594.7505378731015,713.3591354103194,591.2836701543915,714.8122139190604,587.7190316975318,716.0059247271694,584.0824096627972,716.9586752443801,580.395803308192,717.6954311904011,576.6762802096836,718.2430953674817,572.9363219198103,718.6280997067553,569.1846715927427,718.8754614440511,565.4271144822447,719.0066811551325,561.6673809348613,719.0404165423947,557.907760219881,718.9934893982028,554.1494755832305,718.8820354745411,550.3928642171037,718.7234950931812,546.6376302581069,718.5349151337869,542.8832577048133,718.329832587758,539.1294040187571,718.1154415763332,535.3758248231564,717.8962902868161,531.622280307447,717.6765448155537,527.8687084901127,717.4572668654624,524.1155975728886,717.230279375043,520.3641893873573,716.9768995494871,516.6166735701478,716.6716874668907,512.8732779642195,716.3190568576938,509.1281112655829,715.9859166628335,505.37968496977277,715.6917003299653,501.6284858304786,715.435232609275,497.87496649598853,715.2152990366561,494.11954374753515,715.0306767103551,490.3625994971827,714.8801366112344,486.6044812782241,714.762464539315
437,650.8612617925749,665.9155879091709,647.3834223435827,667.343445399672,643.9918255811693,668.9652133327475,640.7177838465898,670.8122675100828,637.6037194512035,672.9172935412346,634.6907803155353,675.2927874267808,631.9887407567375,677.9060693915695,629.4667969482691,680.6941888399818,627.0741591263428,683.5943879661207,624.7616355527297,686.5590438603842,622.483790967189,689.5504957222798,620.197560781532,692.535528340169,617.8609713104835,695.481211829313,615.4340415233257,698.3527497617257,612.8833262563969,701.1147051037257,610.1897448911105,703.7373527178046,607.3475626007485,706.1980822233456,604.3597172238334,708.4796581045093,601.232161429119,710.5655253681865,597.9735167079249,712.4399226074235,594.5953599960185,714.0891665958026,591.1125187222162,715.5040368729649,587.5429636029188,716.6833066340005,583.9058200469965,717.6342081671659,580.2192303832945,718.3709870369252,576.498866358798,718.9126561518145,572.7571883058001,719.280079234353,569.003521359805,719.4937709395642,565.2445592701487,719.5731531003825,561.4848946832258,719.5363544665355,557.727477100258,719.4002892181062,553.9739701997726,719.1809707021338,550.2250153021645,718.8938779259273,546.4804090679903,718.5545450438797,542.7392156116991,718.1793212202613,538.999970778106,717.7850838433063,535.261047969312,717.3877941468209,531.521003079614,717.0012373336615,527.7787817792333,716.63640166804,524.0336681323081,716.3026225722466,520.2857042665382,716.0025103490815,516.5354366008415,715.7326808726616,512.7832739150172,715.4906032391316,509.029558135782,715.2739140167056,505.2745831126546,715.0802442376884,501.51859898407736,714.9072218865084,497.76181662384,714.7524738072021,494.0044121362187,714.613627089317,490.2465313758788,714.488309992244,486.48829411077486,714.3741648791989
438,646.4077572346696,667.1510316840111,643.2160063461453,669.1367420392135,640.1779343500441,671.3507959841754,637.2893303534244,673.7568289382391,634.5451397738726,676.3265119506543,631.9389130829695,679.0361532114604,629.4562368918287,681.859597445352,627.0703109848039,684.7654354292592,624.7423462138772,687.7180228293907,622.4316241683617,690.6841557208077,620.0997974360376,693.6336915410383,617.7132494392422,696.539049952019,615.2439338971931,699.3742824537791,612.6675530891674,702.1124334897887,609.9622291696899,704.7230476525731,607.1103343573097,707.1724410206447,604.1021975801914,709.4269633833655,600.9403510041243,711.4601448003626,597.6367928512313,713.2538658165587,594.2082888402293,714.7953434828412,590.6732798953842,716.0738117414465,587.0526136355189,717.0847078078019,583.370795999917,717.8441919360873,579.6507390882739,718.3876921701502,575.9093867771705,718.7588383343838,572.157093929788,718.9966837565759,568.3996134926147,719.1309720254632,564.6400375134788,719.1805038207938,560.8802146281092,719.1543596663672,557.1215258018095,719.0580958921266,553.3650504617052,718.8969737087513,549.6115392878908,718.6772264581656,545.8613503008239,718.4065098932986,542.1144117909172,718.0939032652014,538.3702429865937,717.7496254562773,534.6280354390997,717.3845937615262,530.8867997796829,717.00970919632,527.1455770906554,716.6346947543979,523.4035191602234,716.2681238065742,519.6599233635267,715.9176338255373,515.9141456509841,715.5913514893805,512.1654489927823,715.3006139915204,508.41396033018395,715.0484175988616,504.6602325362011,714.8320508825825,500.90474489788005,714.6487071912638,497.14790235013436,714.4955717412175,493.39004162587804,714.3698262656469,489.6314375694266,714.2686525869804,485.87230954099937,714.1892352106771,482.11282769161687,714.1287746870621
439,646.0807629597973,666.9282200043733,643.0372219667482,669.1348335518846,640.1299481828719,671.5184731592525,637.3462058889337,674.0454515527905,634.6758032321113,676.6920311553572,632.1085680513515,679.4388858456975,629.6338223250534,682.2694179324508,627.2406755824071,685.1693240225277,624.9126965800048,688.1218646407292,622.6243740104771,691.1053009474681,620.3414390384373,694.0928699980137,618.0274621246098,697.0564099844239,615.6458167713863,699.9657286814742,613.1597646730561,702.7861389091352,610.5328579617036,705.4755036213613,607.7316657743681,707.9823306249774,604.7354895551873,710.2519647663617,601.5436680759149,712.2367016320828,598.1774350775437,713.9087338150301,594.674728426891,715.2725305018482,591.0743174730771,716.3533044424976,587.4084117101452,717.186360639188,583.7008297221803,717.8093481318915,579.9680983221989,718.2588737693508,576.221097156848,718.568878966048,572.4665472993976,718.7687697655083,568.7083263296314,718.8811897825786,564.9486043195514,718.9196715024726,561.1887867411323,718.8911965523084,557.4299768625517,718.7994467506229,553.6731338895358,718.6470540335393,549.919121785906,718.4360959564808,546.1687442742015,718.1681561863207,542.4226920872933,717.8452928938322,538.6813658136845,717.4715607724384,534.9445689483304,717.0548909115588,531.2114346021434,716.6065178379513,527.4806953470492,716.1385932319379,523.750988659336,715.6624924510667,520.0209903114815,715.1886859634336,516.2895016590787,714.7267847444631,512.5548400371005,714.2913844312864,508.8155024452033,713.8982177721447,505.0719618597068,713.5472891894832,501.3249480445393,713.2355933222691,497.57509576671333,712.9601063544592,493.82295151333517,712.7177936427396,490.0689805908029,712.5056157351597,486.3135744656472,712.3205330034683,482.5570577702279,712.1595197813609
440,641.8918385177411,669.676197549376,639.0683589418533,672.1581932307488,636.3943693015492,674.8008698316555,633.8651691614558,677.5824947356984,631.4676963495078,680.4786211590978,629.1736584453824,683.4575093935914,626.9482774321623,686.4881466364408,624.7495837155996,689.538248926247,622.5374161898181,692.5785725933931,620.2777017813927,695.5836646010815,617.9418981786284,698.5299010334927,615.5014577670636,701.389905070173,612.9277254555609,704.1303291160821,610.1928260321848,706.7095472385572,607.2741555356977,709.0783620928266,604.1656176999277,711.1914906437497,600.8829313024224,713.0224383091737,597.4559390240781,714.5668683618532,593.9182897918685,715.8380804597389,590.3000048398742,716.858053027669,586.6257109796048,717.6537679702847,582.9144181245308,718.2545610861465,579.1799700535322,718.6897182846039,575.4318802868942,718.986174931487,571.6763544566151,719.1663912493259,567.9173680641057,719.2484443856557,564.1574608002684,719.2472092436501,560.3982048439779,719.1761399662066,556.6404204806797,719.048708706935,552.8843585832847,718.8776379286923,549.1300441469684,718.6716975408193,545.3779189932804,718.4292001043191,541.6293482186117,718.1371111526437,537.8866852990399,717.7774240328527,534.1526915827498,717.3368362165332,530.428721894224,716.8181809583778,526.7132147012818,716.2417855131495,523.0018078813334,715.6394259064222,519.2890955550398,715.0451954946806,515.5711163470409,714.4849780733723,511.84541654379603,713.978795269684,508.11172667043513,713.5353654264267,504.37147244210945,713.1511612064387,500.6259896012028,712.821746376196,496.87641703232026,712.5426419625385,493.12371110640584,712.3093474006794,489.3686613465262,712.1173570661564,485.61190688213975,711.9621725593722,481.85395327927995,711.8393111704493,478.09518858534926,711.7443477138906
441,639.725204908779,671.500306907576,637.0832184134788,674.174783800663,634.6040859397312,677.0010320510027,632.2697312967802,679.9482129785292,630.0448392300759,682.9791030748737,627.8814838154943,686.0543438032751,625.7313451508651,689.1388659552877,623.5555160000558,692.2052857793783,621.3252721019869,695.2323053452051,619.0179711368784,698.2009256520391,616.6101803813012,701.0885134654873,614.0778021193909,703.8672970290285,611.3970259721987,706.5029254433265,608.5463408612156,708.953384980365,605.5110445305301,711.1706189052346,602.2944713178595,713.1152759178524,598.9180303081273,714.7669930047813,595.4140624678505,716.1278714244739,591.8159290421465,717.2163209672879,588.1520065334781,718.0579651185504,584.444546049345,718.681355530407,580.7100703838549,719.1155440941372,576.9602483996634,719.3883145820973,573.2029341824059,719.5250871849848,569.4431504030091,719.5475918800522,565.683994815076,719.4735402675824,561.9273155695206,719.3177044962861,558.1740609206794,719.0937590802978,554.4245441564103,718.8139395895222,550.6787390870963,718.4880866038978,546.9365714272383,718.1227742079747,543.1979720932763,717.7225624051107,539.4628132242461,717.291397618725,535.7308641118849,716.8332618048778,532.0017712436418,716.3524108362693,528.2748168502544,715.8552360465652,524.5487124188958,715.3517181417552,520.8216317672438,714.855497292441,517.0915499523331,714.3824293109615,513.3567518861618,713.9482818686345,509.6158549621179,713.5705074245656,505.86862333829833,713.2618857613727,502.11651737035515,713.0194984973592,498.36096425770336,712.8380439060114,494.6031310644672,712.7121706293347,490.84394577124846,712.636507761298,487.0841201561143,712.605687715021,483.3241736226588,712.6143625271903,479.56445731816507,712.6572143428054,475.8051789200871,712.7290003294352
442,638.1098713060223,673.2413089568197,635.7162039146164,676.14046347688,633.4451299025152,679.1368138218105,631.2656697355001,682.2005725256594,629.1470726684454,685.3068049210029,627.0590014689648,688.4336744435158,624.9701558357464,691.5600252457685,622.8452553827267,694.6619275404165,620.6420015781404,697.7085306019098,618.3167875917733,700.6628555827546,615.8333574500587,703.4852108278163,613.169949580838,706.1381063573723,610.3158433272773,708.5843733308518,607.2706879525178,710.7879937040129,604.0466455779124,712.720405431276,600.66915276259,714.3702001386288,597.1704328669445,715.7448030137626,593.5807434101137,716.8610199571126,589.9251310041392,717.7381080899683,586.2235088646244,718.3951139830441,582.4921064497369,718.85462462689,578.743370416462,719.1414089135305,574.9861641588932,719.2801609493998,571.2263601885002,719.2936185710096,567.4675812952452,719.2028825220816,563.711856529479,719.0256712322715,559.9602770317011,718.7753658142393,556.2134735892112,718.4614269009081,552.47168058199,718.0924344314496,548.7347461865264,717.677032143364,545.0021653391012,717.2241149080777,541.2731325079559,716.742812717413,537.5465879858023,716.2425791074808,533.8213411788308,715.7327568241433,530.0960915216467,715.2229555532477,526.3695066428611,714.7230220703364,522.6406698492718,714.2401883790851,518.909268151689,713.7775972145133,515.175279123038,713.3363838433504,511.43857996100627,712.9187583400866,507.6989139290024,712.528621370148,503.9557948462714,712.1732159817711,500.2080757023515,711.8705679368769,496.4548043274873,711.6475030818474,492.6975942666012,711.5051575940483,488.93829387994737,711.4371143202003,485.1783680774071,711.4368777235055,481.4189291879454,711.4979267591904,477.66077139522235,711.6137546097702,473.9044102166106,711.7779667145808
443,636.4180677676169,675.8005455008038,634.141268799706,678.7925132332892,631.96740987801,681.8602012141304,629.8698010323352,684.980613519368,627.8162108408534,688.1302273855521,625.7687742209993,691.2838538632906,623.684560623639,694.4132323739163,621.518500017373,697.4863865827076,619.2337008638689,700.4721387906845,616.8025710085767,703.3398015506721,614.203243832719,706.0556452944621,611.4157896142673,708.5776570938084,608.4316825343114,710.8632347434968,605.2579964507611,712.8771125508856,601.9163961121919,714.5981414449869,598.4382946460303,716.0236279355096,594.8572314636906,717.1667143584576,591.2033246029719,718.0505099663762,587.5009289696937,718.7029337666974,583.7683605424805,719.1527648622049,580.0187104480343,719.4272292130279,576.2609987345296,719.5513478893331,572.5011799583692,719.5477123085545,568.7429624287995,719.4364063689732,564.9884469999358,719.2352808792426,561.2385951185224,718.9602716991793,557.4935670049633,718.6257307949654,553.7529645042049,718.2447548122883,550.0160302649388,717.8292576537003,546.2817746351152,717.3902907006153,542.5490799188758,716.9382185750281,538.8168413865382,716.4823893983925,535.0842734315011,716.0292680372164,531.3509513539444,715.5824048736358,527.6166935070069,715.1434321571769,523.8813728172138,714.7135997046495,520.1448243983085,714.2945780943738,516.4068498201522,713.8884817443786,512.6672590886609,713.4975544922911,508.9259213011821,713.1237234286891,505.1827781591834,712.7684292688896,501.43786343619934,712.432322459616,497.69130692264036,712.1150346054685,493.94331157895647,711.8152138691075,490.1940706467763,711.5313865972689,486.44375847133614,711.2620770548069,482.6925322105417,711.005808103602,478.94053356185515,710.7611017407047,475.18789050163065,710.5264795085602,471.4347184653778,710.3004722947279
444,635.6202560969548,678.1854262357195,633.5097364135202,681.2970779198777,631.4590140429132,684.4485400922149,629.4297948822918,687.6139232822372,627.3787110706438,690.7651478230512,625.2640096171828,693.8739419274365,623.0541666414374,696.9157411012843,620.7294290125672,699.8705700211381,618.2773861495514,702.7205372423467,615.6850314654503,705.4433461351908,612.9380419537579,708.0098230793092,610.0224306727297,710.3826395187876,606.9287385799984,712.5176612455492,603.6608704929889,714.3747957768568,600.2390176715181,715.9300875501078,596.6943532157,717.1808943612733,593.0607946618769,718.1442197068238,589.368192173298,718.8492650297467,585.6395447229071,719.329877407882,581.8911520362013,719.6204859294429,578.1337691848673,719.7538769276134,574.3739470629921,719.7586921591444,570.615415817466,719.6582825147345,566.8601511070673,719.4715467356696,563.1089939456413,719.2148633666604,559.3619380587253,718.903779226421,555.6184965520899,718.5517443790037,551.8780913621636,718.1687425852247,548.1403262719906,717.7607552951949,544.4049229766841,717.331668510149,540.6716136506994,716.8847188190853,536.9401066176384,716.4229557817201,533.2100940661596,715.9492662060067,529.4812596167437,715.4663861101105,525.7532943019177,714.9768385312178,522.0259009686671,714.4829531258897,518.2988067777832,713.9868145838927,514.5717768564728,713.4901934287485,510.8441590952335,712.9980095756248,507.11472491355846,712.5198152301151,503.3815244984498,712.0721104806685,499.64182362364346,711.682725993087,495.89565125695,711.361451352938,492.1445734268141,711.1035883761186,488.3899319348769,710.9041021225784,484.6328315424346,710.7579203686416,480.8741593600103,710.6599590830269,477.11460565043967,710.6051416666594,473.3546853326122,710.5884125328089,469.5947598195186,710.6047754815543
445,633.6831126570926,680.195214315675,631.6619138626987,683.3655881653065,629.7174051506671,686.5836261418501,627.8253426920121,689.8328351151324,625.9402458468625,693.0861002744012,623.9957978959574,696.3040864765652,621.9207701695426,699.439133795986,619.6596231661732,702.4423368658331,617.1853089538494,705.2722102296533,614.496222445762,707.8987658067442,611.6042877193688,710.3000953678766,608.5248720310012,712.455688359611,605.2763038991963,714.346723258255,601.8820206561684,715.961767575046,598.3680073154782,717.2965605354559,594.7602186505032,718.3522429375691,591.0842313851774,719.1387640001715,587.3634207907495,719.6756276026574,583.6170235376562,719.9891163933203,579.8592988100806,720.1084424601694,576.099846756496,720.0631363349006,572.3444040508749,719.8819944166589,568.595673183055,719.5927542101546,564.8540573662008,719.2222005038115,561.1182532105352,718.7967520387924,557.3857736259221,718.3429231892235,553.6539335462803,717.8838451075917,549.9208736801169,717.4348094460177,546.1860574112744,717.0006295261195,542.4495765906725,716.581009895131,538.7118413918106,716.172703890156,534.973528680899,715.7697118289171,531.2356440072049,715.3627760545052,527.4991116571798,714.9436216979418,523.7644124299561,714.5084367275433,520.0313912900456,714.0590751627516,516.299502924096,713.6003920920723,512.568161291473,713.137278780042,508.8368813583197,712.6736682788264,505.1053036499654,712.212461770963,501.3730432718014,711.7568191526037,497.63883066841146,711.3175067142848,493.9018084738512,710.9027778174752,490.16223254968895,710.5117369465914,486.42040591017485,710.1428464830068,482.6766041419486,709.7945643936024,478.9310772164078,709.4653455293551,475.1840513462092,709.1536427030667,471.4357308744496,708.8579075608518,467.6862987594587,708.5766106434231
446,632.2297666385617,684.8250915909088,630.4416430571295,688.1326571066899,628.6181919002706,691.4208105345482,626.7024238284902,694.6558754088205,624.6496398060718,697.8055910693472,622.4316843209185,700.8410809672366,620.0315743320172,703.7344998432741,617.4352779650343,706.4529927647247,614.6356463818264,708.9613393971916,611.637120429525,711.2280335970944,608.4567870501922,713.2316465152635,605.1202771259724,714.9629070037093,601.6561096481286,716.4223301260137,598.0917917727193,717.616831632208,594.4520517359022,718.5572048011329,590.7586408970387,719.2583219560687,587.030004818652,719.738917592549,583.2809984886286,720.0207599187842,579.5228243076305,720.1270726613668,575.7633485945727,720.0812247282358,572.0076086820831,719.9061405867639,568.2583361561973,719.6240501813577,564.5164376877563,719.2564709092425,560.7813969779634,718.82448389661,557.0515859336895,718.3492937021629,553.3247787437906,717.8510220732388,549.5990316752276,717.3448670578887,545.8733913925183,716.8379260747656,542.147643925818,716.3317733932478,538.4219202049597,715.8254460026749,534.696404052001,715.3175938317447,530.9711203196147,714.8080394013587,527.2456351631097,714.2999613478028,523.519068990592,713.7998834156921,519.7905135484515,713.3148766017164,516.0593734079889,712.8501877562051,512.3252681824135,712.4099780121425,508.5879245848955,711.9981886243577,504.8471537004954,711.6188210095187,501.1028836936344,711.2757396144879,497.3550474060725,710.9741744698459,493.60381649848733,710.7182761163755,489.84987628708507,710.5057337748153,486.09388140335403,710.333205369251,482.33637921239966,710.1973330025974,478.57781838318226,710.0947512678563,474.8185578180384,710.0220937047984,471.0588757893092,709.9759975598851,467.2989791641162,709.9531070232123,463.5390126556091,709.9501020029296
447,631.0301979091629,688.1949087386213,629.2445324405227,691.5037451365863,627.3742364775984,694.7653532747154,625.3783391908555,697.9514983222597,623.2290815166692,701.0360872012104,620.9009741004135,703.9877685066036,618.3698380469558,706.7669463964945,615.6199361648703,709.329513930889,612.6524510015506,711.636422798708,609.4885168087106,713.6655836955654,606.1582757373068,715.4086408355611,602.691947604095,716.8624987692754,599.1172327836904,718.024965978343,595.4641396435542,718.9116700034045,591.7598387673258,719.5528975706447,588.0250497193927,719.9836829115853,584.2737686631589,720.2346967469298,580.5153022274909,720.3331538736512,576.7556349459243,720.3005723762931,572.998656075119,720.1537592998471,569.2468640022591,719.9073148431348,565.5016223294576,719.5755884914605,561.7633649345105,719.1725132203139,558.0317828124354,718.7115792100317,554.3059818998524,718.2059413374799,550.5846316306707,717.6684637535141,546.866108420945,717.1117273858052,543.148600101685,716.5482414433102,539.4302003511266,715.9906797962981,535.7090788087592,715.4516150770239,531.9841042484204,714.9398809648121,528.2550353195318,714.4588894913319,524.5223328287394,714.0069442784434,520.7866636867195,713.5801932129723,517.0486615923354,713.1743659772105,513.308929024824,712.7847898463268,509.5680197752763,712.4066696711116,505.826222784978,712.0374363002461,502.0832721035005,711.680104314257,498.33852970411084,711.3421081908748,494.59126450439805,711.0334246483144,490.8408808048041,710.7653882073047,487.0876410369176,710.5408254852117,483.33218823409925,710.3568840688656,479.5751009733053,710.2099903024994,475.8168534608636,710.0965081720157,472.05782268213216,710.012794021367,468.2982988620779,709.955202484135,464.5384961052534,709.9200906447411,460.77856306092343,709.9038300748781
448,630.1809709597359,690.749165025894,628.3508269919897,694.0335303044275,626.4092042647594,697.2530937756902,624.321333630398,700.3796036701657,622.0579039358605,703.3812162994709,619.5951817962646,706.2213000343245,616.9175857935908,708.859447504457,614.0208465029993,711.2546110682142,610.9151398881917,713.371610261071,607.625930489118,715.1905720149322,604.1871716322244,716.7083412253764,600.6342474557918,717.9358756564361,596.9992123297736,718.8940379728801,593.3082307358778,719.6078127675516,589.5815066077208,720.1031627455548,585.8340571433434,720.405303439178,582.0766982702622,720.5378740398355,578.316965087403,720.5225707004012,574.5598865919756,720.379113728177,570.8085986683798,720.1254087125557,567.064801936571,719.7779056507933,563.3290829533313,719.3520306466645,559.6011387652612,718.8625906569624,555.8799283139015,718.3242293713513,552.163760334783,717.7520207971522,548.4503918466656,717.1618760479907,544.7372083129325,716.5705659454052,541.0217199065534,715.9939428407927,537.302428519957,715.442408039993,533.5791850372403,714.9182097906074,529.8526055603595,714.418259199299,526.1235797633054,713.9368733579498,522.3931427235042,713.4665327005588,518.6624903300552,712.9979000023098,514.9325005243758,712.5240258311372,511.20326357186457,712.0442596284485,507.473858736342,711.5658025985774,503.7430048217031,711.0988019305873,500.00937521626275,710.654588153108,496.271784878024,710.24512046457,492.5292567303583,709.8837358707029,488.7807860427795,709.5907535236015,485.02699974738755,709.3762977967857,481.26972676513765,709.2353199980639,477.5105181011727,709.1618902553232,473.75060296477,709.1500295007085,469.9909160308423,709.1937486003818,466.2321269412473,709.2870775389334,462.4746707706534,709.4240855989651,458.71878108248114,709.5989453236142
449,630.3488008062735,692.5016793809799,628.4833003969436,695.7655497588211,626.4047648791469,698.8978770559811,624.1154449266508,701.8796480627796,621.6296777333447,704.699777920961,618.9616197016692,707.3481183860126,616.1229753640451,709.8127175127448,613.123733840497,712.0790888155009,609.9731950846004,714.1298313890187,606.6808366636255,715.9439794918386,603.257904690767,717.4975628324299,599.7214280439023,718.7715694471151,596.0949744155181,719.7611284910457,592.404713951912,720.4777047615501,588.6744458547497,720.9443953531863,584.9228821570617,721.1884550110401,581.1635972412798,721.238583435107,577.4056387451797,721.1234808361359,573.6543366944902,720.8708095268053,569.9121219722941,720.5069272116112,566.1791865088809,720.057338480595,562.4542153718323,719.5457213893787,558.7352987562672,718.9916975117915,555.0208250031352,718.4085837025149,551.3095427537203,717.8054700337663,547.6003904792713,717.189380568463,543.892307749897,716.5668805509739,540.1842568133494,715.9441910165517,536.4752309623394,715.3273398456994,532.7642755646997,714.7222144847932,529.0505084195543,714.1346066128823,525.3331182719513,713.5703927458281,521.6115012698236,713.0347889688375,517.8854283094902,712.5311256944977,514.1551044575244,712.0599764489898,510.42090856912284,711.6205626388728,506.68320750959566,711.2120313131529,502.94233118550164,710.8336724816561,499.1985918220108,710.4847752447827,495.4522456050501,710.1650811360846,491.7035225990282,709.8745824708195,487.95250191344735,709.6154844477411,484.19916311740235,709.3924991677725,480.4438945274586,709.2047559090888,476.6871341373531,709.0496586604604,472.9292520772715,708.9246020283942,469.17055580442974,708.8269757569509,465.41129546535376,708.7541681564888,461.6516693560837,708.7035686938466,457.89182940178785,708.6725744847728
450,628.3872597863311,695.947494815447,626.47670049452,699.1852104220463,624.3543030358607,702.2879169869898,622.0054787669171,705.2227965729807,619.4336463735679,707.964251883587,616.64535146276,710.4850727152617,613.6500574100181,712.7558631629307,610.4635139725273,714.7493164620109,607.1104869273667,716.4479512771253,603.6225397093175,717.8491216148567,600.0316919306373,718.9608689814042,596.3668929205732,719.7978330271432,592.6528360177838,720.3793651507165,588.9099962610416,720.7325859894286,585.1536389834716,720.8890748937356,581.3939206096779,720.8809971865487,577.6368298830984,720.7379970720306,573.8853305416995,720.4872163502799,570.1403674608727,720.1522727952781,566.4017471229683,719.7524819725114,562.6687764325218,719.3028605629958,558.9404395935778,718.8162315795315,555.215660666574,718.3030400019873,551.4935520301362,717.7708097162157,547.7735407309268,717.2241037857164,544.0551421130696,716.6665292278608,540.3378595651283,716.1015579835685,536.6211658533233,715.5327239109661,532.9045226500632,714.9635597436938,529.1874004904962,714.3975336059644,525.4692900833325,713.8380391491044,521.7496835604378,713.2885848057,518.0280460693557,712.7530687465603,514.3038195693907,712.2358782138379,510.5764709081464,711.7417097183875,506.8455202902786,711.2755402994227,503.1105598854611,710.8427048229784,499.37127739733995,710.4490006308001,495.6274709443338,710.1010111150131,491.8791407718407,709.8058109858309,488.12653247361965,709.5713914725177,484.3701214585269,709.4092914337226,480.6112280403201,709.3216450030927,476.8513514853498,709.3027479367803,473.0916755977718,709.3466528251596,469.3330855719984,709.44738595617,465.57619653533635,709.5989795198145,461.8213834544473,709.7954946985851,458.0688113852059,710.0310366412809,454.31846869245055,710.2998074103275
451,627.2882378639414,697.7612217145306,625.1687063259839,700.8663330877905,622.8803132764708,703.8490663792631,620.4133812956084,706.6857502430262,617.7580644084435,709.346680697253,614.9053101645318,711.7943911838328,611.8507379769401,713.9846840778046,608.6055321204615,715.8808644731674,605.1968366850032,717.4646200003732,601.6598306101758,718.7367202818077,598.0289729309367,719.7097673184824,594.3343230231484,720.4031858344254,590.600910959361,720.8440343101864,586.8478892844782,721.0649724949993,583.0883947693796,721.0999053354891,579.3305103581305,720.9810993167384,575.578534764052,720.7380831560879,571.8342318725603,720.3961307511476,568.0979863898825,719.9749019374981,564.3695006570059,719.4896126248623,560.6479096479072,718.9539035079696,556.9318391788026,718.3810802854457,553.2195189304149,717.7843911103458,549.5089026059984,717.177176449065,545.798038026565,716.5714830107208,542.08541643099,715.9766648687117,538.3701461921387,715.398632424232,534.6517351874852,714.8411709864074,530.9299106612083,714.306982774929,527.2046622503511,713.7972177394555,523.476324525931,713.3105520322854,519.745490375684,712.8433947542622,516.0127696644865,712.3915471532306,512.2787130353962,711.9508672005328,508.5437748381321,711.5177181936155,504.80816028133,711.0904412630114,501.0715874500842,710.6716360088777,497.33333601166976,710.2681167293656,493.5925068816646,709.8892890876031,489.8484365327886,709.544023150091,486.10109030613,709.2363526680775,482.3507777682694,708.9672541835567,478.5978613862745,708.7372961215783,474.8428420189009,708.544664909838,471.0861937599209,708.3869142172907,467.3283223279804,708.2615869519375,463.56956961701127,708.1662199090916,459.8102184317966,708.0983475453716,456.0504973439055,708.0555049362629,452.2905855332135,708.0352455740633
452,626.8152888604891,699.5616925332414,624.6795174146855,702.655190436344,622.3173330828932,705.5793412926703,619.7369193596523,708.312801786304,616.9490726764652,710.8342785443937,613.9658218556642,713.1211293670501,610.8013756298673,715.1497165931085,607.4727872389992,716.8958258659437,604.0036757328472,718.3427866314647,600.423700539023,719.4887469642532,596.7641380290421,720.3480483771053,593.0525325063147,720.9447960059,589.310394548339,721.3048518231121,585.5538684926285,721.4557738045855,581.7943104792328,721.4266353166788,578.0388882993079,721.2459972645071,574.291394184014,720.9415855523747,570.5530221058062,720.5398844330434,566.8233196139469,720.0641201409925,563.1013580495052,719.5310436940327,559.3862735630514,718.9519170734505,555.6771045616305,718.3359932527346,551.9726475437093,717.6923033877201,548.2715372499438,717.0296202176372,544.5722997966741,716.356549842569,540.8734050966751,715.6815963797538,537.1733305516125,715.0131478642038,533.4706260531341,714.3594400820953,529.7639391116577,713.7287306065224,526.0521226581078,713.128979654521,522.3344374984779,712.5667798740876,518.6107469411462,712.0458535526669,514.8814045280856,711.5670615044535,511.14690863480047,711.1302794300829,507.4077563017384,710.7353368352733,503.66444204889547,710.3820089279611,499.91746673565865,710.0698840510396,496.1673335463399,709.7983098212414,492.4145465396079,709.5662533815183,488.6596177686895,709.3718641068779,484.90308759348227,709.2112888726963,481.14544746910224,709.0791024924315,477.38728876505996,708.9623713112801,473.629393141953,708.8375191657692,469.87199634570874,708.6984579896526,466.11513150183947,708.5456954452068,462.35882593952425,708.3797451973222,458.60310158680755,708.2011209610043,454.8479751835365,708.0103363892963,451.09345943390093,707.8078879263047
453,624.6956999581716,701.9953270417041,622.4668485760117,705.0229031379085,620.0613874892291,707.9118719300385,617.4551805682845,710.6207418135687,614.6298799345587,713.0997515289329,611.5788441945867,715.2944024585402,608.3171304743031,717.16142216942,604.8794653243717,718.680621723581,601.3101550567217,719.8584785620865,597.651042126641,720.718926175631,593.9366182774828,721.29744050299,590.1923461351246,721.6347078637509,586.4351721815733,721.7696974274146,582.6756099513644,721.7359133232644,578.9198252802264,721.5622894027584,575.1710949767389,721.2733353716828,571.4309664024221,720.8883986743665,567.7001808741508,720.4213458066848,563.9790116451597,719.8829112238116,560.2671974433415,719.2832781666776,556.5636815002041,718.6342797663839,552.8665800214417,717.949622025969,549.1734097525925,717.2440282858204,545.4813569658768,716.5325998605293,541.7875600152535,715.8302995345279,538.0894386322965,715.151176005841,534.3852793708421,714.5058328463716,530.6744298389249,713.900159355592,526.9571164136257,713.3355136491487,523.2339014503528,712.8111826554058,519.5054064266948,712.3258091569448,515.7722199303336,711.8779359184817,512.0348807890243,711.4661389042514,508.2938849823228,711.0889923745046,504.54969314177725,710.7450080764079,500.8027402788068,710.4325153417489,497.05344287973577,710.1495183898078,493.30220085335725,709.8935617133963,489.5494155798354,709.6612936842308,485.79546942811294,709.4485772011675,482.0407586043604,709.2497706688076,478.2858418324113,709.0548739110084,474.53097332492143,708.8590496945254,470.7761727730381,708.6619269222923,467.0214555778839,708.4632229151725,463.2668374982016,708.2626550043697,459.512334714278,708.0599405339066,455.757963891841,707.8547968638367,452.00374224592065,707.6469413742075,448.24968790572035,707.4360861389906
454,624.4347246687978,702.7106882770371,622.3499878603402,705.8383707331135,619.9773880246663,708.7532606021659,617.3271665140546,711.4182813897842,614.4300851000046,713.8127720192309,611.3143251709023,715.9146503751823,608.0005149238975,717.687643012186,604.5202508384561,719.1063251869705,600.9172249186133,720.1766688430127,597.2351639230815,720.9332979126292,593.5075532842205,721.42030492247,589.7570960688306,721.6809676888563,585.9981167946213,721.7511791526618,582.2395397467244,721.6584808851397,578.48699510405,721.425214283595,574.7435526663971,721.0743686072339,571.0100852641035,720.6293537346846,567.2856670791691,720.1137901736394,563.5680662122367,719.5510157701555,559.8547241787913,718.960724053387,556.1437554670068,718.3556734094274,552.4341635852326,717.7422331635165,548.7254961168182,717.1232269524664,545.0173935180766,716.5008449252192,541.3095317185547,715.8770295754566,537.6016083001836,715.2535806768963,533.8933274604021,714.632261763297,530.1844028895797,714.0147980888886,526.4745537684269,713.4029151741037,522.763414843709,712.7989076890591,519.0504209525434,712.2064175072223,515.3347708656935,711.6308345806556,511.61560189410693,711.0784690684778,507.8921165976953,710.5560240195962,504.1636646335414,710.070333300322,500.4297897099197,709.6283181646389,496.6902771817386,709.2369264666074,492.9452014708792,708.9030320537782,489.1950181029109,708.6325520847912,485.44072919545545,708.426675189128,481.6840015455845,708.2709180394296,477.92602712278,708.1487137946259,474.16720509586264,708.0561054580164,470.40781692210743,707.9902852628899,466.64808396268364,707.9484413230416,462.888173731927,707.9277606022127,459.12820621962084,707.9254310416128,455.3682602434784,707.9386429395909,451.6083798014558,707.9645896842928,447.8485804916496,708.0004762221938
455,622.1472875474175,706.0822904057081,619.7791789223247,709.0006743030182,617.120348599472,711.6568600644382,614.2049543025695,714.0288781290591,611.0749273351854,716.1097723112193,607.7678389798216,717.8961746139452,604.3161995446505,719.3843912319679,600.7497252639214,720.5715386869408,597.0972175663403,721.4598291499144,593.3866809557488,722.0621783710691,589.6425326331224,722.3989160921035,585.8843577735603,722.4952411891335,582.1265666198054,722.3801568471418,578.3784010282826,722.0861205653362,574.6444068283275,721.6464813122666,570.925424888981,721.0935310752803,567.2195982535009,720.4580415823502,563.5231754911445,719.7697702636793,559.8314070267365,719.0568760141052,556.1401913525287,718.3411184637145,552.4470525127842,717.6353594889422,548.7511099885717,716.9444391897969,545.0519606715122,716.2709035318157,541.3493454240166,715.616693815647,537.6430757528881,714.9835195298075,533.9330387984397,714.3728104478314,530.2192020407713,713.7856539628243,526.5016158325009,713.222726511989,522.7804287997782,712.6841141949927,519.0558985154333,712.1691246300443,515.3283405015471,711.6765228325029,511.59804580622836,711.2050881549114,507.8652480579127,710.7538979429809,504.1301193973145,710.3224277955343,500.3927544003542,709.9107804438585,496.65305563012004,709.5209189382857,492.9107157821564,709.1573189753854,489.1653158211493,708.8267861734216,485.4165693221634,708.536746033631,481.6644805326838,708.2938282944026,477.90970528450464,708.0965336546246,474.1533950166947,707.9308318550819,470.39602921009885,707.7910580311789,466.63786291465726,707.6747386469443,462.8791047741717,707.5793976233979,459.11992191651933,707.5025571169342,455.36044483568463,707.4417390694599,451.60077230243775,707.3944662509476,447.8409762842193,707.3582628627069,444.08110679445224,707.3306648259078
456,621.149733021173,706.9076483795805,618.8412110566933,709.8738062480649,616.2616461060925,712.6073355040326,613.4204054445948,715.0674401258398,610.3325880424073,717.2095817426298,607.0257076225732,718.9949069650141,603.5426519660119,720.4063549238515,599.932902781082,721.4532976874226,596.2424161366033,722.1669546487336,592.5069855992111,722.5886592800731,588.7515260905308,722.7606626470312,584.9921466042576,722.7226986100508,581.2384359421377,722.5106046344355,577.4954097518495,722.1559502803248,573.7649397729446,721.6867811547709,570.0467727352607,721.1281147602189,566.3393332613703,720.5020183739742,562.6403486998777,719.8276549562876,558.9471389749701,719.1222884203858,555.2569034343336,718.4014968745034,551.567108062686,717.6784519684647,547.8758943909814,716.962688970997,544.1822447676216,716.2596105831838,540.4857075792299,715.5718783864032,536.7861010324788,714.9008563229152,533.0832881886297,714.2477615744822,529.3771677507385,713.6137082801672,525.6676655561952,712.999752016095,521.9547284935262,712.4069252444345,518.2383282158708,711.8362143017191,514.5184873830419,711.288379012327,510.7952312243861,710.7642615292642,507.06852992326657,710.2652375059242,503.3382717995598,709.793548519602,499.6043343405305,709.3519460904611,495.86662795229006,708.9434915128361,492.1251139251061,708.5715569184517,488.37981080684057,708.2399862795595,484.6308026377152,707.9533913235867,480.8783256184076,707.7165889699993,477.12272314017827,707.5362423544958,473.3645886447206,707.4202099806977,469.6050383574932,707.3666424395551,465.84510257693404,707.3707275247352,462.08558939021094,707.4276178542644,458.3271025433628,707.5324547398784,454.5700605335253,707.6803863245061,450.8147162907545,707.8665806407109,447.06117697538065,708.0862341320993,443.30942618240505,708.3346144247924
457,619.3588832377001,708.2276778280204,617.0313235471868,711.1791644446154,614.4384258020751,713.8998885693544,611.565398410636,716.3221494329774,608.4212424991263,718.3796750612091,605.0435277628706,720.0260422403708,601.4925085282227,721.2558089578656,597.8302452347772,722.1007432933978,594.1062273823374,722.6118502367401,590.3541436298598,722.8441879092715,586.5946318704898,722.8488068776117,582.8392220782299,722.669724548969,579.0936933746347,722.3427130852639,575.3604734211158,721.8960698806483,571.6399399243198,721.3534705118504,567.9307964355893,720.7375865803336,564.230480658236,720.0705710863957,560.5358707691042,719.3725749285284,556.8442381399523,718.6589748263452,553.1537526972722,717.9394601047363,549.4632161540385,717.2202076265484,545.7717194425021,716.505902174023,542.0784002302635,715.8010857843517,538.3824405559843,715.1102570158943,534.6830876734498,714.4378457716563,530.9796744694431,713.7881820654592,527.2716456745002,713.1654165454217,523.5586262429246,712.573145143702,519.8406459683786,712.0128575916249,516.1181796012387,711.4831794361019,512.3919988472359,710.9802771608319,508.6628411587671,710.4999306887914,504.93136928336173,710.0378912228146,501.1981207885215,709.5904251923273,497.46335167864726,709.1558350252377,493.7266830165675,708.7379133174654,489.9872297936804,708.3457525206336,486.243973452494,707.9918466813303,482.49623063716854,707.6893000522541,478.74393912123725,707.4499195506818,474.9876868474863,707.2842550157231,471.22878277500246,707.1974436017304,467.46888827404206,707.1846122450935,463.70936418502185,707.2395607271666,459.95123495231735,707.3560445798478,456.1952190974336,707.5278155708589,452.4417617806874,707.7486514319694,448.69106810421266,708.0123759004206,444.94313618999576,708.3128703049558,441.1977909078675,708.6440950258644
458,617.9502637856011,708.9572761620198,615.6226072986636,711.9087059940888,613.0005327538344,714.6004019493189,610.0560093724679,716.9340504075046,606.8310934792405,718.8625596773682,603.4017521794008,720.3997733863777,599.8335064948398,721.5807134006969,596.174506074618,722.4416090038895,592.4594315057476,723.0155401947464,588.7135461140958,723.3331842738353,584.9551670650787,723.4240308942559,581.1971299065659,723.3158535214766,577.448023168395,723.034045697702,573.7132194730217,722.6016118080704,569.9955373456963,722.0403132009887,566.2953846883056,721.3728573885109,562.6108305912649,720.6238295849798,558.9378708308234,719.819713507395,555.2711389208455,718.9875833971889,551.6055105767609,718.1505942370226,547.937415481922,717.3244940011979,544.2651556550306,716.5171182438755,540.5881762566688,715.7315210978464,536.9062963540113,714.9692244261512,533.2194480019659,714.2313350021309,529.527601076526,713.5188789232984,525.8307520832207,712.8328538382918,522.1288971746641,712.1743801473999,518.4219909345387,711.5449719336212,514.7099449730795,710.9466309111557,510.9926704306765,710.3816938470407,507.27012700053365,709.8526004785286,503.54234229306167,709.3618101604678,499.8094182579256,708.9117929264861,496.0715347285989,708.5050414875722,492.32896510036716,708.1439670088112,488.5820562974373,707.8311491067084,484.831303496624,707.5684099600023,481.0774460273425,707.3544976469273,477.32139313337797,707.1832279456402,473.56415620355244,707.0399463993266,469.80647769231217,706.90868527176,466.0484955192175,706.7864199102362,462.29026302090637,706.6721015211593,458.53182687985765,706.5646809865447,454.7732280000287,706.463108997961,451.0145023846929,706.3663361390954,447.2556820152385,706.2733129395857,443.49679573051816,706.1829899052781,439.73787008633036,706.0943183881176
459,616.5591226322911,709.8205906916477,614.0557634603332,712.6245368723255,611.304545863833,715.1851527179256,608.3049543683925,717.4493664624264,605.0766858276875,719.3732172244902,601.6521575150516,720.9208460283387,598.0775905829584,722.081168005437,594.4033123242547,722.872694927954,590.6731423718331,723.3369557478301,586.9184870828176,723.5229872754447,583.1592840976122,723.4768223988514,579.407150378276,723.2393055090402,575.6680315470835,722.8459305826239,571.944120457787,722.3274321337757,568.235017482714,721.7115276605967,564.5386659277683,721.0230140032246,560.8523596518407,720.2824971005188,557.1737108788889,719.504780364792,553.5008399207165,718.7001934439556,549.8320353731871,717.8772474196097,546.1655660902786,717.0439503063367,542.4996810480401,716.2080846547035,538.832660963175,715.3772165663021,535.1628650514908,714.5587053617849,531.4887693636216,713.7597312133106,527.809005758249,712.98730164521,524.1224235889217,712.2481247278497,520.4281365274554,711.548501005263,516.7255471892618,710.8942683448283,513.0144108599433,710.2904285028151,509.2950455402923,709.7395512193592,505.5682789325956,709.2411794279624,501.83519023111364,708.7925804662814,498.0968357142351,708.3901801137044,494.3541299233451,708.0304595369455,490.60785943151006,707.7099510024663,486.8587032176105,707.4251399699643,483.1072527050778,707.1722963100501,479.3540393092645,706.9470833694,475.59951630571527,706.7448284908752,471.8441435094937,706.558955951326,468.08838709643925,706.3809789613904,464.33237799470754,706.2084152890019,460.57615146220843,706.0406496288302,456.8197403881305,705.8770667839436,453.063175605846,705.7170514626074,449.3064861948982,705.5599883041342,445.5496997832684,705.405261898703,441.7928428498461,705.2522568021906,438.03594100535526,705.1003580843279
460,615.1267352952867,711.2005819579248,612.5805621421356,713.9654734134637,609.7693752650902,716.4596224020316,606.6958352502924,718.6218270053871,603.3923631045682,720.4131911540633,599.9079504419368,721.8212150658709,596.2975213703561,722.8659405589453,592.6079390469849,723.584577904714,588.8738915824543,724.0186370689265,585.1191561030645,724.2056617180316,581.3597267406423,724.1778051750023,577.6063053822093,723.9618248578797,573.8660986708464,723.5794823699389,570.1440700358183,723.048246882951,566.4436636146822,722.3826586533124,562.7663421725233,721.5992807192158,559.110731883948,720.7199035439364,555.4720816153805,719.7726098178834,551.8430268094949,718.7890909223092,548.2149123571627,717.8020983842051,544.5797970367069,716.8412702865635,540.9324323618517,715.9281113721747,537.271232843726,715.0721339219759,533.5969136643391,714.2743333305075,529.9111714680556,713.5310586359104,526.2157993277503,712.837212229872,522.5123978371728,712.187554185365,518.8023665646632,711.576865296733,515.0869324242726,710.9999318932712,511.3671565334002,710.4516676489277,507.6438714135245,709.9277501470658,503.91753996856056,709.4259540543653,500.18830046907505,708.9462518617016,496.4561024167808,708.4901462148443,492.72088415725466,708.0594825713567,488.98260943582676,707.65622121552,485.24128467816826,707.2823263107318,481.496969387947,706.9396866851677,477.7497787860841,706.6300864288884,473.9998936817029,706.3550524418749,470.2475561635487,706.1158054452113,466.49308983995337,705.9126688364772,462.7369397276221,705.7434534617611,458.9795143772989,705.6053714981045,455.2211528740167,705.4956272695217,451.46213090685046,705.4114214058327,447.7026669784365,705.3499540613752,443.9429286939849,705.3084272369236,440.183039081884,705.284046303908,436.42308289132006,705.2740276873004
461,613.5552707445784,711.9926274622866,610.8971296213998,714.6508234861365,608.046223383094,717.1007142618589,604.9886170030032,719.2864579091611,601.7235475464446,721.1474512225961,598.2738985676912,722.6384553569318,594.6830506888134,723.7475936899797,590.9985383056656,724.4899605420313,587.2619306098799,724.8985674427631,583.5045658841428,725.0148798313102,579.747574675859,724.8806018839045,576.0039427073372,724.5348892738103,572.2806216158024,724.0132338463422,568.5803161421665,723.3471341668809,564.9027873269666,722.5646678330332,561.2455492890052,721.6920440311975,557.6044353231633,720.7542666350465,553.9742734849704,719.7748663872865,550.3498319992013,718.7744679145154,546.7258249131409,717.7724942755501,543.0969094544541,716.788478347104,539.4582217592803,715.8412905623182,535.806954091906,714.9438672068385,532.1421491129921,714.1034591451582,528.464107214402,713.3230237523004,524.7739580556064,712.6019807268765,521.0736517829927,711.934971858236,517.3652471334855,711.3145150777831,513.6505259852779,710.7330300577892,509.9308891140226,710.183835100227,506.2075089187362,709.6605944590206,502.481384763823,709.1572464843762,498.7531632816815,708.6696702774951,495.02298560782145,708.1972961723268,491.2905799267599,707.7428734244808,487.5556078780335,707.3100658625963,483.8177562640872,706.90289812789,480.0767454845937,706.525890661821,476.33235974573927,706.1840695317517,472.5845070498079,705.8826876112563,468.83327014340887,705.6269240602767,465.0790235151056,705.4199766611118,461.3225317459112,705.2587387740572,457.56447604783153,705.1392799364236,453.80539781114004,705.0579989903691,450.045728379246,705.011285529154,446.2857993392048,704.9955236734818,442.52585291458536,705.0070980772642,438.7660525110717,705.0423981226664,435.00649355656077,705.0978368476017
462,612.3630841227798,711.7071721711819,609.7604992072833,714.4200942129208,606.9714578669651,716.9400934798625,603.9558383016962,719.1829200389913,600.7072770153316,721.0719548380712,597.2597437846355,722.5673274963863,593.6667520311687,723.6693927468652,589.9813878716726,724.407962191244,586.2458761924958,724.8274729587939,582.4893853585194,724.9717568015137,578.7310473676375,724.8801985047567,574.9829430197086,724.5865970873044,571.2524318166154,724.119169482087,567.5437414679019,723.5016187890236,563.8585830348336,722.7560861489644,560.1962293680552,721.9053255017501,556.5535177635453,720.9738561129266,552.9251231548745,719.9879632340203,549.3047059355324,718.9731047799183,545.6865449031361,717.9502191166953,542.06631552407,716.9346858175219,538.4408526707076,715.9380154985454,534.807435851624,714.9707711905561,531.1637829792664,714.0428658854439,527.5082410567809,713.1629989552242,523.8400447301917,712.3375006687937,520.1595909423097,711.5684948111021,516.4680207568863,710.8547389808117,512.7667247834073,710.1932451306841,509.0569554795497,709.5810337539781,505.33980274125963,709.0153588828643,501.616216451342,708.4936921789422,497.8870322514259,708.0136579172074,494.1529952313388,707.5729416490323,490.4147792048746,707.1691851970195,486.67300122922956,706.7998734850129,482.92823018857877,706.462235965495,479.18099645326737,706.153099947186,475.43181044221825,705.8685882202765,471.6811364373529,705.6043869058427,467.9294805628963,705.3544775301402,464.1774104165727,705.1108528587574,460.42509292220285,704.8710673401922,456.67256240959733,704.6346382967829,452.91985183375704,704.4010842272771,449.1669930427208,704.1699235593036,445.4140169627913,703.9406746651177,441.6609537839176,703.712855874864,437.90783314519905,703.4859854878545,434.15468432113704,703.2595817713283
463,611.4129839064979,711.0962469877105,608.7964312668679,713.7960798256049,606.0489247516823,716.3621111174373,603.1287653584012,718.7290413259378,600.004712687761,720.8184535065051,596.671218954243,722.5533596503731,593.1596103238774,723.8913867768155,589.5206560221421,724.8306574335924,585.805328048926,725.3992200940932,582.0538644569715,725.6355949076633,578.2950880104214,725.5811382347333,574.5482338340461,725.2746535098671,570.8253394786586,724.7511405544128,567.1328549094466,724.0436336351853,563.4719197792668,723.1872150387761,559.8387323911752,722.2194402270144,556.2254345427807,721.179622946202,552.6217768927108,720.1067698122191,549.0180367812326,719.0341924736315,545.4074213706008,717.9850254282957,541.7863237953187,716.972657351999,538.1533551074106,716.0037698691343,534.5084916055587,715.0806399921693,530.8523910819383,714.2030649729036,527.1859788712368,713.369611638256,523.5102232850038,712.5783719389706,519.8261160898738,711.8269658467184,516.1345539707778,711.1130747785732,512.4362329833967,710.4350633917321,508.7316101232626,709.7923747323805,505.0210231041922,709.1850673421277,501.30478025903665,708.6133889561689,497.58324619140683,708.0772312836398,493.85690607512316,707.5755541005682,490.12637104617056,707.1060718563107,486.39225480583735,706.6659631158456,482.6551030401662,706.252407466327,478.91536948874887,705.8628765814315,475.1734335667191,705.4950933671232,471.42956733882625,705.1475049602608,467.6835996412598,704.8234004575709,463.9350182238554,704.5311129919618,460.1840894424372,704.2706512947499,456.4312281811562,704.0396731918219,452.6767939413149,703.8358284854789,448.9210950625032,703.6567622218129,445.16439306301044,703.5001173321268,441.4069070601273,703.363536656094,437.64881823596113,703.2446644048682,433.89027383931057,703.1411653910635
464,609.5542758070334,712.0409497988178,606.8844462913497,714.6877704647288,604.04148993706,717.1469705323551,600.9915798666586,719.343403280676,597.7293595396429,721.2092588948282,594.2829444144484,722.7078353075069,590.6971577683368,723.8336112749823,587.0183611318714,724.6042048574581,583.2859248993417,725.0495873719623,579.5299766387612,725.2049821048846,575.7719288440971,725.1058996866307,572.0261078973845,724.7854432576477,568.3014309722015,724.2740058394688,564.6023061367107,723.6016591654432,560.9292214716651,722.7987355936496,557.2794612592284,721.8954125769158,553.6481342631021,720.9204514988427,550.0294893941915,719.8993306110674,546.4180479687705,718.8529792461713,542.8090414441466,717.79824881106,539.1979597344349,716.7506560363299,535.5794323810086,715.7291240073123,531.9483977612683,714.753055960124,528.3020119560472,713.8360326494533,524.6410100635078,712.9792071666463,520.9673724705283,712.1782514977801,517.2832138669123,711.4271371003526,513.5904668276817,710.7194169269447,509.8909253943696,710.0480852224696,506.18619349451353,709.4059867937827,502.4776765445269,708.7861022363703,498.7666369854762,708.1814879242269,495.0541809059274,707.5856265120068,491.3407168496839,706.9960793269762,487.6257011965873,706.4164004864313,483.90790377971365,705.8548641429446,480.1860305502873,705.3210526381268,476.45895686137436,704.8249144540739,472.7257888906791,704.3770307882764,468.9859514278995,703.9889085995685,465.2393412725562,703.673021751806,461.48663468343216,703.4406791670699,457.73038651793837,703.2738809162504,453.97278715628954,703.1405963822835,450.21432778362043,703.0342239498168,446.4552705612855,702.951560262332,442.6958169841263,702.8893981624732,438.93611603188253,702.8445293040222,435.1762723807428,702.8137458158834,431.4163546069548,702.7938477645614
465,608.5382642086986,711.3186548025977,605.9280245922798,714.0245007391576,603.1639408255171,716.5722931178224,600.2008036437187,718.8848349962067,597.0331574238644,720.9077356866734,593.6788255632736,722.602932815283,590.1681314014778,723.9445771095734,586.5386310298339,724.9205266943561,582.8319223496798,725.5432916898669,579.0849831626223,725.843675840603,575.3258149878156,725.860372029553,571.5734348426327,725.6307999897598,567.8399745409432,725.1887298828353,564.132687403601,724.563457444244,560.45549683721,723.7800069761345,556.8100429465987,722.859874813172,553.1961460438534,721.8225177495152,549.6110477976529,720.6894611364263,546.0481152561113,719.4883549730378,542.4961234277614,718.2551787948224,538.9408175988883,717.0316181648222,535.3695847151655,715.8554798169604,531.7745988177529,714.7541932857041,528.1536131496181,713.7417188109491,524.5083306467873,712.8205278800882,520.8425882993052,711.9843672428452,517.160760909936,711.222041328794,513.4667794384663,710.5208797418018,509.76381908567714,709.8687204798289,506.05445402593836,709.2539764866355,502.3408350974059,708.6654333788019,498.62474280775166,708.0926929278704,494.9074093435851,707.5280566591998,491.1893146255587,706.9684545675021,487.4703537862569,706.4146398523745,483.75010057424777,705.8695788728528,480.02805075678197,705.3369321497988,476.303680606505,704.820770717733,472.5764691112975,704.3255600298759,468.84596443966325,703.8558187943125,465.11187266396564,703.4155256229449,461.3737655424125,703.0107860346308,457.63167892371126,702.6446503452695,453.8862305070042,702.3146488815997,450.1379958146805,702.0179379777326,446.3874741833785,701.7516624505986,442.6350949708576,701.5129607073275,438.8812239769054,701.298968730681,435.12616999790316,701.1068230430541,431.3701903087927,700.9336884566621
466,607.6150308929716,710.6934084577559,605.0294125587329,713.4230330104535,602.3307034637709,716.0404608461268,599.4646592567241,718.4727405376675,596.3908589358133,720.6353483601093,593.0979282667512,722.4459791432067,589.6147369961054,723.8562504601765,585.9968257509825,724.8738350307909,582.2967127645591,725.5348991082899,578.5536159051277,725.8802359120475,574.7949696505443,725.9438709429571,571.0406885220856,725.7496896519436,567.305938024673,725.3197555793114,563.6009671102104,724.6814140683368,559.9298027003578,723.8703163983529,556.2912035683254,722.9233387364422,552.6797587697223,721.8772664701265,549.0879056680589,720.765630878177,545.5085799100079,719.6142252233122,541.9357505867017,718.4427885046688,538.3632360496259,717.2703907336628,534.7846604492796,716.1166534851219,531.1943746108814,714.9999425612008,527.5878351642016,713.9369638064252,523.9627529461743,712.9390929568086,520.3195443501813,712.0095605822457,516.6608450922416,711.1429576546176,512.9895783376119,710.3311931170701,509.3078992422839,709.5680166170287,505.6171565683419,708.8499373216918,501.91828101281726,708.1749913725816,498.21205123615647,707.541663874622,494.4991539115584,706.9486673034813,490.78022182786776,706.3947677897105,487.0558726809611,705.8785366662546,483.3267437915101,705.398033814744,479.5935724610733,704.9499942419463,475.8570580660208,704.5307299457986,472.11767274594854,704.1378861910096,468.37564777512586,703.7710379788498,464.63117560438224,703.4300715878788,460.8845230020178,703.1139507775763,457.13603325351494,702.8204019884449,453.3859799444085,702.5475423148486,449.6345943648503,702.2936448985882,445.88208157038946,702.0569798680706,442.12862272126085,701.8358153973685,438.3743774506155,701.6284185567598,434.6194862534756,701.4330559545319,430.864072234851,701.2480076962617
467,607.4039573020153,710.4364796117052,604.7136636335231,713.0628661377774,601.8951189266351,715.5505997886246,598.9070047896915,717.8312132975093,595.7376501220205,719.8519696030842,592.4027162136324,721.5859844962463,588.9321983795683,723.0298745713726,585.3557133886417,724.1869328407754,581.7000049019815,725.0623858174042,577.9889994325207,725.6619953173292,574.2442608823494,725.9911566237407,570.4855778422359,726.0545413256928,566.7312874842011,725.8609100389435,562.9968744520543,725.4281667088494,559.2928822560662,724.7842590941561,555.6239511971293,723.9632117340105,551.9898564543556,722.9991917450271,548.3867874815119,721.924728392831,544.8090642721332,720.7685127001496,541.2510246117351,719.5529793123474,537.7059840759164,718.2999793562284,534.1649580389461,717.0356547736368,530.6173846893963,715.7898593207933,527.053853335845,714.590563139063,523.4679418284219,713.4600432443996,519.8575634616084,712.4103100452039,516.2244792314248,711.4420422542314,512.5724179820276,710.5479483854318,508.9047131070019,709.7203112451715,505.22388746261873,708.9530970219207,501.53182216112975,708.241908911995,497.8300549489812,707.5830563992629,494.1198943398731,706.9732179321758,490.40248490032513,706.4092262096343,486.67885431999207,705.8878631515627,482.9499539631184,705.405606685296,479.2166936997005,704.9583223796994,475.47996699396214,704.5409529731954,471.74071591036704,704.1468005010404,468.0000057387035,703.7667143666092,464.259040394754,703.3891430367448,460.5201379549634,702.9917893477909,456.78580459052796,702.5536210410069,453.05645154666934,702.0748905268113,449.33211198202804,701.558586035419,445.61272917931836,701.0076920868905,441.89816420528297,700.4251843813668,438.1882035889953,699.8140260312875,434.48256692833814,699.1771650545571,430.78091958766413,698.517503979842
468,605.1565328853957,710.2741599829417,602.5031318901175,712.938042152624,599.7593690029712,715.5083655351217,596.8722952116918,717.9160410178673,593.8111868829733,720.0975313888031,590.5674819570623,721.9962649029138,587.1514140375374,723.5632408223838,583.5911828146202,724.7673417438009,579.9280602713637,725.6087423897417,576.2024551398523,726.1068479583816,572.4478861734714,726.2887637554663,568.6901182690559,726.185510634635,564.9473583746784,725.8324131010972,561.2307451906776,725.265883275171,557.545623843669,724.5208819332507,553.8927496573343,723.6306861805031,550.2691619472006,722.6276119433363,546.6693414872178,721.5421344985997,543.0867955102688,720.4008308958042,539.5150348042379,719.2261565606124,535.9479456142582,718.0373519254499,532.3799512805664,716.851269734332,528.8064672262354,715.6818471739714,525.2237753696145,714.5409714595521,521.6285719624691,713.4401966311264,518.0176693347247,712.3921269251689,514.387776786301,711.4119475654552,510.73670510175407,710.5139513743077,507.06527809427297,709.7031311980551,503.3790785823589,708.9621580948547,499.68515581017334,708.2605332040696,495.9900326533885,707.5652327105829,492.2986744277699,706.8502563584831,488.61379008310803,706.1026571235935,484.9355385309553,705.3230530731043,481.2620315880133,704.5213607385772,477.59037577352456,703.7112200847512,473.91745095014903,702.9068609256831,470.2403384149838,702.1218967341345,466.5553934530005,701.3746731920855,462.8588459240402,700.6872293033571,459.1514059838508,700.0611492382652,455.4347481868026,699.4923051646607,451.71035348864467,698.9765033981462,447.97952005783145,698.5095080604726,444.2433759453071,698.0870603478743,440.5028930277813,697.7048936957391,436.7589017528091,697.3587451628906,433.0121063144912,697.044363409914,429.26309709382866,696.7575525292797
469,605.3001422252321,708.6731145848962,602.5701341915909,711.2585103430711,599.7885504521864,713.7881823031589,596.9164957885423,716.214356224086,593.9186695171817,718.4828309384542,590.7728267638523,720.5406239068924,587.4736224810044,722.3418860379593,584.0306738537124,723.84987653082,580.4625867464155,725.0312190071367,576.7981531563762,725.8671295784561,573.0720287074942,726.3613493552785,569.3172767952447,726.5395643807913,565.5596124219144,726.4328910240305,561.8176539383453,726.0718321171717,558.1041709768285,725.4855857463571,554.4269111345604,724.7030816748317,550.7890074502433,723.7538659309821,547.1897523933361,722.6669532831626,543.6254311625166,721.4702288405006,540.0899669202745,720.1906082225046,536.5751406711743,718.855237837388,533.0709772477286,717.49207798136,529.5665242964725,716.1296641590703,526.0508542772931,714.7965204142187,522.5141834158918,713.5202420988243,518.9489811819561,712.3261274400733,515.3511788188143,711.234283896217,511.7214100086179,710.2539156792037,508.06591016869857,709.3741498656728,504.39293124829885,708.5702273648985,500.7100597255374,707.8127637381571,497.02335306571825,707.074133176254,493.33794146112797,706.3290824704419,489.65747925416036,705.5599895366202,485.98341543185956,704.7608831237146,482.3145837275094,703.9380636453632,478.6479391086874,703.1055365676856,474.9796204560573,702.2804313373617,471.30522816156804,701.4828756303306,467.6202287787659,700.7359971801168,463.9206307522092,700.0654541646279,460.2021464328518,699.5098365914089,456.4657878480834,699.0908729805794,452.71727856970625,698.7996170070757,448.9615134547388,698.6246688108026,445.20230602164395,698.5543742864392,441.4424860708966,698.5770483424645,437.6840183166987,698.6811321175928,433.9281282197437,698.8552918052367,430.1754269520755,699.0884873628016
470,603.4377423524376,708.7321852577187,600.6691113987159,711.2762095620128,597.8760942423146,713.7933593373906,595.0171981715997,716.235223633271,592.0574013168499,718.553415980512,588.9656594696439,720.6918973164832,585.7170865627737,722.5826969442898,582.3018529002023,724.1515338802798,578.7389357798816,725.3470099789652,575.0695089496701,726.159763813344,571.338336048043,726.6136982993177,567.5817104630496,726.7463904614857,563.8256101435654,726.5941931308159,560.0884262068043,726.1868196381726,556.383615030667,725.5483459139899,552.7203263560966,724.7030334973338,549.1006630584706,723.6864668900137,545.5186064722683,722.5439614819563,541.9634729873706,721.3200132278812,538.4247881702154,720.0491910487768,534.8943138284178,718.7556990550393,531.3647040755951,717.4598462234861,527.8299541865465,716.1780939796411,524.2860918038709,714.9217724413061,520.730842947666,713.6980597056539,517.1624978695253,712.5130962521688,513.5793625444053,711.3736644256292,509.97964012532896,710.2878089650411,506.36187724060545,709.2636948088624,502.72684348180724,708.3026628582377,499.0776805517195,707.3966846300509,495.419033087209,706.5297332040667,491.75547931589057,705.6837162440968,488.0905652125995,704.8436035980058,484.42570119161695,704.0032725089352,480.7595822681107,703.1684408798567,477.0888980607592,702.35395288445,473.41017521618323,701.5766466537251,469.72091870573723,700.8510513388633,466.0198260120639,700.188558451434,462.30639193574893,699.5992279521034,458.58208062849917,699.0830174587646,454.8489893732525,698.6346194255957,451.10892689475054,698.2485858218728,447.3634248206024,697.9194104632762,443.6137594906553,697.6415622281379,439.8609760269595,697.4095102919424,436.1059136430013,697.2177421067319,432.34923142307963,697.0607749710364,428.59143340793884,696.9331821796775
471,603.317471614081,707.6324927971193,600.4913584151235,710.1123955567169,597.6941078846954,712.6249170357216,594.8767054070497,715.1147473933312,591.9902051232605,717.5238358325389,588.9865002877566,719.7845316708235,585.82763747925,721.8219392084869,582.4989494620081,723.5673045315332,579.0119236174962,724.9693340286075,575.398358004069,726.0023669437599,571.6991337206267,726.6671996298808,567.9537873150987,726.984380339694,564.19477146655,726.9870868772995,560.4454425588682,726.714145005468,556.7206909925565,726.2045986875283,553.0288245619183,725.4942381632297,549.3734889067449,724.6145713270638,545.755148202812,723.59304877291,542.1721566359325,722.4535230193436,538.6215556859942,721.2166298085793,535.0991469768184,719.9014943539167,531.5988631785405,718.5284704582405,528.1117248157733,717.1223365696377,524.6264845881177,715.7114950788965,521.131405016733,714.3252552913287,517.6165572949753,712.9900134428552,514.0758746017459,711.7249468566671,510.50745746265244,710.5403992329004,506.9125370305161,709.4388884732883,503.29411219930097,708.4171919679118,499.6560203565297,707.4678377012029,496.0027473115367,706.5786028084326,492.3388677478478,705.7340583994888,488.66854370602925,704.9179274037043,484.99539038205734,704.1146052567167,481.3222143269426,703.3113867113668,477.6504792035362,702.5016077591696,473.97984764933517,701.6868388667416,470.3085465525619,700.8750953255293,466.63443422650994,700.0761866621805,462.95451455264265,699.3045303482282,459.2655464642125,698.5774067186549,455.5678716953916,697.8959224068426,451.862615454154,697.2569237739747,448.15079312453406,696.657224026163,444.4333171607879,696.0936131983683,440.7110045841626,695.5628666837487,436.98458497439657,695.0617520212522,433.25470879811905,694.5870340843398,429.52195308652375,694.1355029426169
472,603.1593980283135,706.9725281961657,600.295400965231,709.4084470566453,597.4796905013013,711.900251304881,594.6500862486586,714.3762026037924,591.7520992708043,716.7714887846055,588.7464086866045,719.0297513283259,585.6066834408398,721.0971025926088,582.3203842612294,722.9219114731656,578.8915739059762,724.461942600343,575.3382632284176,725.6873094668974,571.6857539638212,726.5737673967786,567.9637720032182,727.0956619506492,564.2082675434414,727.2462369175015,560.454592412906,727.0498040468954,556.7283270111873,726.5537811373483,553.043421396103,725.809080794325,549.4040658173426,724.8657791517095,545.8065033167371,723.773286974363,542.2407326362293,722.5807595229043,538.6941657847478,721.3321114686835,535.1573624600481,720.0560352294975,531.6264355355187,718.7637815862851,528.1006904589894,717.4574538051497,524.5780070383443,716.1428874986856,521.0549456759034,714.8293352327341,517.5276642494293,713.527165848077,513.9925521110348,712.2464231824072,510.44621425005823,710.9971235563224,506.88559363374856,709.7891626961472,503.3078786903648,708.6328577325949,499.71066375515807,707.5387617698941,496.09426586674755,706.5098382656482,492.4616736910275,705.5395718068281,488.81709667724294,704.6152856969335,485.16408777213815,703.7248703334519,481.5053304618414,702.8583549098514,477.84416483029133,702.00205450078,474.1833879405692,701.1440935018682,470.5227433340504,700.2855682547234,466.86276191874884,699.4242211726657,463.19589095694187,698.5928999011771,459.5149228070847,697.8263250298663,455.8277025563075,697.090277575323,452.13762958359644,696.3686580925538,448.4458518639962,695.6558054050278,444.7534745866529,694.9460626832581,441.06159070919335,694.2337596277473,437.37130849320465,693.5132102883839,433.683779279931,692.7787112499282,430.0002315265996,692.0245119747616
473,602.2833991391757,706.6839590826825,599.3560632484908,709.0433676859911,596.4817825499163,711.4673560552521,593.6151168080384,713.9003724513539,590.7144070439375,716.2925836452557,587.7399624164949,718.5921746206777,584.6530410621706,720.7378608057926,581.420453706677,722.6561661407761,578.0290458303485,724.2762716357482,574.4916977692855,725.546006073183,570.8422932969764,726.4443776088689,567.1215565874222,726.9760950314367,563.3675482320135,727.1663148771858,559.6101926687983,727.052330500408,555.8700761196078,726.6730303641649,552.1600396930132,726.0653595286487,548.4871398202484,725.2626089985417,544.8541841042517,724.2946181624523,541.2606229315176,723.1890371028162,537.7033499992793,721.971548047288,534.1777899843561,720.6649373608499,530.6784604505026,719.2895297622015,527.1989116544398,717.864758024787,523.7315414989869,716.4105599005399,520.2679935559646,714.9472692205184,516.7996643645643,713.4953630049969,513.318218621868,712.0752392728003,509.8160823390957,710.707005225291,506.28712462248103,709.4096050463538,502.7275650541777,708.1987629929239,499.1370958967156,707.0829168494053,495.52020164116664,706.0558516637185,491.8842357122632,705.0983263694641,488.23716405607786,704.1839001041791,484.58600309098057,703.285898792211,480.9368136507797,702.3799344859242,477.2935120494883,701.4505954621796,473.6570186632322,700.494951702668,470.0251622172619,699.5218169293709,466.39441551318697,698.544545698416,462.75727123609835,697.5914451933818,459.1075359919677,696.6877895838817,455.4459947640691,695.8332107016332,451.77404403917035,695.024511939459,448.0929581163824,694.2584525970067,444.4038956452907,693.5317605863088,440.7079071062718,692.8411430157905,437.0059429959075,692.1832947408403,433.2988625101823,691.5549050306282,429.5874388994927,690.9526854364517
474,600.9386682948017,707.0728985334354,597.9268048741262,709.3231269765042,595.0094914162328,711.6948840624043,592.1540313987914,714.1409938111182,589.3035019230012,716.5928566779921,586.3787289972475,718.955147726375,583.312569384423,721.1298140475539,580.0714932796133,723.0331373414002,576.6596615086282,724.6095432680435,573.1070293350585,725.836200806699,569.4529414354176,726.7165801486856,565.7348554953921,727.2686007157388,561.9838129619027,727.513000534194,558.2249515371127,727.4688074901536,554.4786474943078,727.1571004183189,550.7602618066163,726.6033439744065,547.0795301835817,725.837640034165,543.4406868938956,724.8921997278431,539.8431728077388,723.7996174592525,536.2826233319137,722.5917442167926,532.7523697518827,721.2978398593989,529.2458293540355,719.9408993552063,525.7579168023963,718.5367308604324,522.2847294044059,717.0965018550711,518.8225725887646,715.6299373309629,515.3669396164838,714.1480542586347,511.9115786634759,712.6655364307751,508.44894202004104,711.2001140965557,504.97138388895223,709.770504413412,501.47283315645586,708.3931170918283,497.94997932537643,707.0791689478788,494.40257617182925,705.8330161216945,490.83316060597997,704.6513529490369,487.2462752522148,703.5237751319657,483.6468714878306,702.4367713177808,480.0397327234103,701.3756851463204,476.42889489794044,700.3272439120151,472.81641946017527,699.2844574772811,469.20121212744334,698.2511907512951,465.57743246241034,697.2484955627705,461.93807809885425,696.3039571585334,458.2837753351158,695.4189901114598,454.61642605506313,694.5897227472277,450.9377518579554,693.812208667154,447.24930262647945,693.0824496815274,443.55246711172515,692.3964147195425,439.8484849621878,691.7500550248385,436.13845974294287,691.1393158993324,432.4233725801217,690.5601453111823,428.70409391074276,690.0085147362993
475,601.9326070659439,706.0952580164387,598.7310990293171,708.066189392487,595.6257402956226,710.1856490943302,592.5992710904989,712.4165109888178,589.630864124978,714.7242157531426,586.6869898398614,717.0632280583745,583.7109044234743,719.3608709371117,580.6287567910803,721.5133161528906,577.3893594055672,723.4196960070271,573.9818863549447,725.0053612350481,570.4282555252383,726.228639895791,566.7674359955249,727.079559464155,563.0414253537351,727.5737803360195,559.2860647160184,727.7358744339156,555.5297502548667,727.5927395589966,551.794085986228,727.1726260571977,548.0940994206647,726.5070200286186,544.4382826125337,725.6300252249737,540.8291960913054,724.5766391472775,537.264468183455,723.3813677190957,533.7376996909543,722.0780996700304,530.2395406920714,720.6997185323645,526.7598937597818,719.2751727847057,523.290165585022,717.8266056483375,519.824346949475,716.3687014177477,516.3577704272827,714.9126013492706,512.8865828715988,713.4675340636285,509.40755014922905,712.0414672511109,505.9179085465515,710.6415733688339,502.4153860520296,709.2742397393808,498.8982950209901,707.9448400547622,495.3657815417524,706.6569861464333,491.81830384546583,705.4109393459053,488.2576305658951,704.2031002316622,484.68633112964875,703.0270330328915,481.1072536707583,701.8748379273311,477.52315364441944,700.7383523401015,473.9367095526522,699.6092808247083,470.3507455013017,698.4786868281993,466.7689990369257,697.3348190949627,463.19699382971623,696.1609159517669,459.6364430606756,694.9527091302941,456.08671215020445,693.7130671259206,452.5470696577564,692.4449000485755,449.016715325032,691.1510962008848,445.49478805530947,689.8345209705172,441.9803735953777,688.4980167721511,438.4725119053221,687.1444039050709,434.9702042197961,685.776482196674,431.47242413526817,684.3970223808905
476,601.6220956478816,705.6565187281152,598.4532970499218,707.6784612695799,595.4228988709133,709.9035975027859,592.4730957735947,712.235007830501,589.5479410853861,714.597389528153,586.5991838812357,716.9301419505525,583.5811563923145,719.1722358704466,580.4544314523663,721.2595216182111,577.1916881021359,723.1263196788685,573.7832191937026,724.7106714763989,570.239956360746,725.9641867544508,566.5894562020718,726.8583271860992,562.868542045362,727.3889556685764,559.114469293032,727.5778142310706,555.357015659254,727.4657802466896,551.6157904937786,727.0969848200173,547.9020919298855,726.5117369422817,544.2214063794755,725.745191597365,540.5752773200436,724.8278635403904,536.9627609726676,723.7857642979592,533.3816391603815,722.640276505092,529.8293349149092,721.4082301683529,526.3032320737514,720.1030243954131,522.800558192939,718.7361448555376,519.3181284156724,717.3184457853773,515.8520455982281,715.8612068403562,512.3975604639223,714.376661910543,508.94944944243946,712.8773595053331,505.5027564364908,711.3747978460398,502.0535180057841,709.878091450601,498.59881128702085,708.3940563373692,495.1350432473352,706.9313095853976,491.6585840535507,705.4990024785951,488.1678220292296,704.1019136520146,484.66557573367356,702.7338492611779,481.1563220634747,701.3838456858763,477.6449566930877,700.0393392672465,474.13604501908463,698.6884459255629,470.6318080545328,697.325472356055,467.126945654778,695.9641122371536,463.60675212555293,694.6430646513994,460.04932418551476,693.4264384839519,456.4346774107711,692.3931488517958,452.7669142125256,691.5676706176837,449.06104972890273,690.9343396273057,445.32954676256384,690.4749819350816,441.5821495358767,690.1706004439919,437.8261276968062,690.0021834866459,434.0666302213449,689.951231164646,430.3070667020026,690.0000778691555
477,602.2849332328021,705.4203379595892,598.9532562401228,707.1607175992533,595.7702965416416,709.1607233637008,592.7093957333842,711.343838822162,589.7181918655089,713.6219187192328,586.7440430969548,715.9223092156813,583.7355449352477,718.1774178088964,580.6454866987237,720.3189670681542,577.438834204174,722.2810626460404,574.0993036296618,724.0067023931612,570.6285834302092,725.4498153939144,567.0405632159293,726.5691338914522,563.3623226982306,727.342293045839,559.6291767560957,727.7809696702618,555.8725763005607,727.9175910443022,552.1157266172204,727.7833834758646,548.3756364113763,727.4032326966444,544.6653961971375,726.7970299517456,540.99596153884,725.9791073933147,537.3765199156779,724.9623734932717,533.8134398331338,723.7627433423581,530.3083174678974,722.4027849421578,526.8561599870993,720.9132385938382,523.4464258143073,719.3287807831812,520.0628448153082,717.6890699130078,516.6833625060714,716.0409047626611,513.2837077115131,714.4348690115957,509.85438920656105,712.8932041616448,506.3994157231181,711.4098584513152,502.9282480009726,709.9647644149661,499.4483651850697,708.540761762862,495.96629224585917,707.122117321447,492.48718991917207,705.696207628473,489.0138089134739,704.256419640516,485.54581415325026,702.803703237267,482.0813261542486,701.342640352187,478.61753725004155,699.879920091256,475.15125336801293,698.4231248002353,471.6793382263753,696.9798125662126,468.19380550968145,695.5697658612946,464.6817742340397,694.227281917227,461.1298150718217,692.9946183957146,457.53229261510796,691.9022167125723,453.89837714043415,690.9373517034287,450.238642609792,690.0754329200671,446.5582753036098,689.3062672269381,442.8614721557984,688.6203311238539,439.151766020326,688.0079037057226,435.43208936829654,687.4591780544056,431.7048488168872,686.9643432130115
478,600.7636473152679,705.9355227840782,597.4384926956466,707.6884142137235,594.2520064864611,709.6831458662783,591.1735602093459,711.8415455314288,588.1551631366563,714.0835045014187,585.1479280067703,716.3404671855371,582.1064853296293,718.5509563893103,578.9901474237465,720.654182125469,575.7670020131545,722.5891985841938,572.4171374258889,724.2947155031492,568.9377085757823,725.7166856390983,565.3438200226378,726.8173348284212,561.6634723968754,727.5805426002265,557.9289974914861,728.0070299866999,554.1715732225199,728.1144115541092,550.4166797758346,727.9349115877511,546.6818453991337,727.5060252457941,542.977842425263,726.8622894617939,539.3106611593394,726.0336602295802,535.6831156158029,725.0455561622593,532.0961724100137,723.9187429028029,528.5496761968959,722.6703236309961,525.0425658604848,721.3151045616784,521.5728189804884,719.8668217244578,518.1372219509356,718.3392273570781,514.7309960784289,716.7471571969779,511.3476221209956,715.107032633521,507.9791050352941,713.436574609989,504.61694377025674,711.7533474188086,501.25372809302246,710.0722296739091,497.88336308846726,708.4055010907122,494.50090544269653,706.763466447235,491.1026604928832,705.1543704772138,487.68796997389114,703.5804728748453,484.2589267182521,702.0380818464638,480.8191834441648,700.519690834176,477.37233515687115,699.0174903249781,473.92158314789117,697.5242748900516,470.4702851772499,696.0323211070363,467.0187659130318,694.5408819259314,463.55922492840944,693.0681633813232,460.0892965933413,691.6200867579847,456.60962712974145,690.1955747924221,453.1208530777589,688.7935068108303,449.62358878876216,687.4127511006462,446.11842722453747,686.0521663716892,442.605940841378,684.7106030708688,439.0866825479282,683.3869045556128,435.5611867267568,682.0799081321903,432.02996442238896,680.7884621504292
479,601.0731613615093,705.9674209761349,597.6781160895929,707.5809316031122,594.411547611703,709.4415076973171,591.2591995870445,711.4902094825587,588.1908324848708,713.6631047324926,585.1640118367927,715.8937232073973,582.1311659685703,718.1161147074047,579.0475240193853,720.26721048665,575.8716565957844,722.2791010366687,572.5714248592265,724.0788803090295,569.1336807877332,725.5988420704595,565.572495430908,726.8011267956684,561.9174672809139,727.678138062309,558.2010382704534,728.2418570874433,554.4516846199837,728.512249553398,550.6924670253799,728.5101068181104,546.9418046451732,728.2551189930648,543.2145068971263,727.7649010525436,539.5227478749943,727.0546720224493,535.8767112890332,726.1379814561728,532.2842595122081,725.0295458587473,528.7501915479305,723.7468782759832,525.2753350959833,722.311309914857,521.8556490532718,720.748664460805,518.4821047041578,719.0885744388752,515.1409043339961,717.3641796994107,511.81442799672317,715.6114881665435,508.48383291866793,713.8666490514883,505.1358365600661,712.1554770193138,501.7641712334128,710.4914444932125,498.3683329123831,708.877310526334,494.9514358964349,707.3082204981163,491.5211381877022,705.7686083064955,488.0883155911717,704.2346247107135,484.6652870649037,702.6789445615759,481.2635305728995,701.0773429189618,477.8910809909018,699.4149524830145,474.5470536321496,697.696045478362,471.21876371370837,695.9468013147098,467.88480545020207,694.2084139704091,464.52259763158423,692.5254654717743,461.1125344581302,690.9419916853573,457.6449866643299,689.4887815728957,454.12678985441653,688.1627862031658,450.56642529594643,686.9544715491327,446.97134675256996,685.8536287617561,443.34799404546374,684.8496574817871,439.7018553105426,683.9317863408504,436.0375594519372,683.0892325734343,432.3589825482334,682.3113146633582
480,600.648772539312,706.114043519521,597.229218634318,707.6746493358174,593.9402311204628,709.4952097197158,590.7625006483189,711.5043912567598,587.6601750709461,713.6285713326935,584.5940757136452,715.8048863907493,581.5256194383444,717.9778671868576,578.4177447082552,720.0939100186289,575.236232595608,722.0971722371901,571.9531217893865,723.9286026549146,568.5499514887653,725.5250488128215,565.0246548997587,726.8290171315771,561.39389971409,727.8009696808091,557.687938504303,728.4280313497503,553.9405652159634,728.7212127944065,550.1815449109356,728.7071398997907,546.4333799066662,728.4188231879092,542.7117227304974,727.8875320603973,539.027222920295,727.1403398491998,535.387108546601,726.2001178995655,531.7961797931106,725.0864828833836,528.2571578303231,723.8173469876174,524.7708386819133,722.4097444899497,521.3358213851412,720.8810830436646,517.9473306360799,719.2517474507881,514.5950804489183,717.5489716896341,511.26502439287003,715.8031111118958,507.94308862510195,714.0418260143241,504.6186863598674,712.2852036494696,501.28688662119276,710.542657038219,497.94769279112944,708.8143186607692,494.6038975128972,707.0948958304521,491.25913682459867,705.3773509437773,487.91638429882516,703.6559019485327,484.57700567475905,701.9279175667414,481.24088305460697,700.1936547228523,477.9070091849428,698.4550723705944,474.57425359641854,696.7143469923618,471.240732158843,694.9750891179682,467.9030740952267,693.2437869773396,464.55270331552475,691.5372662116831,461.1727159370852,689.890280290362,457.76001470097674,688.3121776778283,454.3180732065044,686.7988906148064,450.8501531926375,685.3461047077318,447.35927467520287,683.9493671398985,443.8482238183418,682.6041242896351,440.31956524720306,681.3057529596606,436.77565767966126,680.0495854691419,433.2186536192036,678.8309830973876
481,599.8744741985654,707.0172744596264,596.454842877969,708.578953709425,593.1311276183154,710.3359712110736,589.8922129863652,712.2451449488589,586.71887411156,714.2616975489881,583.5844371229142,716.3383607179342,580.4581287636586,718.4272743409775,577.3086490388687,720.4809920689128,574.1067919536787,722.4518202586534,570.8254732439151,724.2868709765671,567.4418424999319,725.9248651190484,563.9438989544498,727.300968877099,560.3371984205627,728.3587179862267,556.6457280063339,729.0653915725877,552.9037946396559,729.4197021064085,549.1449752992646,729.4454651217089,545.3954408103766,729.177081054287,541.6735368046566,728.6481267505525,537.9915816691722,727.8888023095178,534.357679206079,726.9250331634322,530.7772701233359,725.7781608541477,527.2540136219671,724.4660047036901,523.7887071797771,723.0074982311156,520.3783359995391,721.4246222251937,517.0159322146654,719.7421110629355,513.6919766192791,717.984758929771,510.39614668784793,716.1751452264466,507.11900624441273,714.3318708900929,503.8530710434308,712.4688006707365,500.5921315822289,710.5969948815022,497.3305349510009,708.726335054742,494.06328095406747,706.8655783595881,490.78674599637884,705.0212171922113,487.50000007091126,703.1951144106589,484.2047138594653,701.3844637556418,480.9042152892455,699.5833280150465,477.6026520033495,697.7841438321519,474.30478187034237,695.9782016089412,471.0111525346925,694.1645347334404,467.7146136353998,692.3561709544226,464.39557752486695,690.5895997076256,461.01818155816176,688.9378027549681,457.5742022325407,687.4296704020161,454.0738987924589,686.0572158654102,450.52673642826534,684.8107516763079,446.9410118936541,683.6798826268148,443.3238687364706,682.6538307322833,439.6813690181215,681.7216854601775,436.01859872535897,680.8725824808964,432.33976886766334,680.0959197317802
482,600.576830409708,707.1838754607962,597.0968547254543,708.6059071999966,593.7121043994059,710.2420072065828,590.4210530176751,712.0595552349445,587.2149496758447,714.0233300916551,584.0787347973079,716.097112874416,580.9880040828991,718.2382725224238,577.898296988666,720.3809130642803,574.7528037074301,722.4403411174361,571.5025865384771,724.3294934260219,568.1290072596573,725.9877452577111,564.6379225729919,727.3814692502349,561.0462219180662,728.4901956026671,557.3744684996353,729.2945802918952,553.6464059912065,729.7739159086707,549.8906025384958,729.9240832298452,546.1353267421507,729.7579109146334,542.4043129441932,729.2992161926845,538.7154778529577,728.5749965367316,535.0805793268128,727.6154894752988,531.5053847275415,726.4526555349744,527.9904474742823,725.1183739246508,524.5322777911435,723.6429435607728,521.123827724171,722.0558373013325,517.7551763426305,720.3857816168587,514.4152603940381,718.6588987281193,511.0949071767386,716.8946591851977,507.78911542896196,715.1032732064511,504.4958619014825,713.2889376076091,501.21453979988627,711.4531101808248,497.94483707469595,709.5966662413978,494.6865852593449,707.7201969666955,491.4397228774237,705.824088461072,488.20393537542645,703.9091397828691,484.97788857764726,701.9778231691935,481.7585982929804,700.0352611013417,478.54187670932424,698.0884465574507,475.3227472974068,696.1456181245524,472.09573373673265,694.2159205187688,468.85537155076184,692.3087359354802,465.5948310931809,690.4362866828127,462.3089824861138,688.6086195576149,458.99949109994174,686.8241115613534,455.66886401751685,685.0793604874224,452.31948175504203,683.3708817187897,448.9536048418421,681.6951254434845,445.57338228566147,680.0484912199588,442.1808615251194,678.4273400671633,438.7779995339297,676.8280042960546,435.3666658120422,675.2468147854713
483,599.5881680100437,707.6324062531702,596.0501689022307,708.9030251781558,592.6102911347409,710.4191464683491,589.285718860645,712.173923225525,586.0779752468213,714.1345685041349,582.9626076020534,716.2394279555363,579.897047490788,718.4164813724052,576.8324301998674,720.5948693027685,573.7229477212578,722.708473191734,570.5259426162526,724.6866307077357,567.2042276458474,726.4462334460409,563.7397134763096,727.9034943523701,560.1461096417027,729.0042120449995,556.4637527482054,729.7580667591695,552.7313693910347,730.2053139116452,548.9763741815291,730.3838035822318,545.2178477115623,730.3084233062799,541.4728174323296,729.9815738329075,537.7595019534472,729.3961023162572,534.0976792060558,728.5461164743748,530.5039501382421,727.44275689364,526.9829511793434,726.1249780571517,523.527879210012,724.6424210110545,520.1253374225124,723.0426852562831,516.7616129982467,721.3627225906947,513.4284395786227,719.6228845911698,510.1241250244241,717.8288481546559,506.8517508258575,715.9772129557654,503.61661132355755,714.0612963417943,500.4257241658655,712.0725890929176,497.2843790079538,710.0065244671099,494.19048404043644,707.869996331308,491.13034398241854,705.685327079662,488.0838260913509,703.4816687781881,485.02919084226886,701.2892954467372,481.94712549883127,699.1357066925566,478.82481810274135,697.0409278104332,475.6605708811714,695.0100490841504,472.4613274209663,693.0347098117111,469.23968759087126,691.0960624754711,466.0103688770335,689.1702161344746,462.78429898968915,687.2389359830595,459.5648323627039,685.2966672120341,456.35083344659836,683.3453629022034,453.1410675710811,681.3871024993431,449.9342867628258,679.4239570880877,446.7292336311071,677.4579919825919,443.5246451739079,675.491269443283,440.31925653935303,673.5258514676326,437.11180085532675,671.5638090249754
484,600.3456864327239,707.4694533201189,596.8632164914342,708.8847088030401,593.4875802763198,710.5393804961283,590.2075722875355,712.3768556328631,587.0033454920862,714.3438569177596,583.8483515266968,716.3891118544208,580.709798238166,718.4595855465354,577.5506752525513,720.4984291517105,574.3348393466392,722.446294031341,571.0354032086493,724.2485022728472,567.6371211963358,725.8560820125242,564.1367246174837,727.2266453586342,560.54250227598,728.3274851162336,556.8730383227773,729.1430974667005,553.1513288893301,729.6717559370234,549.400351296444,729.9190352208999,545.6413026931803,729.8906726113331,541.8940355621264,729.5916068868784,538.1766732581132,729.0319421720458,534.5035492424167,728.2312525063229,530.8829764208406,727.21863582564,527.3184485821895,726.0232605633821,523.8098152241835,724.6723512855425,520.3542369666023,723.1908040841795,516.9475363055527,721.5999719772469,513.5876465996602,719.9124755624313,510.2752169769876,718.1336205165089,507.0129332985873,716.2643966611578,503.803961171832,714.3050646697567,500.6499407146026,712.258431195874,497.54626670441246,710.136153772779,494.4802869905382,707.9597011417422,491.4338045566133,705.755999196614,488.38948333001497,703.5493084122994,485.33329740824917,701.3590946069636,482.2556468685945,699.1991633471517,479.1521246327153,697.0765801648322,476.0243692247962,694.9898601818135,472.8783579080831,692.9307483249459,469.722114182997,690.8873445012607,466.56403452897445,688.8467773552383,463.41459951876277,686.7929042159342,460.27876674416825,684.7183225740648,457.1559559562242,682.6241890539237,454.0453815013009,680.5119213646129,450.9462335778095,678.3829225942791,447.85768057073466,676.2385814618355,444.77887127030584,674.0802727759769,441.7089369772287,671.9093580798217,438.6470049799462,669.7271703895059
485,599.550018211365,708.5587443850652,596.0178477459795,709.8460831181535,592.5684537674762,711.341014770265,589.2154444930317,713.0412132874193,585.9584282885734,714.9191196323484,582.776656443107,716.9223038140881,579.6312246584343,718.9822982545419,576.477480292923,721.0294913766727,573.2700892283174,722.991202334512,569.9709749152992,724.7937410515402,566.5593035189463,726.3723066189972,563.0393690780184,727.6916376812741,559.4297705793718,728.7412597748024,555.752970486773,729.5239040284382,552.030157711023,730.0459217146005,548.2804696817078,730.3143504452576,544.5212088586953,730.3361267817096,540.7682106424585,730.1176333773725,537.0362715728926,729.6643123724654,533.3396306367991,728.980369029675,529.6923097738271,728.0693281555978,526.1081018723476,726.9351212687387,522.599836760867,725.5841095545036,519.1771864538581,724.0287728016706,515.8427628706564,722.2920889473054,512.5917067130675,720.4037053164163,509.4134278078235,718.3950604326034,506.2943184948703,716.2955765102009,503.219281518391,714.131967201147,500.17257827009075,711.928587270965,497.138671636025,709.7075993246444,494.10339120902063,707.4884907387172,491.0552428129507,705.2871045714091,487.9874090410033,703.1132439461422,484.8988804009436,700.9688829271029,481.79415910301066,698.8480229744567,478.680738854133,696.7399447787752,475.5678430853615,694.6310929261867,472.4664230134541,692.5054177669916,469.3883366815618,690.3461131074162,466.3337358763282,688.1536913169266,463.2759569504094,685.9657288415482,460.1789609925446,683.8337032041777,457.0413866499601,681.76184130336,453.8674303542866,679.7461408393809,450.6610594593765,677.7823970059869,447.4260132395514,675.8662467205398,444.16581056240875,673.9932062120712,440.88376267760776,672.1587022747891,437.5829717052929,670.3581310396452
486,599.2508969217519,708.8735818042084,595.68272888831,710.0559354142792,592.2203159917711,711.5195535247087,588.8676922785171,713.2203884052301,585.6096987305137,715.0967169278525,582.4189231953807,717.0855748102542,579.2616587167903,719.1273867168179,576.099675814669,721.1618574238697,572.8926028633631,723.1241955795284,569.6034966235427,724.9451419010435,566.2077077552007,726.5576880893796,562.7007077734436,727.9108115388924,559.0964848761982,728.9782751269319,555.4198814510297,729.7615315470223,551.6969480987925,730.2829573215623,547.9479705883323,730.5622289391646,544.1888722420111,730.6063945665222,540.4349965774479,730.4055199923347,536.7061622624481,729.9303061049726,533.0335731145499,729.1307861978086,529.4421312092613,728.0206440101103,525.9251184087186,726.691948127217,522.4558070437698,725.2426608120549,519.0274769010666,723.6989622670901,515.6477421121267,722.0516826628003,512.328612765009,720.2855998130343,509.0847062599764,718.3849897589691,505.9259667341061,716.3459712470441,502.8488976335553,714.1854942615358,499.83596542026345,711.9362799832377,496.86524184851373,709.6315097695938,493.91667514803385,707.2984209717757,490.97212034843324,704.9602643679619,488.01575757146304,702.6370701711376,485.0363538738421,700.3435166690005,482.0307095936407,698.0844606365432,479.0021610128364,695.8561903861913,475.95788006193703,693.6494494844079,472.906153177075,691.4530102895343,469.85579684300734,689.25466932626,466.81451440942857,687.0437985511156,463.78673929313567,684.8144670749999,460.7721671145335,682.567312877734,457.76984317612335,680.303819053999,454.77878907554884,678.0254525131439,451.7980053046213,675.7336646231554,448.8264737152933,673.4298920610069,445.8631598514063,671.1155578544635,442.9070151549521,668.7920725910845,439.95698657845736,666.4608262683703
487,598.1780649881428,709.5694017908538,594.5563653182646,710.5771162737113,591.0343653795384,711.8885254908273,587.6964931449219,713.6143821821523,584.5440119752254,715.6619943714204,581.4856506616937,717.8491190212033,578.4098615099826,720.0115694638149,575.2589605199788,722.0626455774934,572.0122223641357,723.9581190144683,568.6610884236339,725.6618233613583,565.2035916225203,727.1374552273155,561.6504663100754,728.3649743043143,558.020183647556,729.3411496362644,554.3318098407444,730.0677684978698,550.6029684291946,730.5451860511035,546.8505800379901,730.7727123637719,543.0914004837416,730.747589033688,539.3426538775532,730.4668300022623,535.6219186583139,729.9300861663398,531.9460123188269,729.1427528287434,528.3295959819344,728.1160627083248,524.7855901567414,726.8619320425088,521.3254525778616,725.3920376039007,517.9572515649924,723.7220172929285,514.6801133019644,721.8794404052395,511.48568468956387,719.8966985967389,508.3615099517172,717.8048490287192,505.29435641991245,715.6301479706412,502.27155165275354,713.3941476810102,499.2809232182816,711.1152506429718,496.31091809948845,708.8095179591757,493.35082055685416,706.4910697054913,490.39012716870684,704.1733828733837,487.4196922634835,701.8682017440357,484.43421447037866,699.5825387571306,481.4350335411878,697.3148809133355,478.42997787519914,695.0550082155995,475.42728897541605,692.7919934557674,472.43858935547144,690.5105621693068,469.48374611834527,688.185500433272,466.5748860453347,685.8031824169705,463.70654309360316,683.3721748891595,460.8529751892039,680.9238030258915,457.9789414479807,678.4995197927991,455.07691048318594,676.1088186342444,452.14874441008993,673.7501971658096,449.19625698299035,671.4220895815843,446.22120867594134,669.122879122118,443.22530707298085,666.85090463801,440.2101972503081,664.604481005257
488,598.0799203586697,710.2958601759472,594.5093508235849,711.4719837059637,591.0295242754542,712.8940446213174,587.6568858319233,714.5546095498775,584.385606126792,716.4075761381106,581.1830328236274,718.3774016278286,578.0053518049327,720.3873066941859,574.8103543874824,722.3694680929474,571.5607949779073,724.2605220088344,568.2282514116247,726.0007171589192,564.7992850806457,727.5417601189655,561.2744396579851,728.8482928702576,557.6632580856042,729.8923211489131,553.9819937075737,730.6529426928455,550.2526000436967,731.1242127342192,546.4983085999675,731.3153923675692,542.7398235947093,731.2404283196043,538.9950374615752,730.9106481330689,535.280204117619,730.3340760563593,531.6101642144753,729.5195165601083,527.9974953609601,728.4794276358699,524.4516028219017,727.2302928013021,520.9787507617742,725.7903355768632,517.5837397336638,724.1752708163856,514.2708832480916,722.3977020919576,511.0436947728053,720.4688957553021,507.90278585908226,718.4024697660466,504.84253049608725,716.2182491325382,501.8493472813176,713.9428388449272,498.90401174228526,711.6057317942831,495.9879737702865,709.2321240928911,493.0868657294316,706.8402752461941,490.18926954977997,704.4441700134337,487.28516288960367,702.0559651206617,484.3657493730189,699.6865048426802,481.42780771246834,697.340058195351,478.4752041920093,695.0120775714033,475.52210388218055,692.6847296473178,472.592648844387,690.3277222562723,469.69291281471675,687.9342424000888,466.82125714662936,685.5071387443697,463.9759310312661,683.0492169445345,461.15509844186903,680.5632193869814,458.3568495260799,678.0518250247968,455.5792110075021,675.5176507253436,452.82015559548756,672.9632539199206,450.07761043351314,670.391136359766,447.3494646418076,667.8037487998199,444.63357602929517,665.2034964497032,441.92778989057985,662.5927317876558
489,597.812486234627,710.9015436041691,594.2655042263112,712.1472823446911,590.8066331506948,713.6198724037594,587.448776896279,715.3104888843752,584.1773898040798,717.1634958706416,580.9582338111625,719.1062021543182,577.7495773149631,721.0662714497855,574.5132222313003,722.9801133483631,571.2220210076172,724.7977708666033,567.8597173895889,726.4800033296328,564.4177273145293,727.9921609936273,560.8924797522228,729.2980308807419,557.2868772025271,730.3615282901116,553.6128682732397,731.1567827811165,549.8891370608303,731.6710735338743,546.137132167744,731.9016892836987,542.378398115313,731.8489979139322,538.6335823246749,731.520765209843,534.9205761761848,730.9327842533853,531.2533061960423,730.1057535349024,527.6425465765145,729.0589372753979,524.0974316046621,727.8075746631871,520.6266153912634,726.362801918689,517.2385559084385,724.7333362578318,513.9400841538192,722.9293331800955,510.73486388875375,720.9643166399994,507.62223722125873,718.8555743437756,504.59645312906383,716.6238850038856,501.6465394616133,714.2927127186049,498.7587341877187,711.8849412768027,495.91867407321934,709.4209766234044,493.11278093203043,706.918136942316,490.3280443744977,704.3917587402932,487.551944799706,701.8558852584626,484.77209787790895,699.3241235917291,481.97691239151993,696.8093171707708,479.1592302849428,694.31975049468,476.31928576548256,691.8556027579924,473.46637156029686,689.4064682299484,470.61709543764056,686.9531065045982,467.7903392401067,684.4738899859445,465.0438923265951,681.906433065206,462.42822809454987,679.2058889021813,459.938482964346,676.3887214787934,457.5625901546427,673.4747991128995,455.2867021732265,670.4820407869066,453.0958933696593,667.4263911366908,450.9746616928091,664.3219909262567,448.9072481767122,661.1814595721207,446.8778377505564,658.0162151459054
490,598.6292257525567,711.2734476479924,595.0458609489679,712.4114486334639,591.5177691877348,713.7102652074785,588.0654423849031,715.1986198644688,584.6997425039398,716.8738348158186,581.4105049349213,718.695045303919,578.169144893206,720.6004809095465,574.9373039371392,722.5220809436267,571.6760357760492,724.393113662394,568.3528235524633,726.1513773991439,564.9450729877315,727.7390442807018,561.4442111253921,729.1087986566371,557.8582213476458,730.2368423209545,554.2030048964323,731.1150660131866,550.4958307190129,731.7384307389625,546.7539707103329,732.0988917520946,542.9958803090317,732.1881638048217,539.2412583809041,732.0036443406135,535.5092879446071,731.5518600491763,531.8165498842961,730.8475799743395,528.1763604453597,729.9084909092462,524.6002513282015,728.7488979937409,521.0984037946241,727.3812074939121,517.6794755281827,725.8176417316639,514.350343648074,724.0709301467144,511.1154991470979,722.1551377673221,507.97638316552116,720.0861128890821,504.9309129745818,717.8814589865098,501.9734427973943,715.5599897167066,499.09571651927905,713.1402870639646,496.2869858690637,710.6407509752846,493.5344184778621,708.0794377309074,490.8240238735235,705.4734955107936,488.14141888294523,702.8389281216374,485.47051443666624,700.1924867490716,482.79683039250756,697.5488547373161,480.11461080246914,694.9138837239096,477.4287696793323,692.2826023178893,474.7490462676005,689.645095048877,472.08578228723593,686.9909782490753,469.44693993750377,684.3125859302364,466.8332997889609,681.6095920470987,464.24302042773985,678.8842005449751,461.6742013292847,676.1385697690362,459.12489417263566,673.3748104645393,456.5931098036035,670.5949882448654,454.0768245295525,667.8011267747003,451.57398578846613,664.9952115577998,449.0825172468998,662.1791942286793,446.60032890567936,659.3549924119385
491,596.1514588629443,712.4798618187533,592.6525191764761,713.8556026427431,589.216967605974,715.3827370937694,585.849002443341,717.0537881816036,582.5387457442796,718.8366852945064,579.2605304383579,720.6780455056003,575.979741574787,722.5148011039157,572.6646476555618,724.2886996362921,569.2935989467168,725.9535465019304,565.8560868926115,727.4762187486836,562.3495247154332,728.8320952003265,558.7753336999893,729.9977718478427,555.1379346513876,730.947577370346,551.4467512460535,731.6598776492904,547.7159401372767,732.1214717389272,543.9623585516821,732.3277176633733,540.2035236111155,732.274037517115,536.4578371336975,731.9557326797496,532.7443045999389,731.3716102413775,529.0809893034699,730.5278613383417,525.4833790856962,729.4372529985907,521.9644855687956,728.1143698435415,518.5355585042986,726.5731360440064,515.2065297395648,724.8264775768921,511.98502061001886,722.8885701387625,508.8752338696208,720.7759168641899,505.8774050745768,718.5070762865251,502.9865060050316,716.1033239214215,500.1876633601604,713.5928213730336,497.45704482632937,711.0081366162067,494.76676918283306,708.3814127663614,492.0903329394777,705.740565943503,489.40343331599655,703.1103822147737,486.6805523908576,700.5175288141211,483.9019536348061,697.9845252806737,481.0543633675388,695.5294666904438,478.11962292917025,693.179231713941,475.21021426652464,690.7981375640439,472.45569127792464,688.2398064449894,469.8669740216702,685.5136930436602,467.4398174080669,682.642671615623,465.1663473775492,679.6483695959436,463.03614937831355,676.5504104593899,461.03724730024373,673.3660763413841,459.1568831092662,670.1102755707346,457.38207952345056,666.7956989186166,455.7000092112828,663.4330724373984,454.09821007306317,660.0314446152289,452.5646870629088,656.5984710108094,451.08802125661083,653.140641465301
492,595.485268555326,712.9887247822564,591.9792362162566,714.3461379254686,588.5471621026145,715.8807030095421,585.2027257595661,717.5979491809467,581.9368824701295,719.4608021878822,578.7146965916415,721.398525311612,575.4868075582283,723.3266920708455,572.2079253202835,725.1664245844322,568.8470309987707,726.8511428164993,565.3922717962248,728.333527154523,561.8495431342906,729.5911449750558,558.2339459178148,730.6208489179185,554.5623493282269,731.4287451156368,550.8504626020275,732.0251658007124,547.1117726950893,732.4205150511601,543.3573828401371,732.617092674926,539.5979053966948,732.608637317072,535.845269877313,732.3829219513807,532.1138961250622,731.9252595729903,528.4210711901314,731.2216780179731,524.7859819623086,730.2637058242138,521.2285340830217,729.0488351201045,517.7693147001864,727.5775282801924,514.4320777104458,725.8474319836155,511.2402495031325,723.8618777437426,508.2066709739156,721.6417524067173,505.3232542038237,719.2294161344128,502.56490314107583,716.6746681897017,499.90006179201004,714.0223072110305,497.2980857578203,711.3081371207218,494.73323946222996,708.5588023524381,492.18494262284753,705.7941035843266,489.6356930270337,703.0302839940808,487.07288916098855,700.2790343174117,484.4913362966088,697.5453706965825,481.8936024962645,694.8270743872034,479.2862612345164,692.1179876187448,476.67785672837863,689.4099240384128,474.07879022200274,686.692904130316,471.50353957051516,683.9533225120388,468.9707976043133,681.1744443369392,466.51621818872894,678.326496990355,464.18569412594843,675.3762835214703,461.9818046990272,672.3302401691179,459.8953336896314,669.2025376687649,457.91570621737606,666.0060876129357,456.0314631277341,662.7524537609279,454.23063675879837,659.4518825285727,452.50102533017287,656.1134117850162,450.8304222557521,652.7450022290357
493,595.4108817700661,713.7374049047785,591.9358387705319,715.172783338097,588.5083562432982,716.7182641629782,585.1326498802545,718.3738298272414,581.8021822442613,720.1187663800077,578.4968173133826,721.9109434571105,575.187781262934,723.6963112783822,571.8473869215838,725.4221228632599,568.4553597162447,727.0438442722087,565.0004245386458,728.5265811900827,561.478785483684,729.8428046155608,557.8920512413758,730.9693685868864,554.2470979063958,731.8901056490773,550.5543133497748,732.5948135027011,546.8257854974696,733.0755305645355,543.0745574991842,733.3223952588613,539.3152742333726,733.3242782939058,535.5646600647877,733.070058117901,531.8413203346304,732.5521364883722,528.164375141762,731.770115396633,524.5518958245539,730.7300980355213,521.0204736624987,729.4413346766408,517.5846152219046,727.9158570537858,514.2555697248397,726.1693941731047,511.04036378529355,724.2211371585181,507.9416483116695,722.0923197801409,504.95781281501195,719.8051197639236,502.0834901565129,717.3816042105202,499.31090927921,714.8422207506325,496.6312859072848,712.204855470083,494.03551853026437,709.4848579380172,491.5143231055216,706.6955515432725,489.05792366989704,703.8489796138338,486.6567094991963,700.9556769145503,484.3018258049932,698.0245227476213,481.9853997180036,695.0628686225793,479.6998889570327,692.0772815336081,477.4367356452728,689.0747024009073,475.185233617343,686.0633705634461,472.9325198008355,683.0529457534005,470.665399846863,680.0533649557814,468.36339175349644,677.080512247151,466.01210454908806,674.1464857346199,463.6139525759241,671.2506315445838,461.17271973763997,668.3909942859526,458.69208994569055,665.5654581082864,456.17564127481444,662.7717691742591,453.6268438354804,660.0075562058192,451.04906083890563,657.2703489586079,448.4455493634721,654.5575973491599
494,595.5071200569529,713.702748064935,592.0419348712893,715.1618479987171,588.6237022847123,716.7276483352899,585.2596175131397,718.4066801047743,581.9435935949348,720.1789056453753,578.6546479823115,722.0010329754874,575.3656821127099,723.8231237536056,572.0503436379668,725.5966447509318,568.6867645132843,727.2766268389203,565.2579692380478,728.8187838894949,561.7552289643812,730.1842976208313,558.1794535923538,731.3449253231935,554.5393261364172,732.2842277449785,550.8466664249165,732.9889917575724,547.1152414149657,733.4455096315436,543.3611611287923,733.6416755822374,539.6026088377672,733.5716868728991,535.8578917145508,733.2413823250944,532.142895078211,732.6656322455104,528.4701471607893,731.862997947774,524.8497022680041,730.8500532748338,521.291459758936,729.6365080248179,517.8075512341189,728.2237411588782,514.4134895191062,726.6071442696053,511.12879950787965,724.7787225204607,507.9774842382692,722.7291505962748,504.98133466380193,720.4588232534783,502.14839404620153,717.9875868094672,499.46594692348106,715.3534698424309,496.9103145269098,712.5959072710299,494.4552204074914,709.7483111669932,492.0741990173662,706.8383952499298,489.74134516131727,703.8896662377751,487.43341374896573,700.9213658601328,485.1338715785293,697.9465566686918,482.8324220737576,694.9732233406704,480.522425441388,692.0065278971081,478.1987620069032,689.0505255671266,475.8690774483587,686.0992627614214,473.5643878593284,683.1284974737663,471.34295684696906,680.0952159814552,469.2771434706803,676.9542014835629,467.3874112217185,673.7041108545184,465.66159048213035,670.3639966059748,464.0848329087171,666.9508994543693,462.64089159967267,663.4794553989209,461.3129129621434,659.9619602960648,460.0839827958447,656.4086015292236,458.9374571461594,652.8277686348839,457.85715856668423,649.2263753150486
495,595.1929567499218,714.0510305005395,591.7446720693541,715.549705258869,588.3389610633204,717.1426360021972,584.9858305726568,718.8434216056066,581.6868294564428,720.647061963988,578.4246789898176,722.5167066133815,575.1662775729345,724.3929015717583,571.8719049993421,726.2049200189672,568.5075047599915,727.8828387589118,565.0552182731839,729.3710349577372,561.516767969442,730.640721080819,557.9059885707451,731.6873022878982,554.239319037672,732.5173452010652,550.5310257578643,733.1355696953983,546.7936800838623,733.5428831934119,543.0392148405895,733.7365930569315,539.2798715047358,733.7111636447135,535.5289288072764,733.4593104273721,531.8011466033797,732.9732258462451,528.1130827696664,732.2449504594362,524.4830913410166,731.2676983812153,520.9295799500288,730.041192005068,517.4684200297818,728.5740684832816,514.1117461397298,726.8813582194654,510.86861630313797,724.9800317581145,507.7468741488397,722.8852865301457,504.7544762269042,720.6095584049407,501.8995214344652,718.1635955375802,499.1898303824884,715.5576135853831,496.63373475039333,712.8008161631017,494.2412709833527,709.9008880029726,492.0020300816763,706.8807915886139,489.86383522944385,703.7880668659353,487.75678212458433,700.6739524183677,485.6331165010168,697.5711630806005,483.45244600719644,694.5082945264459,481.1861492483755,691.5081587779457,478.9012204802268,688.5221168200608,476.5314464210444,685.6035208267602,474.11872567271683,682.7201774600425,471.9518941979703,679.6490245954396,470.0355773679894,676.4148716352402,468.330815365433,673.0642212402098,466.82132832029254,669.6210487155721,465.4876830084768,666.105910033653,464.30852604059004,662.5358828659591,463.2618436821738,658.9247161660057,462.3257770445599,655.2832481231391,461.47906137012035,651.6199276417101,460.7011913245462,647.941340269698
496,591.658120980362,715.979567602278,588.2935473390169,717.6579387467857,584.9444961268507,719.3670741951911,581.6107620513327,721.1059004715721,578.2900172884569,722.8694212751477,574.9717149531357,724.6375397492552,571.6377776580688,726.3759220652532,568.2674669808073,728.0425092671369,564.843648186727,729.5959160114967,561.354042503747,730.994881932783,557.7925192161393,732.198490384532,554.1612334569626,733.1710613124627,550.4714271373978,733.8900491754578,546.740178358745,734.3476851883157,542.9861734789623,734.5462893742751,539.2272186809327,734.4943072322104,535.4791728874962,734.2027906481608,531.7561963831431,733.680757984701,528.0715988520749,732.9344953270898,524.438602368749,731.967808123942,520.8710384874236,730.7822751745532,517.3843781611214,729.3766095222404,513.9964619330365,727.7474233547036,510.72835455908677,725.8897316184961,507.60549398237083,723.7972807733864,504.6580634539793,721.4643852006062,501.9008025301816,718.9092921202484,499.32548221469045,716.1705824062865,496.9085724016777,713.2908263361102,494.6211256830461,710.3069918662104,492.43247659363243,707.2498144844684,490.31237056471764,704.1446285059335,488.23250056884893,701.0123070026318,486.16764761999747,697.8700523114065,484.1011829362733,694.7288578676271,482.0232354077939,691.5952514213247,479.92712104773534,688.4737697735401,477.81401617537165,685.3637627689661,475.6859941416432,682.2639431093922,473.54409609975744,679.1736946169149,471.3893310330279,676.092403732215,469.2226999783578,673.0194444589273,467.04519631177936,669.9541795130032,464.85780611103826,666.8959614254088,462.66150858765445,663.8441336000209,460.45727658117346,660.7980313291256,458.24607710858373,657.7569827693954,456.02887196215914,654.7203098816319,453.8066183492357,651.6873293379122,451.58026564599913,648.6573562833788
497,591.1295784354568,716.7728537513568,587.8117619903329,718.5418299075491,584.5144902278357,720.3488379016272,581.2284118020074,722.17614934157,577.9365666870311,723.9930273828248,574.61678507427,725.7582057666282,571.2492995011746,727.4303742157887,567.8217749812477,728.9755303795214,564.3298591414742,730.3688757573796,560.7752171036096,731.5932374416788,557.1637827638224,732.638205060355,553.5038824900778,733.4981277470545,549.8045402416764,734.1682786988135,546.0750301385854,734.6424162898006,542.3252319889017,734.9121894330332,538.5661958662082,734.9672728060891,534.8107292799622,734.7958514764631,531.0739602582709,734.3848738315475,527.3734121685005,733.7232060651119,523.728006788213,732.805231205109,520.1559835119484,731.6337631520391,516.6737028253053,730.2175684091904,513.2962839862635,728.5667970082177,510.03969011661974,726.688925386016,506.9228681810554,724.587265539747,503.9627505486484,722.2701033713888,501.1729091943701,719.7504799734259,498.56502152742,717.0429568767546,496.1525474686846,714.1599759741921,493.9516598357316,711.1124330355875,491.9629508338413,707.9221870065546,490.14518386373175,704.6310779605344,488.3991930290655,701.3010867520961,486.6275678154851,697.9847322655689,484.7557469065194,694.7240787743252,482.7560895686555,691.5401705836136,480.66079135249515,688.418267099725,478.48580423318975,685.35133055561,476.2382417940008,682.3371578626449,473.9250254770526,679.3730556585579,471.5528480629577,676.4559106259516,469.12814337098456,673.5822634178307,466.6570726791077,670.7483752811578,464.14552488385294,667.9502862501809,461.599127569792,665.1838646027429,459.02326647381994,662.4448478716889,456.42311121798735,659.7288761054157,453.8036455875736,657.0315183190232,451.1697010072529,654.3482932104796,448.5259891511696,651.6746882872546
498,591.9665494560189,716.1999244887201,588.664830172368,717.9987648129871,585.3868388523591,719.840499955468,582.1276155152186,721.7152754726013,578.8731287515116,723.598276019824,575.6019667633831,725.4520813352249,572.2899300342724,727.2316295344633,568.9162210767068,728.890968752567,565.4679910688377,730.38894409481,561.9437580226544,731.6979807680209,558.3516578186989,732.8072706075632,554.7029963519625,733.7133538263953,551.0089014193693,734.4113837699093,547.2806521456915,734.8946592843782,543.5303484647978,735.1562494065215,539.7711054247695,735.1906646760596,536.0166229082557,734.9981395386707,532.2799361609931,734.5849950184265,528.5724837875539,733.9615935470912,524.9042195952558,733.1382344865526,521.2845236261065,732.1223711616291,517.7248411185769,730.9130515800122,514.2398646816756,729.5029460194303,510.84701155288303,727.8840418256866,507.5888510226669,726.0097236488531,504.5049390842772,723.8606571003852,501.6095324510689,721.4634983938308,498.9139820043692,718.8435272113144,496.42970764503275,716.0223799648855,494.1694925993852,713.0187267683284,492.14859391958936,709.8491460109996,490.3669088259962,706.5387625544514,488.68617426625957,703.175358904266,486.99870315915274,699.815326458761,485.27624249370945,696.4731964805073,483.4291242085153,693.1985906092364,481.4373776297242,690.0098319177778,479.3161815830425,686.9056218566999,477.08046457480526,683.882793621398,474.7444272213097,680.9367550189355,472.3213472401513,678.0618372859378,469.8234985821165,675.2515993548238,467.2621548112834,672.4990761543911,464.64764984112554,669.7969699985027,461.98947459725935,667.1377902322503,459.29639398213254,664.5139491222908,456.57657368752996,661.917822686078,453.837710451588,659.3417846922331,451.087162346259,656.778221121901,448.33207781941667,654.219531284809
499,589.0089978837044,718.1358651916046,585.7683439653878,720.0425652776722,582.5135815891983,721.925066568954,579.2365202936633,723.7684284010761,575.9253676240377,725.5497370093809,572.5685301781612,727.2432489223655,569.1573590087976,728.8243100344246,565.6873593290444,730.2715537162626,562.158511617317,731.5686072609712,558.5748260080868,732.7053293646304,554.9422859949731,733.6745942465145,551.267709647076,734.4696716191289,547.5584996759039,735.083056590792,543.8229463070165,735.5072252434758,540.0702703592624,735.7340518997827,536.3108463212202,735.7536930455826,532.5567377737567,735.5540809035258,528.8223727005109,735.1215405306576,525.1252863133564,734.4408295197379,521.4862772733962,733.4981168382712,517.9285865898032,732.2842896182743,514.4758597519331,730.7980285744762,511.1481932880637,729.0495457026548,507.9654476093849,727.0494430175025,504.9510106595355,724.8037650889725,502.12691694304226,722.3229244007456,499.495610711382,719.6381684703721,497.04458280729125,716.7876212732914,494.7550871583847,713.8055703355715,492.60467993901705,710.7215619687519,490.57522425716746,707.5565660884572,488.6552638667115,704.3239381896132,486.8377416292888,701.0325919947417,485.1141584060902,697.6910644045105,483.47644655587754,694.3065987548732,481.9133292781434,690.8870077822382,480.4099401113192,687.4407153244374,478.94862052932734,683.9763443428536,477.481053269017,680.5146232921408,475.97187932145795,677.0708488079074,474.45700982280056,673.6296037062584,473.0582446658004,670.1397305897028,471.7170027914268,666.6271196049571,470.3548734979396,663.1225604382095,468.96982797949113,659.626993615753,467.56360790314056,656.1398901745364,466.13794826648524,652.6606882258544,464.6945767188653,649.188795957194,463.2352131743477,645.7235945773298,461.76154984912677,642.2644496789179
500,589.0946929102028,717.8965138665826,585.9032402460334,719.8844487723004,582.6867391924609,721.831560719721,579.4370366169076,723.7226892500646,576.145884621667,725.5406453424214,572.8048858333715,727.2651680500087,569.4067083164147,728.8739388702293,565.9464225088494,730.3441855447568,562.4221990775206,731.6535647232834,558.8358882821736,732.7816255040982,555.1941000016219,733.7150542089418,551.5070388397223,734.4496329805679,547.7861721251924,734.9875413906668,544.0424269501268,735.3320458866165,540.2859401582459,735.4841512953652,536.5266190981266,735.4423352559542,532.7747349333627,735.2026979527595,529.041499580522,734.7591430680956,525.3396458674767,734.1036341515891,521.6839467490182,733.2268247328967,518.0917632916534,732.1184298977458,514.583515005463,730.7679390120754,511.18233063277825,729.1670357757755,507.91177593361846,727.3139240070304,504.79146495211137,725.2176105598136,501.8328399859773,722.8985617629268,499.04214765998825,720.379799264001,496.41922743923385,717.6866194302617,493.9904873571027,714.817657756621,491.83113444845355,711.7412993765872,489.97695458318657,708.4719775902036,488.4521788116224,705.0366869818306,487.15700497102705,701.5069368399726,485.8320885123186,697.9881957827803,484.475416502405,694.4815130289753,483.1125981750025,690.9772154903557,481.7434516159098,687.4753842471526,480.3817711541431,683.9706456766796,479.04100746293886,680.457862164086,477.74953339275123,676.9267076808238,476.52235931725295,673.3726734933082,475.3391723863797,669.8037351363208,474.19238725867314,666.2229308551148,473.0786117327303,662.631719296659,471.9944156116926,659.0314645995684,470.9363401841112,655.4234446442989,469.9009057522264,651.8088601042762,468.8846176044249,648.1888440445974,467.88397062486877,644.564471922908,466.89546655195727,640.936768129838
503,584.3786614822367,720.4251691035153,581.2205064040495,722.4654674801562,578.0124260598943,724.4262753174976,574.7485135873666,726.292580689144,571.4225204803978,728.0457346110288,568.0292199011849,729.6646207927455,564.5671039075337,731.130434676298,561.039296131556,732.4301465967483,557.4527747214368,733.5577776858826,553.8164895103994,734.5128700662518,550.1392357325828,735.2955764496406,546.4292106089041,735.904255526718,542.6943383226936,736.3348210730139,538.9428457692017,736.5813795718226,535.1837011728248,736.6371304604895,531.4268725984859,736.4947706389903,527.6836474390143,736.145616787286,523.9673860057045,735.577731373383,520.2945470609803,734.776092948779,516.6841197238405,733.7288821694267,513.1556980647547,732.4320094558786,509.72742852925575,730.8897631234286,506.41783681466245,729.1070832981092,503.249060209913,727.0848260008007,500.24796006919325,724.8213610704984,497.44282949064046,722.3192481136853,494.85504563164034,719.5929285396927,492.49360136483017,716.6682032446078,490.3559427550657,713.5759759369705,488.43886259267214,710.3423178119236,486.7599576020514,706.9789634775585,485.35224324813373,703.4936291517056,484.26061394013055,699.8970617295937,483.50281550705563,696.2151779905639,482.90671287136,692.5028005444334,482.3569316992697,688.783264158652,481.8482567757259,685.0578724500449,481.3580408921206,681.3299951638614,480.8407886382223,677.6057996230352,480.2730744342669,673.8889624585546,479.6575661791207,670.1797367562366,478.99780797847416,666.4781221491884,478.29733411787447,662.7839927790347,477.5596608238468,659.0971085463277,476.7882803312571,655.4171263309069,475.98665703634526,651.743611020565,475.15822550617094,648.0760462338617,474.3063901153171,644.4138446653633,473.43452608705286,640.7563580178543,472.54596757329534,637.1028899829753
509,575.7456947995595,735.7534065205044,572.0001951080227,736.0824188520877,568.2601832278608,736.4690652628211,564.524568344817,736.8962410342936,560.7917704332352,737.3474426757869,557.0599328747637,737.8065427039642,553.3271115455778,738.25755002088,549.5914557108285,738.6843666393434,545.8513960404791,739.0705498462083,542.105854862077,739.3990904467425,538.3544931160125,739.6522225644364,534.598006431524,739.8112888195624,530.838477610792,739.8566965193185,527.0797819910531,739.7680147194943,523.3280225337688,739.5242752065965,519.5919407902761,739.1045450981815,515.8832099294235,738.4888223662846,512.2175619389046,737.6548718682403,508.6255628645558,736.5474588021673,505.1519860890695,735.1121585244716,501.83388243101257,733.3462620404017,498.66258679947794,731.327763258093,495.65077460178986,729.0785282327479,492.8588151977361,726.562763247926,490.37859338684086,723.739950025736,488.2731805298329,720.6278104283583,486.5826779001081,717.2721738738232,485.35078384471984,713.7228461653527,484.62383278949153,710.0368623248436,484.3993705392651,706.2861531206589,484.6033186838578,702.5332739721301,485.131091482217,698.8113781103079,485.90080326102293,695.1316034701105,486.87492126754967,691.5004376075512,488.01799610537654,687.9187204127779,489.29203158032686,684.3813395124889,490.6475215843166,680.8742288478171,492.0151629052409,677.3718108020023,493.37238928993946,673.8653437672385,494.71939992869926,670.3549395911583,496.05650126022414,666.840748963672,497.38400114646174,663.3229200355966,498.7022087781612,659.8015984776824,500.0114345849737,656.2769275424391,501.31199015000385,652.7490481285779,502.6041881287103,649.2180988478947,503.8883421720501,645.68421609443,505.16476685375153,642.1475341157443,506.4337776015944,638.6081850861628,507.69568477820866,635.0662971013278
526,534.6098552500797,749.7855674529978,530.8805843816536,749.3061676954685,527.1569146205842,748.7851414346496,523.4416656820362,748.2072535969554,519.7387657368006,747.5550863538646,516.0538613893672,746.8081586856474,512.39527718074,745.9417858352715,508.7755686544602,744.9256088630134,505.21408304590767,743.7217887162661,501.7411900484288,742.2831159498601,498.4050468970719,740.5520695844879,495.2812088838551,738.4638086404605,492.4817753900499,735.9594181057522,490.1507918123725,733.0159284033298,488.41149636495123,729.6883898431665,487.2785387003818,726.1076670569091,486.70180969302015,722.3951913618921,486.60748686569144,718.6387117187686,486.94801014403254,714.8960523777108,487.66753185743505,711.2069782879717,488.69989110719587,707.5924604254282,489.9768144588831,704.0565553566962,491.4405280331419,700.5935767130713,493.0602984793688,697.2007265427083,494.8452333787511,693.8919646019036,496.8096714410203,690.6864997554476,498.9309597480054,687.5824273077584,501.16319873188706,684.5569499466034,503.46673383730524,681.5853010471665,505.81412019521196,678.6481232496645,508.1849361761328,675.7298039629081,510.5616710032908,672.8162983717705,512.9275425495726,669.8939730692072,515.2652597601634,666.9491002879943,517.5553507818676,663.9670867094534,519.772966324696,660.9308652969764,521.8932284927474,657.825960876551,523.8983409336494,654.6455102184807,525.7829372305403,651.3921884854402,527.5514060345122,648.0742734517872,529.211353864225,644.700723656631,530.7711554215841,641.2796875028328,532.239703410057,637.8184711285031,533.6262027952948,634.3235560326034,534.9400115695424,630.8006515252657,536.190525365986,627.254769277856,537.3871006228554,623.6903101237768,538.539009915001,620.1111561271861,539.655423016766,616.5207634347304,540.7453987792953,612.9222506747292
541,441.76559849053314,732.8686520749916,444.61294418106195,730.413045657829,447.46477901972213,727.9626539899282,450.32056976775215,725.5168736880172,453.17978611553696,723.0750987885248,456.041900319182,720.6367211182632,458.90638682701297,718.2011306536918,461.77272189764307,715.7677158704132,464.6403832111995,713.3358640846081,467.5088494752623,710.9049617881408,470.37760002703766,708.4743949790942,473.2461144332658,706.043549489515,476.1138720893468,703.6118113121584,478.98035181916305,701.1785669280202,481.84503147708995,698.7432036364572,484.70738755367705,696.3051098896585,487.566894786534,693.8636756332435,490.4230257779567,691.4182926547106,493.2752506208872,688.9683549414474,496.1230365348375,686.5132590499511,498.9658336994962,684.0523885618314,501.79675926415854,681.5778887872585,504.5937235631827,679.0651168519564,507.3415722104398,676.4987573539194,510.0378192829692,673.8782159843097,512.6876949602968,671.2107813732162,515.2926682158371,668.4994753766173,517.8525319926074,665.7455392547522,520.3666169030361,662.9497488900366,522.8341097391695,660.1127537398158,525.2538568340682,657.2349285486677,527.6243766933869,654.3164225585354,529.9441771311436,651.3574433780761,532.2111135634627,648.3577775097853,534.4200363302554,645.3151563775265,536.5578465440741,642.2222001818008,538.6055047924657,639.0689032711731,540.5484188691056,635.8500158038509,542.3896889517652,632.5718987348082,544.1355938018553,629.2419875665722,545.7929730124869,625.8671189449418,547.3690608207337,622.453509655197,548.8713470268448,619.0067664236576,550.307466246646,615.5319181642245,551.6851142612876,612.0334633812513,553.0119887497159,608.5154268770685,554.2957509764568,604.9814213932198,555.5440048294552,601.4347111555692,556.7642897537144,597.878275412214,557.9640775714037,594.3148686309765
542,497.7524439947499,743.3529562105542,494.40434282208236,741.6436067738423,491.20225663839557,739.6751353322754,488.21264319534225,737.3980411234663,485.52835034757356,734.769327690508,483.26479230638733,731.7720487743223,481.52360982356794,728.4441048354164,480.2857274251518,724.8966305965423,479.50283875233947,721.2213611409736,479.1538113737411,717.4796689866056,479.2327886020443,713.722553254061,479.74766848286697,710.0002048477502,480.7065106619046,706.3669561894434,482.1085789253945,702.8808229630184,483.9380718502312,699.5986830501863,486.13739084659335,696.5512937592855,488.61701239402424,693.7261808169761,491.27965699149297,691.0720508662109,494.04722839293396,688.5270530047355,496.85714791082773,686.0287159897114,499.66498753995654,683.5280441379479,502.4463180561096,680.9979438996965,505.1946071028748,678.4319972311208,507.9077872806416,675.8289576201201,510.5826506071482,673.1865700779819,513.2162643239787,670.5030646856972,515.8123537498348,667.7832254670789,518.3803868095816,665.0368629785971,520.9234123670706,662.2673343217685,523.4336913564687,659.4681096613673,525.8981671967879,656.6285070156562,528.303323617973,653.7385248846139,530.6352036030881,650.7891434695167,532.878102639409,647.7716016597816,535.0149312378244,644.6780881768257,537.0384401356126,641.5092904490333,538.9498669987343,638.2716205389119,540.7708184657597,634.9820797748009,542.5589386571293,631.6745120101543,544.3623640185818,628.3752781295035,546.1769603405121,625.0821632931181,547.9559619310006,621.7697368276855,549.6588976495741,618.417628005367,551.279030333318,615.0247075515125,552.8224455543992,611.5961922062952,554.2955619315302,608.136875032891,555.705018790255,604.6511229927011,557.0576007897029,601.1428989431806,558.3601790141919,597.6157936758952,559.6196362447039,594.0730538908692
551,482.1496778336486,732.3991200965232,479.94387637565455,729.3579489709022,478.2227243839525,726.019564413318,477.0550651358837,722.449322313262,476.4150046421652,718.7472239104508,476.27229933009056,714.9925283827233,476.6008450828957,711.2492839759597,477.37589087289075,707.5722383512544,478.5649249185795,704.0072217809816,480.12402344697136,700.5874730711365,482.00365291015464,697.3325067733922,484.1538183497907,694.2492027647719,486.52704852307994,691.3337921374172,489.0818663768796,688.5758515159727,491.7826424432808,685.9604501942517,494.59839100849825,683.4690554919425,497.50132211261575,681.0796514539712,500.4663306309585,678.767605281215,503.4705334608778,676.5066396153547,506.4925819124014,674.2695447488728,509.51164758896095,672.0284328641868,512.5059065094524,669.754339191785,515.4519138238536,667.4181800383407,518.322177301454,664.9897477070318,521.083781483152,662.4386114176247,523.7192247424264,659.7573629504483,526.2309800478059,656.9597797857443,528.634932482257,654.0689332448735,530.9459718777258,651.1032106565212,533.1786692988453,648.0780159407936,535.3470393298895,645.0063476666888,537.4645414903639,641.8993662450756,539.5446452565681,638.767203865908,541.600584336197,635.6191156340142,543.6393883244799,632.459901980181,545.6591082635744,629.2884584352431,547.6489513296016,626.0982026527378,549.5865154793535,622.8759713283708,551.4601358352635,619.6161399515589,553.2729961687254,616.3221225281447,555.0290705898399,612.9974764673412,556.7324932757392,609.6455410621658,558.3875211499778,606.2694413983666,559.9985021962449,602.8720971431417,561.5698492920022,599.4562351341269,563.106019248178,596.0244048272612,564.6114966062056,592.5789958190403,566.0907816640307,589.1222568129268,567.5483821635903,585.6563155431323,568.9887909973049,582.1831922534698
552,480.9573948866884,730.4748917130395,479.0405799540431,727.2439711774567,477.5952755923097,723.7760100820684,476.6209078919862,720.1471369618185,476.1033930591678,716.4251826516023,476.0179016514321,712.6681158334366,476.3406028586516,708.923770546958,477.05347650055086,705.2336953848544,478.1455633684927,701.6375873832259,479.61305517267306,698.1778076367741,481.45808479330424,694.9040005240727,483.67473475576276,691.8696809949323,486.2247330727289,689.1089980739706,489.03331106546455,686.6108922269289,492.0185578443412,684.3258727010659,495.1145787313256,682.1927372820146,498.2704066726061,680.1487867870451,501.4432693222815,678.1312840726167,504.59343709272144,676.0786380339972,507.6866856931447,673.9413839203311,510.69666446029726,671.6885111379919,513.605170661217,669.3061771293211,516.3980704098332,666.7893311047317,519.0793373995244,664.1537308692107,521.6722652742361,661.4309913396198,524.2078462856515,658.6546860057211,526.7012653563213,655.840432047401,529.1541003696237,652.9907435697676,531.561963354757,650.1029646404153,533.9198619435584,647.1742580534561,536.222191435363,644.2016815052082,538.4626285798939,641.1821978378154,540.6338457784768,638.1125827720106,542.7300113096484,634.9912363717799,544.7528618011511,631.8218730820793,546.7056719621359,628.6088678980575,548.601654307129,625.3619590838972,550.4548101544791,622.0904266481284,552.2444873139548,618.7837922961994,553.9498775694733,615.4329476719957,555.5703217866826,612.0401660346716,557.1253763951187,608.6168809304047,558.6329582094613,605.1724049624202,560.1010248310214,601.7108986815028,561.5328657844963,598.2342478516124,562.931795186588,594.7442209280563,564.3011706571772,591.2424896711059,565.6443832415036,587.7306371430154,566.9648491225056,584.2101665767336,568.2659810136169,580.6825028627386
553,480.43176986979336,729.9064307165764,478.4766988357561,726.699466259212,477.05799113464053,723.2215805211829,476.18476727491304,719.5677920800604,475.82119318471695,715.8280635948909,475.91604196783123,712.0713355483065,476.42367453422287,708.3475477555942,477.3143221455114,704.6962603819915,478.57497494744706,701.1557116406944,480.2098240056819,697.7719047850752,482.2153941653062,694.5938589534384,484.56066236311824,691.6571659086012,487.1815394664954,688.962891889812,490.0071010027745,686.4833553815369,492.9701285660285,684.1691785413539,496.0117223054919,681.9588813414283,499.0844483364991,679.7919243727557,502.15373038769894,677.6201022190653,505.194973448042,675.4092455949822,508.1916308277483,673.1383725641097,511.13405404846065,670.7976859655886,514.0152938091799,668.382108573564,516.8283242272287,665.8874602751739,519.5632957855854,663.3075283576421,522.2072151073068,660.6343957421417,524.7605679485387,657.8745719618486,527.2352584056925,655.0439224744046,529.6463189432487,652.1588417071122,532.0025487076598,649.2287898474849,534.3092414080038,646.2595718464147,536.5699909099353,643.2552181476196,538.78670566795,640.2182271590119,540.9571292917249,637.1479949149748,543.0682299441715,634.0367099879574,545.1078088041046,630.8780961816935,547.0689170621825,627.6701859372398,548.951574087241,624.415575623613,550.7911205222499,621.1363378840433,552.6116911117917,617.8465247231308,554.3964232080696,614.5371887305149,556.0933639120118,611.1821017230122,557.678909971565,607.7729741956099,559.1711278657385,604.3218628277397,560.6036134271858,600.8455010006408,561.9849867330521,597.3485067725719,563.3205610558508,593.8337591718341,564.6157501691331,590.303923863026,565.876039640098,586.7614728386026,567.1069644378852,583.2087072102825,568.3140674903108,579.6477739122089
554,478.557063492439,727.7349725212491,477.1251271050255,724.262560226193,476.2238136393841,720.6152946366635,475.79962106713424,716.881577460981,475.8024222454402,713.1234147412008,476.19793144868646,709.3859321915897,476.9710229187328,705.7079646419592,478.1276174600889,702.1322294664537,479.6789121539972,698.7095080419331,481.61692472044666,695.4898303077485,483.8963169157783,692.501644237135,486.4489207974121,689.7424767565665,489.20141982387634,687.1819382681671,492.0888104083032,684.7740322654153,495.06285213825197,682.473722691862,498.0920155689987,680.246362253926,501.15186385362944,678.0612720083559,504.2200774405032,675.8879228836595,507.2754499264165,673.6965838923563,510.30118776139733,671.4645504198975,513.2837135592986,669.1751437395392,516.2094094405383,666.8136166351217,519.061586624112,664.363891446944,521.8228123283917,661.8121666060109,524.4858152295632,659.1580717276116,527.0543870577912,656.4124262627497,529.5374409800794,653.589155795464,531.9423239893954,650.6989757808919,534.2752073376512,647.7503491043785,536.5408509061281,644.7497347661268,538.7428656159422,641.702104664942,540.8861534026166,638.6128844190476,542.9626481682255,635.4784169106825,544.9656650592871,632.2964731044483,546.9004098134671,629.0725745294664,548.751035091828,625.7996890847193,550.5451010921847,622.4953547586942,552.3034533538129,619.171914152591,553.9834019495491,615.8082645873823,555.547965359363,612.3894985422829,556.9984176769287,608.9206975382102,558.3695241914024,605.4196747493663,559.703313712445,601.9042348779268,561.0108800764827,598.3789550384568,562.2953639765155,594.8451974478378,563.5599316552159,591.3042622444871,564.8077689695373,587.7573952376576,566.042076694804,584.205796156231,567.2660666978637,580.6506272135991,568.4829554101885,577.0930207424202
555,477.5328838416815,726.0083359653571,476.28165768562786,722.4662239742203,475.5161320723264,718.787401895426,475.19102192945445,715.0435677819752,475.28901401721413,711.286780879586,475.79896405471,707.563417923616,476.7107036012793,703.9175481835301,478.01119939930584,700.3915714316738,479.68785807999353,697.028258495949,481.730711142573,693.8739573895476,484.1007422000442,690.9571115051742,486.7327553158664,688.2734847334065,489.5543475768583,685.7892806186551,492.5073825992014,683.4623617557997,495.54419160394053,681.2455538599277,498.6275298184052,679.0937721031867,501.72920724134985,676.9684561064261,504.8268356660692,674.8372540404002,507.8980076119718,672.6681659091324,510.9251220127523,670.438060913325,513.8970272669985,668.1349342444206,516.8058578915831,665.7526732810529,519.6432055139503,663.2857467870182,522.3966962001791,660.7256339061295,525.0511614238868,658.0630489066938,527.5955879721364,655.2951225243862,530.0347847576437,652.4339521899024,532.3816688925517,649.4965135630043,534.6506197685317,646.4984161686903,536.8547251495572,643.4522921755542,539.0059236066497,640.3685512910442,541.11569723283,637.2563035381738,543.1946814432742,634.1233930880234,545.2509067732863,630.9754934798663,547.2857115785794,627.8137084815188,549.2820718420384,624.627550857823,551.2218784181771,621.4066490570112,553.1006395046855,618.1498364254746,554.8496942381864,614.8218711410422,556.4518124289657,611.4205400643347,557.9613934236495,607.9769657772168,559.4415244480521,604.5205819411764,560.9223813329694,601.0645089391209,562.4123497244524,597.6123544214054,563.9111930215652,594.1640437900822,565.4184312629508,590.7193941566106,566.9335859062475,587.2782191608424,568.4561797981428,583.840329186966,569.9857371350582,580.4055315758611,571.5217889500511,576.9736333135356
556,476.64883176983864,724.0885312560954,475.6696691494232,720.4608648829084,475.12887120300934,716.7419752655363,474.99185988436125,712.9861974322832,475.2445036185274,709.2363797578395,475.8890915452721,705.5338801676359,476.93422596539466,701.9240923431638,478.3812695245189,698.4559200522398,480.21372381480296,695.1749863613552,482.39566972660054,692.1150388647246,484.87622278061787,689.2912709966486,487.5977823559165,686.6984694710004,490.50717765249544,684.3178517931967,493.5561432621245,682.1183273849593,496.69916857681056,680.0549820564752,499.89177630841124,678.068934192905,503.09404476300585,676.098444933303,506.26782288426904,674.0825432129382,509.37737229639384,671.969148532731,512.3940393498333,669.7253518801069,515.3000313811713,667.3400279347869,518.083597467037,664.8129320729353,520.7527697353246,662.1650255811355,523.3502724094826,659.446580616604,525.9115570303788,656.6939240677635,528.4473198417795,653.9177452150919,530.9510212612331,651.1126293097665,533.4153283761569,648.2728569089629,535.8327925687324,645.3931192948022,538.1945445954489,642.4675408509219,540.4881002299237,639.4882424809359,542.6956743213394,636.4447506727518,544.7976443337141,633.3274452041405,546.7929153661186,630.1407339291251,548.6897373452,626.8944480758315,550.4954898616454,623.5965592687619,552.2574258061595,620.2749749201652,554.0010813670283,616.9437569556462,555.7063108519554,613.592766774929,557.3274668007809,610.2003631695829,558.864746874038,606.7691014014347,560.3272715104238,603.3053024473252,561.7205672535375,599.8130695951176,563.0503084765537,596.2961353440351,564.3223359209526,592.757908104308,565.5426039662307,589.2014897206636,566.7171386696787,585.6296993499434,567.8520058247749,582.045101792455,568.9532879826044,578.4500387534265,570.0270462742201,574.8466551096501
557,475.365275125767,722.0367048880591,474.56281573933825,718.3669230182697,474.28316869385606,714.6200524073355,474.46805885358236,710.8667277181103,475.06497508666325,707.1561759034863,476.0356907250831,703.5252332364909,477.35657250247704,700.0064775169511,479.01494431950607,696.633674395109,481.0027029851266,693.4439748300495,483.3070731138658,690.4749964361113,485.89987555776224,687.7540832252847,488.7336819796999,685.2845588838946,491.7458683859505,683.0352994331614,494.8748910444143,680.9509566667181,498.0692633001145,678.9678227060361,501.2855498551964,677.0202917199495,504.48304943034,675.0421771814523,507.6229926039562,672.9741856997514,510.67602924402905,670.7800932152238,513.6283255646005,668.4521840116901,516.4829075056268,666.0053469551339,519.2476784822045,663.4573760489292,521.938254778695,660.8310680589348,524.5716498208521,658.1473804974428,527.1559610448169,655.4163810859606,529.690667583916,652.6392864458276,532.1729697216267,649.8152577677549,534.5994158441389,646.9431039780723,536.9652357380908,644.0208213955963,539.2648747893716,641.0461933567182,541.4909760126076,638.0161621077224,543.6338664960907,634.9267542736634,545.6818639172827,631.7736763569617,547.6241931501734,628.5544477594193,549.4658648286693,625.2765376151813,551.2177847235181,621.9497760716346,552.8914656270279,618.5829051685118,554.5342000120052,615.2007757124868,556.1697376202499,611.8151594981757,557.7990082499313,608.4265228553636,559.4225285460445,605.0351273405118,561.0408166926576,601.6412319800345,562.6543922462346,598.2450934854483,564.2637759764399,594.8469664728966,565.8694897137204,591.4471036865333,567.4720562029588,588.0457562252844,569.0719989624612,584.643173772512,570.6698421475489,581.2396048281386,572.2661104179903,577.8352969427921,573.8613281310245,574.430496636197
558,474.36970308237596,720.1322609828343,473.7973386729285,716.4194613783443,473.7428881664562,712.6625391625834,474.1554414672287,708.9274654238035,474.99196585471697,705.2636694565668,476.21874054930964,701.711295005298,477.8083395881589,698.3056659537128,479.7347036337034,695.0784759243654,481.9736397733065,692.0596997427152,484.50054867792426,689.2774807438623,487.28139428487793,686.7486839688212,490.261845255705,684.457828539286,493.37653797232474,682.3522787448047,496.56498477562195,680.3596564400882,499.77746184179284,678.405848523772,502.9752521240728,676.4281587259436,506.1331283422977,674.3874438385019,509.236515609247,672.2648327697821,512.2768986117582,670.052959591388,515.2454259291678,667.7455954555352,518.1304535933215,665.3347047398382,520.9224915657747,662.8167261080973,523.6190210182348,660.1966796721124,526.2260612114302,657.4875199736537,528.7495160179192,654.7003030857556,531.1939969690444,651.8435476957391,533.5632262588268,648.9240617911594,535.8603656391028,645.9475074485052,538.0875310419945,642.9182310259151,540.2474070035905,639.8406032293217,542.3423717406149,636.7184237616784,544.3746359470607,633.5550539820078,546.3596423712501,630.3617891141197,548.289036166441,627.1346780935678,550.1679544524078,623.8778360229661,552.0569249778541,620.6268182442833,553.8634830047432,617.3295560903783,555.6333313076409,614.012263205607,557.5158654147095,610.7577658221952,559.515546343025,607.5738578484827,561.618380753092,604.4570709106978,563.8109249418324,601.4026853524441,566.0804340066574,598.4050089935381,568.4149200392771,595.4576220520418,570.8031410593809,592.5535795958564,573.2345406852124,589.6855706792098,575.699154766733,586.846038029751,578.1874970769039,584.0272645990684,580.6904324539669,581.2214342466037,583.1990378913728,578.4206695133752
559,473.9118115936959,718.237372656656,473.4323776504452,714.5104200942901,473.4121368821592,710.7528509628968,473.85316375118714,707.0211643949622,474.7428104851336,703.3702628956804,476.0596684505278,699.8507363406897,477.78202754000444,696.5108948374989,479.88134066293924,693.3939528163711,482.306149395233,690.5224577887938,484.98981768330884,687.8905788869959,487.8707542641271,685.4756706669851,490.8983186360939,683.2468415399742,494.0276191160925,681.1628207406386,497.21584173978096,679.1697892377917,500.4263712380032,677.2127843349016,503.6300515205217,675.244610410195,506.8039726186464,673.22888486449,509.92863748071204,671.137723318437,512.9898757634635,668.9548207399998,515.9795935702504,666.6749624945735,518.8938986286396,664.2994651646168,521.7296633561897,661.8307410439949,524.4838017784691,659.2712729511718,527.1531955074261,656.6235408400113,529.7349853534993,653.8903147735617,532.2279256902032,651.0758049115112,534.6315061840006,648.1845995245372,536.9450203955392,645.2208272313304,539.1669365808546,642.1877781074179,541.2949208500763,639.0881049418225,543.3277773381594,635.9252220455446,545.2685539462835,632.7049882371834,547.1291797694503,629.4377370308919,548.936377100158,626.1405753899601,550.7265153645793,622.8340989868661,552.5344756680643,619.537348327672,554.3790667089149,616.2609598769569,556.2508008232082,612.999982954254,558.1067435512995,609.730028809852,559.8524921524191,606.400449023088,561.3616764593013,602.9575030660762,562.6770019459688,599.4354040819177,563.8517714768891,595.8638969512862,564.898353044472,592.2527036346996,565.8288494327878,588.6098334519082,566.6559284662163,584.9420669413902,567.3925212409798,581.2550340273298,568.051606104797,577.5533367005354,568.6460697889909,573.8406946159724,569.1885743810494,570.1200902511838
560,472.1232546727579,716.0398236559864,471.93309512753854,712.288017418836,472.2829991067913,708.5474762045568,473.1568802029815,704.893664397298,474.53944176801855,701.4004924354326,476.39268358341013,698.1319967695727,478.6171292647187,695.1027173823242,481.1041201613629,692.2839042244602,483.770275330897,689.6333974062309,486.56965249104616,687.1237704312025,489.4800840879333,684.7437262124761,492.48495259072143,682.4839803623271,495.5664186707173,680.3297190973707,498.70434599908384,678.2584354575,501.87849765669125,676.2430084831741,505.0692197353376,674.2538725493617,508.25658006663497,672.2593647239958,511.41911624134127,670.2258023413583,514.5327514469054,668.118279167799,517.5697644336872,665.9019918661891,520.4948893219073,663.5403563595023,523.2729878786431,661.007503111814,525.9026936856554,658.3207300891892,528.4010357042024,655.511182396504,530.7898242368292,652.607788360463,533.0883515249088,649.6323398277495,535.3149706456537,646.6026460513898,537.485901172209,643.5327669503762,539.6148516567522,640.4336062299031,541.7133583591797,637.3137378797763,543.7911800646153,634.180049000606,545.8519869912425,631.0351443556208,547.8921444661314,627.876811070639,549.9021043216418,624.6991864154178,551.8702990199113,621.4955425809218,553.7839535700379,618.259049001147,555.6263581286692,614.9815183889058,557.3742371655502,611.6526963136903,559.0004884037888,608.2628568795776,560.5042152436854,604.81686115052,561.9056170371753,601.3279195303908,563.2377873020974,597.8118860104094,564.543146379875,594.2857821384631,565.8375997465923,590.7556594822512,567.1229609667064,587.2222157007819,568.4009544438716,583.6861001097635,569.6733086694679,580.1479512513713,570.9417552453217,576.6083994204846,572.2080279914996,573.0680692222841,573.4738625435315,569.5275823054885
561,472.10662933828627,714.777704853535,472.13298149526673,711.0207780965009,472.6809738688537,707.3040604358112,473.73354417571244,703.6971049507356,475.19686797840995,700.2353638161975,476.96818647950147,696.9198694242924,479.00728216227714,693.7623391433203,481.3416029249659,690.8167420644701,483.9618565858609,688.1222808613644,486.8159240066576,685.6760836040545,489.843786720439,683.448029719179,492.9986342731919,681.4032203094354,496.2384443298842,679.495430047824,499.52309848801224,677.6656209004885,502.81518094020754,675.8491589493233,506.0811316417302,673.9862590661473,509.29344533055496,672.0325136462645,512.432373230756,669.9630380742198,515.4864525127065,667.7702936711382,518.4512792358056,665.4582801452858,521.3249666140789,663.0338970809744,524.10581383667,660.50354651016,526.7913580475043,657.8722620520032,529.3781012496172,655.1437908924327,531.8623391316213,652.3216660137899,534.2450607300893,649.4132882222013,536.5326826247823,646.4294807816939,538.7346832227137,643.381900814434,540.8586919903739,640.2794341671098,542.9112009980076,637.1291894596717,544.8979739016768,633.9370641826981,546.8245713715912,630.7082497841275,548.6971263875513,627.4477842046331,550.520921153805,624.1597869757899,552.3005682537618,620.8476797596173,554.0408656856987,617.5147216046151,555.7481054679031,614.1647023482353,557.4313005661502,610.8025302769466,559.0982445928506,607.4322687363847,560.7357510630106,604.0476544540461,562.2780587249275,600.6188211795588,563.6477977422169,597.1178098994991,564.8076217403728,593.5417265951019,565.7713749437469,589.9077912831926,566.5580858881086,586.2313706795314,567.1880342306885,582.5247910343724,567.6817541623913,578.7975541624122,568.0593842183807,575.056719784511,568.3403097994446,571.3073418495526,568.542924742185,567.5528870051369
562,471.7477804575488,710.9214186487053,472.2190397224718,707.1943493544863,473.20512665504157,703.5688656297607,474.6444937378762,700.0977449084843,476.4656317027184,696.8101971032115,478.60036714014467,693.7165584815706,480.9918517095738,690.8164481985784,483.5972869533683,688.1066447180023,486.38255226022,685.5818222241328,489.3196259607922,683.2351482807721,492.3846845790793,681.0581210653016,495.5555215198654,679.038051471986,498.8062265791034,677.1489061357079,502.1076436634533,675.3495784719515,505.42866625106086,673.5865746144315,508.73729253764037,671.8004949155677,512.0016863751921,669.9350428730623,515.1935386252064,667.9482511730245,518.2898143021632,665.8157339530392,521.271837865765,663.5262858069399,524.1234585540847,661.0763925100686,526.8343850552875,658.4716380538154,529.4040201373774,655.727288650833,531.8433078537187,652.8663242377814,534.1693140273322,649.9124038077573,536.4015779026793,646.8869301566634,538.5604680877785,643.8086044318829,540.6659853934187,640.6934900682136,542.7322227028667,637.5521673019595,544.7636409484833,634.3882181549124,546.755495858329,631.1992254348502,548.6980277167766,627.9799665589152,550.5828983386982,624.7266233844407,552.4075864211625,621.4391439430285,554.1754994808075,618.1207765547255,555.8926492175488,614.7758490407335,557.5634909356572,611.4075455509252,559.190397842004,608.0178010023337,560.7736061313136,604.6074287574212,562.3079038794342,601.1747941241194,563.7692804575204,597.7105398253016,565.1461964931196,594.2118480497504,566.4437683607765,590.6829465292718,567.6679078767808,587.1278922926577,568.824725726255,583.5503537364744,569.9204633504166,579.9536271937883,570.9614384549142,576.3406618972676,571.9540033934729,572.7140907193078,572.9045152121852,569.0762645753056,573.819272236328,565.4292780824821
563,470.91681344388735,709.4709915306751,471.4340669663243,705.7493822214215,472.4347195953428,702.1278421019994,473.9079869965586,698.6715078604898,475.8138725484873,695.4331575998935,478.0894570269681,692.4423977859394,480.6637586348604,689.7038691636898,483.47033782786826,687.2032877241661,486.45322382039313,684.9153506218144,489.56695307433546,682.8084934153037,492.7745845016561,680.8472058894155,496.04633629242863,678.994601239395,499.3573517420739,677.2129522179896,502.68509680287445,675.4626713273457,506.0066433642767,673.7006888536541,509.2964816720713,671.8803503348514,512.5276029968094,669.9579623855597,515.6732398715619,667.8989020680922,518.7104376620351,665.6831416015999,521.626444204049,663.310152166973,524.4194335615616,660.7934249392003,527.0947956733556,658.1519017664217,529.6595957883364,655.402825201184,532.1209800402727,652.5607246426848,534.4857680416787,649.6377165509498,536.7598267170831,646.6435509325966,538.9467856963934,643.5851762576735,541.0457650123277,640.4657660001498,543.0541496737642,637.2872750717042,544.9747754507516,634.0549641037803,546.8221549983216,630.7801901602902,548.6192613210613,627.477518368097,550.3912629425776,624.1612890390712,552.1580568259967,620.8422795678205,553.9270466915722,617.5244400132926,555.6886801804964,614.2026926668698,557.4220670109612,610.8661411359401,559.0990255837359,607.5009285767546,560.6845579266771,604.0917958419963,562.1335996155068,600.6226043096584,563.4170697622844,597.0888606933643,564.5641945597089,593.508252196363,565.6586960239707,589.9111217173848,566.7210713206365,586.304369535121,567.7549775564349,582.6893509346409,568.7641064590554,579.0673353388684,569.7521758474777,575.439516292292,570.7229230461934,571.8070221694189,571.6800997069289,568.1709273503525,572.6274646777091,564.5322629222225
564,471.7075051117429,706.8231269604984,472.7417904318751,703.2104803612878,474.1732950298467,699.7355332297848,475.94589258515873,696.4212232188027,478.0160199509832,693.2839178893631,480.3521272200506,690.339202806123,482.9331837445723,687.6066525934767,485.74349036849446,685.1105850602421,488.7606712570087,682.8687472032781,491.94407955940426,680.8693911801116,495.2437254058774,679.0675319443052,498.6143027071428,677.4015496432924,502.0182051885166,675.8044565431532,505.42206988418343,674.2072811696735,508.79451052766547,672.5450224700736,512.1072947561295,670.7671278574801,515.3370600584714,668.8427218218453,518.4648360421756,666.7568310277707,521.4634700118017,664.4894800094829,524.3075438575972,662.0311417879983,526.9880512604874,659.3952127664003,529.5220052485422,656.6178643554617,531.9303591061931,653.7307601661332,534.2340291109014,650.7593439335066,536.4521408219522,647.7234577087214,538.5995685518816,644.63712921153,540.6861833112688,641.5093441379456,542.7192090827316,638.3464506619139,544.7049993165216,635.1536775026107,546.6499218987233,631.9358365698164,548.55978728602,628.6970590822706,550.4366906340352,625.4390695028411,552.2775438700675,622.1605828816175,554.0749151391834,618.8580681669114,555.8214239036264,615.528387128305,557.5074510071928,612.1676959538778,559.1227887344334,608.7724776310031,560.6603044186093,605.3413280790987,562.1151726477851,601.8743319547852,563.4884558687745,598.3742053924668,564.7856593762567,594.8451619856063,566.0126594206384,591.291088325729,567.1755170176073,587.7155034103205,568.2804152811763,584.1215760889703,569.3336094393477,580.5121500769027,570.3413887638238,576.8897741818362,571.3100492387802,573.2567358518422,572.2458755793929,569.6150966087971,573.1551311358141,565.9667283472921,574.0440349957237,562.313345178707
565,471.52207954252685,704.279565431569,472.65740731011834,700.697432767806,474.20891765492,697.2748318555866,476.1459094553952,694.054537623209,478.4278326037128,691.0684564292559,481.0054914413231,688.3331607665722,483.8265011602939,685.8491544120675,486.84351034227717,683.6068272060165,490.0144810143444,681.5876287955203,493.30174377481376,679.7633759257449,496.6708380497585,678.0945967572318,500.0891049145575,676.5286165571235,503.52568144706964,675.0030627670724,506.9508567712406,673.4521851336036,510.3347397795563,671.8134834658462,513.6465184270393,670.0339587241233,516.8576932420818,668.0790226496214,519.9427739246069,665.9307944529323,522.8807934999754,663.5855025040529,525.6607212834843,661.0547400262271,528.2866970294451,658.3643622012984,530.7736976322338,655.5448326119046,533.1408480787505,652.6238175887737,535.4078371186511,649.6243031212307,537.5935657622955,646.5650015325907,539.7141180058262,643.4601298694735,541.781112495525,640.3193293563137,543.8013049992317,637.1482129975055,545.7784560055014,633.9500792701723,547.7134876321359,630.7262875215029,549.6046664026067,627.4765796770935,551.4487694868276,624.1999334002588,553.2425371962909,620.8954674438356,554.9831159557999,617.5626818554414,556.6681613600601,614.2014800150664,558.2956989649343,610.8120615734114,559.8629437543607,607.3943511845583,561.364613570507,603.9473378338719,562.7949038804657,600.4701039440707,564.1496688884713,596.9627830837338,565.3966834740587,593.4158228256401,566.5652042263175,589.8420464226033,567.7441100281375,586.2716802371716,568.9457953328241,582.7089154056985,570.1684803148213,579.1533016834425,571.4103919075853,575.6043568755762,572.6697644302783,572.0615698231288,573.9448398649771,568.5244033118286,575.2338678631461,564.9922969147483,576.5351207679043,561.4646754153038
566,471.4193266433228,703.140203424744,472.70679118672587,699.6104799394615,474.43586122750924,696.2742732894088,476.53830134740366,693.1592256073114,478.9444275322175,690.2717438387261,481.59807801547464,687.6095406889624,484.45657376090986,685.1683216703636,487.4869031162772,682.9437597533588,490.66082265615074,680.9291090028086,493.9500335867596,679.1084302871631,497.32629033570777,677.4543438870835,500.7612257179489,675.9254068001495,504.22550257743893,674.4638857061589,507.68988394833104,673.0026094546948,511.1263689782337,671.4771315155798,514.5065568292508,669.8310653884922,517.7984519553256,668.0153455419513,520.963962968526,665.9878272112494,523.9653741304876,663.7247646278339,526.7762057199933,661.2288727176458,529.3930078915578,658.529977736691,531.833586489427,655.6704011592317,534.126278866484,652.6906947441169,536.3041620692794,649.6258871087709,538.4050004236313,646.5076376728185,540.4711994966017,643.3662718386797,542.533823852548,640.2225541928545,544.5955557810331,637.0782551325842,546.6229037577372,633.9117273373845,548.5754668701824,630.6986432355062,550.4291509626073,627.4275462768383,552.1841988736666,624.1024386170973,553.8626819469631,620.7379628599061,555.4994357941033,617.3529422196234,557.1281739392564,613.9640499182572,558.7699083088842,610.5814374007263,560.4261109154252,607.2058831545871,562.080922048701,603.8296540654331,563.6547498065365,600.415215313309,565.063821490354,596.9296526304877,566.3086296811794,593.3820466721994,567.400814837381,589.7844655844583,568.3531675151185,586.1473171998101,569.1790670775907,582.4793428292484,569.8920514555082,578.7877204512926,570.5055155954088,575.0782303697063,571.0325218734147,571.3554476454163,571.4857002961502,567.622937515765,571.877216491268,563.8834400211668,572.2187396539124,560.1390331580926
567,471.28883297349614,700.625798549007,472.8143129216316,697.1918240201899,474.7489867831294,693.9703839091896,477.0391186774346,690.9906343263274,479.6197394971782,688.2579490738565,482.4273898990324,685.7585566138073,485.41555546416885,683.4776918578741,488.5552255371606,681.4102196665874,491.8284156207011,679.5613937503226,495.21673533065234,677.9327938000852,498.6864331307468,676.4848958092788,502.1974802485653,675.1396694491714,505.71249923234717,673.8047871198868,509.1981602589338,672.3954262498428,512.619404176961,670.8368265893114,515.9420087767276,669.0782227205592,519.1377171724108,667.0985088630041,522.1890291889457,664.9027266489937,525.0873819463822,662.5085626682359,527.8288298275362,659.9361166353293,530.4165863444568,657.2089467120181,532.8652605732739,654.3560433039114,535.2012627408167,651.4099965581838,537.454142528105,648.3997954824998,539.6466018752187,645.3452665721745,541.7874580652007,642.2543477082513,543.8711704409452,639.1246394605483,545.8874931422063,635.9511222845754,547.8253552020229,632.7291217938089,549.6759093424641,629.4562070475242,551.4376086284574,626.1346110924411,553.1176514557147,622.7709451200818,554.7296915009878,619.3741301549389,556.2908849356878,615.9536206569086,557.8195201507003,612.5184197259512,559.3343698572365,609.0771100131387,560.8501811653708,605.6362238966756,562.3718978458907,602.1979449387536,563.8896089288743,598.7578978351056,565.3851450283647,595.3081681637627,566.8131105095023,591.8300589568186,568.1167781232537,588.3035534753004,569.2944161073541,584.7329500625314,570.3555784314448,581.1259835079754,571.310412018102,577.4893947502977,572.1693959215695,573.8289549727446,572.9431392797019,570.1495315246726,573.6422357880526,566.4551792822263,574.2771683005105,562.7492447410292,574.858212737247,559.0344673383929
568,471.78164781883413,698.7013645959677,473.4816681233215,695.3501388246475,475.55581989288373,692.2162960738895,477.9512488444568,689.3202203241158,480.6175602677988,686.6710792183386,483.512581313276,684.2737251320449,486.6023183470197,682.1329973273841,489.85315462763197,680.2454245306317,493.225004888526,678.5829299730343,496.67421727766987,677.086729116702,500.1634974914509,675.6860272618395,503.6619410707764,674.3082561528345,507.1419042487623,672.8846354259566,510.579712340698,671.3623245247751,513.9547337120076,669.705702708071,517.2477533782486,667.8917463991546,520.4400147432558,665.9059527527726,523.5177225221178,663.7469014714976,526.4724094171798,661.4222926532817,529.2985393072687,658.9429575968087,531.9898796712697,656.3179186705765,534.5383082388043,653.5539364131661,536.9357203007174,650.6579941591107,539.1795268842515,647.6414054799677,541.2790199892938,644.5225385063819,543.2570542598625,641.3251225104881,545.1482167480024,638.0754460166681,546.9950098273213,634.8002840915294,548.8357058892257,631.5216833998426,550.6744334149687,628.2419800071573,552.4824018518746,624.9452647780972,554.2203357967287,621.6111672680817,555.8617428944336,618.2285549736647,557.3966094596387,614.7962884290099,558.8353529774222,611.3225721561997,560.2082673687473,607.8222434760287,561.557215697234,604.312582782821,562.916447999575,600.8069028134877,564.3274456527878,597.3217960529649,565.7796061266259,593.8535695754049,567.160675236286,590.3567362437939,568.3083382111589,586.7773122509471,569.1656916792399,583.1173209124584,569.7575599385561,579.4049404067798,570.1144057937523,575.662473802036,570.2679123881003,571.9060236017252,570.2488350828089,568.146373016163,570.0858722587711,564.3901210365475,569.8052650268395,560.6407574307559,569.43071269459,556.8995649484112
569,472.906928525554,694.8730159900886,474.96540973412084,691.7292719149518,477.37783016419,688.8478700836891,480.0949133781798,686.251471899293,483.0685154265782,683.9529251590072,486.2456845993797,681.9444433931429,489.57064789356343,680.1904156997589,492.9912397901294,678.6301702859571,496.4667397184377,677.1957837247078,499.96650234304747,675.8213879491279,503.4672748144299,674.4495545963205,506.95082513520555,673.0346703086353,510.40169169140916,671.5420081602682,513.8028468173711,669.9395282893964,517.1337005456583,668.195904352717,520.3714407083517,666.2851331916974,523.4975312299549,664.1967949992534,526.500062088381,661.9343898087192,529.3702565111264,659.5062887016072,532.0989370142264,656.9201789546936,534.6768065534748,654.1837091296723,537.0986911344288,651.3082283577847,539.3659175109353,648.3092116818906,541.4872576007044,645.2051872018355,543.4792227489638,642.0164766492613,545.3706616725112,638.7670009125872,547.2052905064515,635.4850167425648,549.0282798327744,632.1965377259814,550.8520487763868,628.908493558866,552.6331293374918,625.5972181387898,554.3215945685274,622.2378646565514,555.8924662428537,618.8219838064114,557.3406153909253,615.3522726444088,558.684344828117,611.8407157208608,559.9690724028134,608.3070511743639,561.2581218036954,604.7749669099961,562.6068061113757,601.2652853530358,564.0358389611933,597.7875448774404,565.4931127407114,594.3214746264099,566.8333790710649,590.8091838574342,567.8851340683558,587.2001420767891,568.8919605578391,583.5777427200106,570.0683242056466,580.0069037239431,571.4066147239179,576.4934783669004,572.8889660059282,573.0383026855458,574.497821046633,569.6401312001984,576.2163504901156,566.2960365881128,578.0286849964524,563.0017943267695,579.920001262479,559.7522192543416,581.8765903460808,556.5414947508187
570,472.65757920272677,696.3206928779899,474.59703963969594,693.1022903346436,476.8914903159411,690.1256916970289,479.4592347259688,687.380674875529,482.2513002885439,684.863981297011,485.24014978216405,682.5844057917014,488.4043170084049,680.555201159933,491.722948548147,678.7897457388145,495.1569262562287,677.2597159720881,498.6540956061613,675.8789666620947,502.16272133112807,674.5273390800907,505.65189574446924,673.1264529327029,509.1039241727177,671.6365212898372,512.505987345101,670.0359300230934,515.8437709483371,668.3054516308,519.1002142126353,666.4265542522684,522.2560061254069,664.3832861984937,525.2934978045031,662.1680397615842,528.2015618191128,659.7853946743577,530.9779469036495,657.2504532496391,533.6224479238285,654.5781583050534,536.133925629296,651.7804475623307,538.5107776676266,648.8674614987243,540.7550438976796,645.8510907377773,542.8744483672092,642.7456459835535,544.8807551081545,639.5658955176834,546.7892187019777,636.3264056687625,548.622021701006,633.0434493591063,550.410120052677,629.7358820463091,552.1731464677767,626.414879208281,553.9029181110668,623.0764622952208,555.5661797809985,619.704477862612,557.1441412114733,616.2917616427435,558.6370974712758,612.8409865104684,560.0602366713786,609.3607942309849,561.4405269022859,605.8633503679121,562.812670581774,602.3626937541568,564.2022977927239,598.8689467870053,565.6115493062919,595.3830630689863,567.005099441375,591.8909202505934,568.2672357486531,588.3496323098609,569.3386057486549,584.7458826943276,570.2602087840806,581.1008377924766,571.0495506014581,577.424840035533,571.7196386382494,573.7252063000128,572.284008499224,570.0079427434046,572.7564102785435,566.2778467839559,573.15058918588,562.5386512114948,573.4801501349696,558.7931877757544,573.7584732823287,555.043553713397
571,473.90506893306133,693.4557905226544,476.03618825509744,690.361238575522,478.5310550411724,687.5510378884801,481.31671155795124,685.0280123859376,484.32608937409265,682.7758236145123,487.5054993341599,680.7702177416847,490.8141102534358,678.9853121134613,494.22187888843507,677.3975454423031,497.7052669927641,675.9829779521476,501.2415918768748,674.7060262544792,504.80511945983596,673.5066558450989,508.3681438644889,672.3058056620758,511.89828605107755,671.0121352022074,515.3536167045102,669.5312324863208,518.6891872464296,667.7981498199057,521.8750348290145,665.802967759801,524.9065974999153,663.579991996894,527.7926177900964,661.1707779698545,530.54221118132,658.6067912763452,533.163482678751,655.9116399909005,535.6634670899435,653.1035478243878,538.0468369973983,650.1957792324296,540.3167280889498,647.1985544696181,542.4773732661304,644.1216068501624,544.5343084502852,640.9743544432375,546.4921682347664,637.7645097952338,548.3542343981456,634.4981472204396,550.1239344863213,631.1808164693321,551.8064257885569,627.8183933166003,553.4100532098405,624.4176255078265,554.9474738910113,620.9863885384883,556.4395228152833,617.535146284217,557.9051050715505,614.0725758416779,559.3517494328348,610.6020429783149,560.8186275361594,607.1400322027877,562.2973600776037,603.6830537430727,563.7628275517119,600.2204278189595,565.2481898191375,596.7662905516115,566.6905969623356,593.294124808506,567.9691846425754,589.7589343694599,569.0476057160129,586.1571291570845,570.0885254449385,582.5441181153027,571.1538144301365,578.9382264619326,572.2505907246168,575.3417862524855,573.3768328196929,571.7544626038459,574.5302543191735,568.1757838024014,575.7085853181384,564.6052279383143,576.9095732737333,561.0422277765458,578.1309832652616,557.4861754631373,579.3706221687396,553.9364356409313
572,473.5767400260371,693.1090946548065,475.62226356432825,689.9572635818213,478.0642545329835,687.1017676875142,480.8505503546707,684.5805888968235,483.9064436056354,682.3928835115643,487.1586984178416,680.508373181928,490.5486031927697,678.883444910464,494.02930516025174,677.4624470711537,497.5624356553858,676.1765667332561,501.1160535712519,674.9480933733673,504.6628154736496,673.7000553040825,508.1799500704945,672.3711106453533,511.6495087090541,670.9227103083856,515.0570704403583,669.3340817506013,518.3887336845341,667.5920380349374,521.6275336413419,665.6830509361238,524.7545674329986,663.5961625363681,527.7536272255481,661.3292229381623,530.61629930905,658.8922691702903,533.3401903403101,656.3010469651183,535.9224156703701,653.568599590854,538.3564939840783,650.7034061993609,540.6330156983089,647.7115089961426,542.7455881704603,644.6016639496219,544.6959078321482,641.3875069712907,546.4951478890956,638.08630124846,548.165937843293,634.7181279977951,549.7501286370755,631.308237655217,551.3073412809633,627.8858899691522,552.8917566211567,624.4760783447196,554.5280157443834,621.0908507843859,556.2086602847488,617.7274168513981,557.9121289430376,614.3754669316247,559.607909612931,611.0196303707162,561.2599286217577,607.6420787440674,562.8389070684543,604.2298225045923,564.3264258227065,600.7767471006425,565.701316040121,597.2773934466506,566.93692868444,593.7265084411888,568.0348837687274,590.1306377586643,569.0046309006119,586.4980578179136,569.8563475981351,582.8359736650533,570.600628123265,579.150523984715,571.2482360129976,575.4468390032695,571.8099207630488,571.7291315521547,572.2962928457381,568.0008053517497,572.7177482600794,564.2645689751935,573.0844330254761,560.5225479631257,573.4062385953064,556.7763908327489,573.6927792858904,553.0273641027097
573,475.3696203420926,690.3161300463955,477.85290601569494,687.4953899345496,480.6174884392194,684.9492260975974,483.61147542272045,682.676806667485,486.7886954000322,680.6680351083171,490.10804001233697,678.9034891722858,493.5350330395965,677.3578551914989,497.0400554389338,675.9978508501788,500.5943556918752,674.7717221852816,504.1696138493786,673.6077364706704,507.7381811652971,672.4235174962088,511.27313608169345,671.1429376960463,514.7480067377926,669.7077933925884,518.1372252794189,668.0810153604256,521.417181308698,666.2440887766235,524.5674263837872,664.1927404915705,527.5743679848028,661.9364755230358,530.4313484956706,659.4930068910743,533.1342690332567,656.8800704676418,535.6775115690126,654.1114508836185,538.0509843652576,651.1960173758563,540.2439631939428,648.1424878400214,542.256722426731,644.9671433823095,544.1194738674537,641.7012816649245,545.9084134713206,638.3941661001336,547.727894313104,635.1038539025702,549.6468754948729,631.8705669414604,551.5813874466548,628.6464698265426,553.428101026154,625.3715285442559,555.1303891767827,622.0193272699673,556.6842864088767,618.5957671259631,558.106035313448,615.1151603631097,559.424262943721,611.5939443448916,560.6741863631719,608.0478422704396,561.895852371498,604.4918739629466,563.1457673966178,600.9457715261221,564.4487578781321,597.4188253485207,565.8016752471761,593.9107230918127,567.2007182505099,590.4207551007413,568.6421253466692,586.9480656283409,570.1221830590733,583.4916683694778,571.6372313505151,580.0504614134188,573.1836663485476,576.6232414358182,574.7579407532235,573.2087170214868,576.356562248383,569.8055210697978,577.9760902192888,566.4122222842482,579.613131056309,563.0273357874893,581.264332298905,559.6493329347875,582.9263758490646,556.2766504228634,584.5959718203133,552.9076994837413
574,476.549824084529,687.0297779034032,479.3891668333823,684.5679573368639,482.47416297154973,682.4211724298125,485.7451406801817,680.5692800548384,489.1502508401314,678.9764731967663,492.6435523300742,677.5866698191985,496.18692565126173,676.3293184269992,499.75606679536475,675.1467824176075,503.33441450189883,673.9923105270326,506.9072845791277,672.8210613644773,510.4573520038698,671.582679321921,513.9627366897482,670.2234181578141,517.3954055273681,668.6903632489563,520.7233839792347,666.9420929450682,523.9183769542609,664.9613201189334,526.9684466823874,662.7637724708334,529.8707081560732,660.3742493585971,532.6248716366957,657.815335754913,535.2296454662522,655.1044378859528,537.6834741040728,652.256136331578,539.9860356285856,649.284168145566,542.1381756146595,646.2014856360446,544.1428496539435,643.0208729657536,546.0105413156756,639.7578521935774,547.7638737728244,636.4318683554784,549.4366289189388,633.0645407733747,551.0818537960156,629.6836281082152,552.7905774690199,626.3344869297575,554.5725652317667,623.0236516280604,556.368144818963,619.7201397604541,558.0951284774075,616.380434121671,559.6809907608839,612.9715983862873,561.1714603888092,609.5196877269748,562.5779267948811,606.0329818237274,563.8479423592947,602.4940437327291,565.1924874444554,598.98294554584,566.5683997234757,595.483830450318,567.9379088173508,591.9822699671709,569.3989241348715,588.5177926821616,570.6937546525579,584.9887816283974,571.7553264876997,581.3822267889831,572.6802271829877,577.7378708415683,573.5652043503267,574.0835320761078,574.4624387333582,570.4321908001208,575.3862050297886,566.7874710976567,576.3351473293402,563.1492241523183,577.3077644582565,559.5172337450628,578.3025610245337,555.8912547198569,579.318048165979,552.2710150467483,580.3527720675146,548.6562259165629
575,475.5413926990429,688.6190336214531,478.20512849883903,685.9689685832794,481.1552964860809,683.6404993354901,484.3115665869166,681.5992727688451,487.6204424583774,679.8152831280793,491.03897213442764,678.250962368862,494.5330847303767,676.8630454843083,498.07608515096837,675.6046724631393,501.646340425163,674.4255179028573,505.22480313789436,673.2714018574896,508.79300726981614,672.0860816269549,512.3322257827841,670.8171324973231,515.8229124319058,669.4205418922364,519.2443466614129,667.8623170399492,522.5726421312306,666.1142895026153,525.7851872255867,664.1618292975902,528.8628966794964,662.0031302655851,531.7884032351849,659.6423493027904,534.5394194374051,657.0804780964061,537.0970303320926,654.325509110718,539.4552349105439,651.3978669649397,541.628247262223,648.3300072583472,543.6484716995279,645.1592049242697,545.5508272027579,641.9161685209194,547.3615523193055,638.6210349999626,549.095253102437,635.284696397055,550.7665985646332,631.9166579215877,552.3918295397572,628.52610271199,553.9844098892039,625.1200801053053,555.5518070473784,621.702390188136,557.0998190085814,618.2758755491961,558.616364265532,614.8353373206776,560.1119516493847,611.3856147573005,561.612956711542,607.938273152629,563.0100386621028,604.4476972859665,564.4383296939685,600.9700073101933,565.9329350843881,597.5201048987991,567.2433954172079,593.9960470862115,568.6768675865356,590.5207662536991,570.0919498419951,587.0382666830303,571.166631619124,583.4367394147661,571.898900207712,579.7499955179876,572.324361559408,576.0150923554979,572.4829568496882,572.2591344169466,572.4141175308091,568.5002686381686,572.1541417972144,564.7496296284785,571.7352047496396,561.0133013395944,571.185321841162,557.2939137877928,570.5287702898542,553.591812672998,569.7865940630683,549.9058848403098
576,477.0810591314255,685.7074960547159,480.046856152783,683.3990724420005,483.2307488031214,681.4017658174462,486.58214774628806,679.699578506142,490.0518870836043,678.2527843063606,493.5976690280119,677.0028149686365,497.18381422382356,675.8730601144389,500.7841316472586,674.7890480231375,504.3799252103173,673.6901770555036,507.95701098352845,672.5320409491387,511.5013135089937,671.2774148620588,514.9954645745249,669.8895741038951,518.4174991595565,668.3327729232522,521.7417274017024,666.5771235222724,524.9436900559007,664.6074694610259,528.0072851088033,662.4287702245226,530.9249098022615,660.0580448467908,533.6930184082199,657.5142666004556,536.3057335093406,654.811108577414,538.7530307769913,651.9573531685485,541.0220718610195,648.9599532455412,543.1035174454794,645.8293218341058,545.006334028746,642.5868504958806,546.7695959636499,639.2661608894302,548.4620538582038,635.9086499671563,550.1592957691793,632.5535528181149,551.8908383196201,629.2160311186212,553.6154550515967,625.8749397740878,555.2797122143611,622.5034328344091,556.8639022537801,619.0935798610492,558.374883167383,615.6506318502571,559.8288047440366,612.1831724132888,561.243829147959,608.6996391581312,562.6368088848429,605.2072229311337,564.0208358761151,601.7112463958674,565.4007646025891,598.2136500774855,566.7742405025153,594.7135158041531,568.1330896967468,591.2076818056482,569.4639722668694,587.6911462667183,570.7524541007216,584.1588763195431,571.9456980986058,580.5935340503496,572.9862731902373,576.9806409378206,573.9289963794944,573.3408337832391,574.8029402797229,569.6838904655573,575.6146983188223,566.0126326034033,576.3708682313787,562.3295146670171,577.0781353996432,558.6366863411347,577.7432354089636,554.9360243808127,578.3729270347034,551.2291677110246,578.9739444441901,547.517549692615
577,481.2048322315157,683.6516419340722,484.2649487208114,681.4708319567271,487.5424615878264,679.630986980201,490.9578087314957,678.0601719686773,494.4583773008194,676.6887789726125,498.01110107976723,675.4582052265658,501.5943807451905,674.3193256162915,505.1932020000082,673.2303860510094,508.7942875483547,672.1489310974306,512.3826609827809,671.0262001369538,515.9385023385248,669.8047958663286,519.4345429265157,668.4222062169185,522.8337826091365,666.8171518984653,526.094359392462,664.9469112329726,529.1829102715582,662.8045010206133,532.0891228712035,660.4202801525641,534.8165664257926,657.8331673302869,537.3739649079789,655.0776478426842,539.7699037771702,652.1805070521865,542.0120077847663,649.1626484240863,544.1064179558258,646.0404178656793,546.0594082914773,642.8277735747588,547.8805463705437,639.5385227851557,549.5866064855662,636.1880582247322,551.2026173273231,632.7931617157317,552.7617977335583,629.3717293676505,554.3056076607654,625.9433152063104,555.881833378624,622.5297188212094,557.5090434918503,619.1401276609606,559.1614258195261,615.7627014929611,560.7800291076917,612.3690058784515,562.3226320239313,608.9401690778158,563.7644526414621,605.4677919497045,565.100612483638,601.9533752055246,566.3486667699765,598.4066504027464,567.5432927475364,594.8415221966105,568.7183115610596,591.2698681612127,569.8939677262367,587.6984236089544,571.0773226386509,584.1295250565641,572.2811151058331,580.5674716122362,573.4934391312459,577.0083070192237,574.6974834281085,573.4463337016173,575.8921473129898,569.8812032699732,577.0775440872618,566.3129808153225,578.2537874848011,562.7417305200753,579.4209916446209,559.1675156620373,580.5792710919376,555.5903986214653,581.728740719846,552.0104408885086,582.8695157715722,548.4277030709864,584.0017025556662,544.842241985728
578,482.1940112175722,683.9528336389767,485.23279739087405,681.741190242709,488.4778655413428,679.8450478085647,491.88534103887673,678.2581643030184,495.4006837227678,676.9257170657814,498.9754495911525,675.7607968546847,502.5779104331783,674.6840433813562,506.18736945807467,673.630865522905,509.7870214700676,672.5447923820534,513.3587186068148,671.3704262646486,516.8798498876453,670.0527430145715,520.3206826889793,668.5384141099163,523.643654157413,666.7811069297726,526.8094149622317,664.7545829102659,529.7964631432001,662.4725879961586,532.6038025994391,659.972483089028,535.2425068130285,657.2947320884061,537.7259217301996,654.4721742279958,540.0687341675667,651.5317254740482,542.2861088899814,648.4954651006118,544.3930984287169,645.3815107928284,546.4046142373319,642.2049907685166,548.3319264575522,638.9766568940829,550.1796850396314,635.7021374948104,551.9456349880684,632.3827913413296,553.6251370573716,629.0188852179535,555.2175730397757,625.6128933850607,556.7189228979398,622.1658048770036,558.1300182275818,618.6807416912129,559.498045248171,615.1784767913376,560.9341683596137,611.7038121752355,562.4938500377436,608.2827422751316,564.1309056170929,604.8979003384115,565.795445600165,601.5264486360718,567.4385893284424,598.1445490568427,569.0104425827213,594.7290372589673,570.4582925548084,591.2593262846992,571.7256736168204,587.7199702374555,572.7532568780688,584.1040348469238,573.5194248095186,580.423423597897,574.2446011143945,576.7341648624356,575.0930168372406,573.0713669782667,576.072219733754,569.4413456149917,577.179677918673,565.8483657192036,578.4077832032809,562.2947890785716,579.746863737039,558.7815018154554,581.1872385053166,555.308490452946,582.719377964849,551.8749520783471,584.3340154425604,548.4794082803783,586.0223236899749,545.1198696357127
579,483.1298762993554,682.7710085835024,486.3220431625202,680.7857973870946,489.6496061739609,679.0368308217379,493.0896450728515,677.5208030869853,496.61688796979826,676.2199319040052,500.20347564809873,675.0921358189511,503.82214817020014,674.0712819897582,507.45001360746903,673.0833714577557,511.0662084315897,672.0538242744603,514.648227416016,670.9116354102648,518.1691498936492,669.5938349516996,521.5969048490799,668.0504972597412,524.898859953073,666.2540040252876,528.0497280721905,664.2040172618068,531.037769200049,661.9230632637954,533.8542726518651,659.4333090811024,536.4881842643581,656.7511312431884,538.9275657462329,653.890842824106,541.1695434437511,650.8732153309463,543.2262356191021,647.7261844425374,545.1237399878987,644.4804756363399,546.897031489398,641.1651140751313,548.5811237406316,637.8034695704367,550.2021418415638,634.4109184097533,551.7762318373824,630.9963248287002,553.3125783011498,627.5645743127081,554.8190195602754,624.119584774865,556.303383759387,620.6650203002151,557.774078640321,617.2046109372291,559.2394212236991,613.7419305548059,560.7055065622599,610.2795646327107,562.1749855301301,606.8186377618089,563.6482952751312,603.3593398766269,565.1246388948499,599.9013355720243,566.6018575750016,596.4437049470818,568.0747932685474,592.9842484040386,569.5364959753744,589.5200330586454,570.9749038095614,586.0460939051122,572.368686209852,582.5540303089912,573.713024976818,579.0426315065242,575.0110979313755,575.5138632954636,576.2661857760945,571.9695747926808,577.4816255750378,568.4114912764858,578.6607967529552,564.8412208459449,579.8071094219579,561.2602623230508,580.9239948934536,557.6700141067832,582.0148981973039,554.071783734009,583.0832724071142,550.4667979470154,584.1325745575732,546.8562131093482,585.1662495950977,543.2411220568916
580,484.4500100950245,682.4137152202657,487.5974017180938,680.3601996770225,490.9410286294386,678.6435418899493,494.418938529911,677.216921332766,497.9781640819703,676.0059386776809,501.58011955764624,674.9277263912169,505.19850136763563,673.905644686894,508.8145845561007,672.8754927379208,512.4127141646701,671.7845395669877,515.9750936407142,670.5824113940404,519.4766223127208,669.2138208411728,522.8825280227669,667.6228975542496,526.150856474274,665.7662694184764,529.2442854573894,663.6311473614076,532.136467818275,661.2303631547925,534.8160402591666,658.594129948173,537.2881407717064,655.7621125421175,539.5732760536204,652.7768808196961,541.7001020111428,649.67663318277,543.6998863345319,646.4927969266108,545.6027860895045,643.2500209882546,547.4353450641636,639.9669221126062,549.215807901961,636.6552588264486,550.9516635255188,633.3199961131623,552.6402081475912,629.9605407263701,554.2743601828047,626.5743059444465,555.8462675070898,623.1587444795433,557.3545558274532,619.7146037577737,558.8110385495097,616.2482118641893,560.2383193852261,612.7696739564869,561.6599451998211,609.2888175483973,563.0954110240505,605.813651664118,564.5567789032181,602.349302430577,566.0436848864607,598.8958338994677,567.5472585893139,595.4495837537661,569.0533405845221,592.0044280253804,570.5456075149386,588.5532717261785,572.0072909218087,585.0890738651736,573.3931980504663,581.5939969253794,574.665091166806,578.0558532339413,575.8263727321369,574.4798539400294,576.8846372367576,570.8720035580475,577.8478852239703,567.2376108294835,578.7243612498253,563.5813037776031,579.5224243206975,559.9070683751544,580.2504499956078,556.2183026136895,580.9167613442345,552.5178793262639,581.5295849107601,548.8082127901339,582.0970275147943,545.0913257002343,582.6270333976912,541.36890926059
581,486.0373628491001,681.1759660087364,489.4366491603038,679.570242292542,492.91835347941725,678.1517549600399,496.46080879049623,676.8921521787415,500.0429235437186,675.7497769112936,503.64704601895727,674.6785704517354,507.257678483481,673.629421621601,510.85961998068655,672.5509409127594,514.4354836065481,671.3892843410655,517.9627776248957,670.0881361187007,521.413590157561,668.5965450085555,524.7577356501628,666.8794930223634,527.9665925411196,664.9214434134547,531.0153983808564,662.7225430312781,533.8860741216012,660.2956458280008,536.5676180250471,657.6611627660311,539.0567865534777,654.8440553193716,541.359825434919,651.872673122165,543.4915535395385,648.7759126304292,545.4694780087032,645.5786026233585,547.3095079710289,642.2999116447712,549.0252867091268,638.9544581939022,550.6317708913831,635.5551091936911,552.1517365857225,632.1161292222567,553.6211386245562,628.6551799048265,555.0869448475356,625.1926985586496,556.5748093168088,621.7396468141975,558.0855089593816,618.2965165309315,559.6033413356024,614.8565211140959,561.1071412571362,611.4103801065919,562.5661167489521,607.9450522274936,564.0121367288418,604.4742758516127,565.5170065552402,601.0286635268584,567.0918180824066,597.6144271329052,568.6983992421864,594.2149750654295,570.2842227109718,590.8058222414232,571.796112654139,587.3633575779511,573.1781702752312,583.8669463415138,574.3707042672056,580.3017264894212,575.3120180662041,576.6624335382435,576.0485270850435,572.9754017230492,576.8183079924842,569.2952291723781,577.7333689240098,565.6486495725243,578.8136970221743,562.0475359257955,580.0447238012555,558.4950612118926,581.4107481865516,554.9922299252501,582.8963968666072,551.538390544026,584.4869248647746,548.1315375284946,586.1683842989747,544.7685999767871,587.9277923181785,541.4457515791336
582,488.044028921328,680.5710428574771,491.4459967768869,678.9714467860023,494.94427040336325,677.5948175111554,498.5144894175613,676.4167205109981,502.1312895287515,675.3896371229473,505.76875827757385,674.4377304604868,509.39985628765737,673.4620007056423,512.9988331178168,672.3744654067151,516.5421872062483,671.1179387084245,520.0111858746668,669.6688971958636,523.3913438586488,668.0233205715342,526.6658034615004,666.1764973956737,529.8128600836051,664.1202820747876,532.8059347061721,661.8459637023412,535.6168198826824,659.3501097813355,538.2275223366717,656.6455075808469,540.6303625641965,653.7545452833148,542.8229455914473,650.7009654685802,544.8029190012,647.505337876509,546.5803529769765,644.1926117125657,548.1831009629187,640.7917029107997,549.6584381958867,637.3334022012983,551.0750380826023,633.8505022976166,552.5348685116732,630.3856165975185,554.0870892465263,626.9611017922828,555.705966539756,623.5675201064681,557.3504943060713,620.1862617668743,558.9819474318451,616.7986889332,560.5723902241565,613.391693114172,562.1017676634032,609.9568904459002,563.5587549760668,606.4907284855929,565.0140809862977,603.0238614966892,566.5563425486308,599.5949654918148,568.2165283176957,596.221499187807,569.9327310760189,592.8760568092248,571.6324635625081,589.5222530886557,573.24217686962,586.1245268650525,574.6829806270183,582.6521821583699,575.8688594228668,579.0852712403165,576.7254123874479,575.4254221464818,577.4350453313214,571.7330702106725,578.2476955493773,568.0620925732571,579.134803407324,564.4083087601646,580.0769589754358,560.7683246643379,581.0693606636306,557.1417117993004,582.1072607061512,553.5278520419113,583.1859674711551,549.9259575975622,584.3008521339239,546.3350923441394,585.4473512148422,542.7541921268594,586.620998047784,539.1820945936855
583,489.3916492216895,680.2961381255205,492.8599135036485,678.8454935952293,496.3997165745524,677.578681908852,499.98392418520797,676.4429482649117,503.59046952504565,675.3799135563269,507.2012804199224,674.3313861739114,510.80028025093407,673.2431808799321,514.3702468169079,672.0635725801588,517.8901796147165,670.7426355125668,521.3337200399204,669.2342550002498,524.6708508517735,667.5036162334367,527.8690496660945,665.5283485305332,530.8981833538465,663.302574977778,533.7392545201876,660.8411387384573,536.392450366762,658.1779826091908,538.8688861715581,655.3494706571383,541.183303957776,652.3867575214013,543.3496547192192,649.3140011173724,545.3801279132326,646.1497320398331,547.2863557221116,642.909033455231,549.08196987141,639.6056957380162,550.7847073945524,636.2534797626731,552.4143007712553,632.8650581291408,553.9884295028284,629.4504897029227,555.5232138059179,626.0180377944472,557.0353109340668,622.5755203318903,558.5403736248901,619.1299187056701,560.0393641618581,615.6816727095398,561.5184992137341,612.2248744383235,562.9603230228038,608.7523573906315,564.3644340387875,605.2644154372713,565.7373828078989,601.764083093322,567.087955516846,598.2550505784347,568.4291278509162,594.7424105457717,569.7857852086023,591.2357325678175,571.178886516231,587.7433883614754,572.6141328449872,584.268144790018,574.0712378305286,580.8019910524818,575.4883921577014,577.3194070541042,576.7644128815623,573.7830864102214,577.8826149674081,570.193347829673,578.9637651708337,566.5921689169793,580.0350652387937,562.9880472615217,581.0973218887068,559.381249668612,582.1513481897873,555.7720381437468,583.1979616850457,552.1606699048376,584.2379838666338,548.5473978144205,585.2722396702453,544.9324708272823,586.3015569868239,541.316134451568,587.3267622496552,537.698630105972
585,491.4390491201552,680.2945403778775,494.923079343779,678.8819341535124,498.4723398929706,677.6417876130752,502.06356252609845,676.5284096162782,505.6753250192171,675.4832126258656,509.28784837168826,674.4406321611069,512.8819325915454,673.3364739446874,516.4362714752527,672.1109154215832,519.925069587771,670.7102483740515,523.3167709863525,669.0891446075035,526.5756998921148,667.215846824515,529.6710943575783,665.0832362977086,532.5848646992577,662.7083057134415,535.3132089002193,660.122286521408,537.8549544291433,657.352516769406,540.2095680328215,654.4219133748104,542.378717986912,651.3514014677947,544.3698415855515,648.1624404873418,546.2009471770167,644.8788315229477,547.9034025961415,641.5265489967705,549.518079213715,638.1309989290411,551.0874564920515,634.7142211664388,552.6477347802777,631.2932693654781,554.2248750380987,627.8800677339499,555.8195473458361,624.4750123613958,557.4022298335701,621.064375656156,558.9536135359602,617.6393984155193,560.4774820238363,614.2020776431076,561.9907177802058,610.7600577106681,563.5060521309122,607.3189611862923,565.0250913608138,603.8794996495906,566.5729322523963,600.4529348054854,568.1412286686551,597.0356596237862,569.6750087746605,593.6027500131636,571.2471213509983,590.1872694788829,572.7922734708159,586.7596357484755,574.2618874328464,583.2987734084878,575.7587047084216,579.8495881142142,577.1807884231125,576.3691621555436,578.4696755393672,572.8372255692398,579.6328616095237,569.2618866503084,580.6797068796346,565.6507383580575,581.6200786281256,562.0103835391236,582.4641054915137,558.3464672488964,583.2219891110678,554.66374621619,583.9038697591023,550.9661800794917,584.5197391392968,547.2570326629914,585.0793922250009,543.5389752172003,585.592410045572,539.8141865940166,586.0681447489817,536.0844450963795
586,491.9870852594677,680.5861184975868,495.48496956829354,679.2080249097141,499.03520073631125,677.970198209938,502.61070646887737,676.8070397363897,506.19350305998523,675.666447947812,509.76790144944255,674.4999010039149,513.3178425936842,673.2611585270695,516.825369576358,671.9073129901592,520.2688593983078,670.3984057322432,523.6223722844325,668.6993027296672,526.8567534043707,666.7834539013807,529.9437230132994,664.6383022597754,532.8643796146669,662.271672248386,535.609489479518,659.703367286494,538.1734737734942,656.954164403989,540.5492837056551,654.0407627131536,542.7325979123522,650.9803761171311,544.7318412475339,647.7965296587971,546.5714566812064,644.517654605813,548.2880250510949,641.1725629441341,549.9174585244128,637.7840804762444,551.4861329323398,634.3670068896197,553.0121745344861,630.9306632422927,554.5094233924012,627.4816660607773,555.990713881566,624.0257791578267,557.4695416130945,620.5688367262657,558.959950099119,617.1168759816431,560.472980614449,613.6747739949989,562.0088164463781,610.2427841747455,563.5574329474235,606.8165372380648,565.1059191374117,603.3902313974559,566.643774210267,599.9591434595799,568.1630424351079,596.5197886583712,569.6580003356736,593.069800356021,571.1312948743179,589.6104994506866,572.5963857289673,586.1477125890572,574.0712225522773,582.6890694735392,575.5669119004934,579.2393963770063,577.0791250139107,575.7969278228023,578.5588258484272,572.3404888574055,579.8814932522646,568.8213348711964,581.0348785260097,565.2429064089736,582.051348829549,561.6231463568383,582.9429700453513,557.9705911150919,583.7214055456345,554.2922170271418,584.3987750080779,550.5938674549816,584.98739366215,546.8803330185569,585.4995859580752,543.1554666040383,585.9475659022859,539.4223155855308,586.3433450454031,535.6832560655178
587,494.8967964236745,679.9425628011232,498.38240211600544,678.533541482569,501.9244631355363,677.2727322026178,505.5022918662946,676.1168828269984,509.0934196358718,675.0028026925874,512.6750524309999,673.8587390675599,516.2229938279127,672.6146018962709,519.7103921291059,671.2102617426602,523.1084867054569,669.6023318386495,526.3876804694131,667.7643619750274,529.5220334209721,665.6890777272171,532.4957386900593,663.3894082905965,535.3036456977666,660.8898323376158,537.9433993468566,658.2131900924323,540.4099649992952,655.376134036211,542.6935829012193,652.3898621994109,544.7818052559139,649.2638525255899,546.6713535817659,646.0138118024804,548.3759441846586,642.6628808743897,549.9292977776627,639.2390184676425,551.3816885319869,635.7709596195361,552.7933241391319,632.2860412417048,554.2188160613218,628.8067814981191,555.6896848553802,625.3464811847667,557.2092966855411,621.9073020879621,558.7721131630684,618.4875314445438,560.3690362306634,615.0835418624006,561.9841385087965,611.6881296834873,563.5902253428832,608.2884527111751,565.1513670139261,604.8679551538609,566.6346560813894,601.4130354796122,568.0422337906743,597.9264972574375,569.4793254764284,594.4521379801564,571.0938528681786,591.0574314754156,573.0381866674479,587.8420172870099,575.2926874846322,584.8332343202642,577.2394940595905,581.622950787913,578.6191545043214,578.1285952088472,579.5974700474519,574.4992845660695,580.3592082733674,570.8174765159167,581.0893510057552,567.1291585965587,582.0250270488436,563.488729156086,583.2898177280186,559.9491664663127,584.8453042797801,556.5270627070314,586.6443390842877,553.2262060447689,588.6437410914081,550.0424903841952,590.8060331071042,546.9668989942329,593.0996214527405,543.9877982179071,595.4981948568985,541.0924525084454,597.9799523692504,538.2680094288954
588,496.9248838602106,679.5312744909714,500.4737945028006,678.2897821278227,504.05072097435607,677.1310159235312,507.63551995046623,675.9967325712994,511.2142173675076,674.8434041705538,514.772604100049,673.6290583590755,518.2923451089242,672.3072629370249,521.7474036432121,670.8252172547028,525.1003395781347,669.1254702294165,528.3127679462563,667.1735319502034,531.3587267681677,664.9706842519302,534.2333821667024,662.5483032384285,536.9379941384772,659.9372554967931,539.4710794750142,657.1594312676773,541.8255547452721,654.2286900700183,543.9909262936814,651.1555854213659,545.9618789446263,647.9542641737295,547.7463888118335,644.6452526006386,549.3725409384856,641.2553925772377,550.8882629473369,637.8145714221563,552.3423287198915,634.3471634616637,553.7676249599032,630.8678122999553,555.1845030394181,627.3850202035209,556.6086161962821,623.9051822853346,558.0477984940421,620.4315514729589,559.5033284315799,616.9647382446499,560.9747252903297,613.5046299415715,562.4601002899308,610.0504963305041,563.9451506790685,606.596222849496,565.4221217000714,603.1384874971267,566.8904517049702,599.6770737412456,568.3511146296045,596.2124173873566,569.8052063269411,592.7449978039248,571.2538252332992,589.2752880664059,572.6980719091465,585.8037560027154,574.1390486154622,582.3308652532045,575.5778589181132,578.857076341895,577.0156073131644,575.3828477561656,578.4533988660247,571.9086370321727,579.8923388572457,568.4349018434617,581.3335324277999,564.9621010902256,582.7780842166417,561.4906959866905,584.2270979833527,558.0211511440414,585.681676208714,554.553935646148,587.1429196660503,551.0895241152732,588.6119269562806,547.6283977646241,590.0897939996863,544.1710454343645,591.5776134774819,540.7179646074783,593.0764742164768,537.2696624013213,594.5874782556974,533.8266643369743
589,498.4574627393682,679.2936209921397,502.0213454467571,678.0956059871935,505.6051796241411,676.9583085424098,509.1898665862079,675.8236904293145,512.7601462801274,674.6446744392791,516.299404946579,673.375882018272,519.7860108824569,671.9693180390664,523.189927037845,670.3736656792529,526.4710968729402,668.5395636487584,529.5856086934147,666.4351888027135,532.505396691101,664.0679623531826,535.2267151543377,661.4746426529392,537.7614015769366,658.698324714206,540.1258034414454,655.775417559874,542.3348223282968,652.7332410980162,544.4001242588538,649.5916410582636,546.3315171203167,646.3659257126099,548.1400901293199,643.0697119835538,549.8421933739476,639.7172121872203,551.4579857812014,636.322212400989,553.0090261142946,632.897103732401,554.5166545259052,629.4526395500249,556.0009490289046,625.9980434772176,557.4782817031844,622.5404615770531,558.962695211971,619.085916356284,560.469629358118,615.6411479355833,562.0127315012248,612.2124260460618,563.5632349429536,608.787033268984,565.1753773433235,605.3904920226859,566.9423676822183,602.07191513773,568.8233265742257,598.8163694055826,570.762392964322,595.5949891483206,572.7069002575923,592.3768803950509,574.604304802814,589.1308626714091,576.3990155174264,585.8271472992519,578.0297415694793,582.43978998585,579.4284482347092,578.9506425421388,580.522795545396,575.3548992004926,581.2884792610101,571.674415044694,582.1110985531914,568.0068382108946,583.2479427931461,564.423555484631,584.5343743866059,560.8905882531812,585.8534016945775,557.3695726339305,587.1691169443997,553.8473181199709,588.481122047495,550.3236799381215,589.7893397678216,546.7986338718109,591.0936926659426,543.2721559070934,592.3941030909751,539.7442222358261,593.6904931723491,536.2148092588512,594.982780078518,532.6838918595055
590,500.8733407974129,679.0383382979836,504.44071247856294,677.8504663322104,508.01585115711987,676.6860931391627,511.5828843630035,675.4972189900858,515.1211662018796,674.2257203310093,518.6043502853347,672.8107853789494,522.0044151012418,671.2067673861567,525.3001958115105,669.3982823332451,528.4726652221901,667.3814121336337,531.5007739354835,665.1538069459502,534.3607204785505,662.714166670449,537.0328985073398,660.0702122269839,539.5073185626674,657.2402163012503,541.7886355690866,654.2521472824429,543.9008761485662,651.1419804943582,545.8895310050051,647.9511298098839,547.8016581254909,644.7137224285036,549.6517036075152,641.4404894900188,551.4032118894768,638.1136086331026,553.02012923161,634.7193756928452,554.5008478312752,631.2634619302786,555.8720124761791,627.7625380802273,557.1661966057612,624.2323663956174,558.4122776971332,620.6848940317897,559.6406314443218,617.1312297418879,560.8884877792868,613.584389683164,562.2035574402637,610.0620149173654,563.6402387616195,606.5876198084252,565.2117317269951,603.1720372313908,566.8806110873862,599.8027911099782,568.5813021180285,596.4494307710195,570.2766526987317,593.0933695922816,571.9596583747343,589.7310981212526,573.6444264036378,586.3697112336516,575.3505265473599,583.0191076929714,577.0783188387553,579.6796327559407,578.8031774735039,576.3386463304196,580.4694843524942,572.968217995544,581.9917164290802,569.5306860781544,583.2899512428851,566.0026448118176,584.4507798716648,562.4263836645125,585.6134175562659,558.8506952108464,586.8259799398433,555.2916523394321,588.092610534558,551.7514853063308,589.4088312793009,548.2294493212518,590.7702125852522,544.7246167976425,592.1723840509169,541.2358982013891,593.6110409933561,537.7620620999927,595.0819471864289,534.3017541011718,596.5809454418012,530.8535194065165
591,500.4994833165455,679.4744170460394,504.0761029532652,678.3146737011152,507.6534630641338,677.1571912435008,511.2092398134356,675.9352892536236,514.725478723814,674.6041241719018,518.1865672219109,673.1357680406137,521.5737601751069,671.5044757416464,524.8603879369333,669.6794327960478,528.0181341657317,667.6397233918335,531.026973698717,665.3860693704198,533.8835329505173,662.942103476201,536.5897715474073,660.3325318697949,539.1451151974168,657.5749935501295,541.5439829614862,654.680299610162,543.7789486314035,651.6572570504476,545.846797465251,648.5174965089533,547.7520074416593,645.2763835091486,549.5071404747187,641.9515100175836,551.130654594845,638.5603292100469,552.6454203697585,635.1191144680123,554.0780019818167,631.6428161321667,555.4571699973433,628.1449404015777,556.8111937719532,624.6372361137603,558.1642839216172,621.1291709087058,559.5369508128915,617.6287293880057,560.9476490109294,614.1434601821651,562.4151163450146,610.6817425618306,563.9593465800124,607.2536173576557,565.5794570290427,603.8606561260434,567.2424196459607,600.4884292712408,568.8920916074846,597.1096930516259,570.5021434358225,593.711911080846,572.0774651148594,590.2978682151258,573.6416485713806,586.8786997197457,575.2196844816518,583.4659099698752,576.8261868813308,580.0664356597167,578.4656237172674,576.6827209210801,580.1304216558336,573.3113997428552,581.7990140166148,569.9419525186496,583.4405447583704,566.5592838796247,584.957910670653,563.1196452602765,586.2611425509122,559.5933082816434,587.3798823108159,556.0039919427696,588.335456400488,552.3677678314448,589.1429187174278,548.6957527506506,589.8183845497648,544.9971274423382,590.378432208683,541.2792292745235,590.8396746040239,537.5477476065065,591.2184902407881,533.8069690643712,591.5308577476678,530.0600332535658
592,501.5157355001391,679.829042916635,505.0721955247069,678.6088166966468,508.6239990543298,677.3751539051453,512.1543022754694,676.081401710297,515.6500323310254,674.6971227489375,519.0972960076413,673.1964149505275,522.4781728607358,671.5518792769138,525.7675104478847,669.7315538144284,528.9312922646106,667.7012456340883,531.9374742491768,665.444357967149,534.7682855312311,662.9709179306932,537.4225310191464,660.3087054307836,539.9062933940121,657.4865991580056,542.229582256894,654.5308370943122,544.404031097128,651.4638133746114,546.4399182558511,648.3030504509703,548.3430431311797,645.0605822344078,550.115527784777,641.7448789391665,551.7573069006388,638.3625426954741,553.2693748039261,634.9202404733106,554.657038016468,631.4259064765107,555.9273512436421,627.887183455561,557.1103002669557,624.3181987646834,558.2508181105472,620.7353856846161,559.3946251106979,617.1536407879063,560.6397507344948,613.6061409246812,562.0884480304134,610.1373136809735,563.7520120305849,606.7657360182839,565.5000899427572,603.4368465230954,567.2437392619082,600.1056353448873,568.9634480883118,596.7619896522772,570.6694810915657,593.411347948991,572.36533454966,590.0555450282968,574.1227196074498,586.731654891815,575.8875914987703,583.411711194612,577.6179061268449,580.0735927209306,579.4467144692848,576.788437191322,581.2263580624939,573.4766472468157,582.8436850492019,570.0827273124314,584.2836155925573,566.6098725150905,585.53604207129,563.0650755685415,586.6079963528659,559.4615225978761,587.5134586449077,555.8125066582779,588.2678939298522,552.12923905751,588.8874865961068,548.4208520751276,589.3885658641005,544.6945557370472,589.7872183991876,540.955877052652,590.099061174381,537.2089289573814,590.3391394234575,533.4566756883147,590.5218365514467,529.7011736300906
595,507.72615772556674,678.3217852006196,511.27980082384465,677.0933874201673,514.8109073737719,675.8020266007637,518.2855168751823,674.3663061732514,521.6679381013605,672.7257094597005,524.9284159919282,670.8546365538808,528.0538171560427,668.7655694600464,531.0422510893361,666.4846628164013,533.8949150867435,664.0359751063941,536.6089442805595,661.4344397954767,539.1765300121441,658.6882945389639,541.5811464219781,655.7984869593397,543.8048281759962,652.7672744281683,545.8456087103984,649.6098750779952,547.7380844209423,646.3611505811136,549.5325484530741,643.05710382344,551.2538440099627,639.7143819454544,552.8744428393069,636.3217945613277,554.3629165571417,632.8692758063492,555.7238263095699,629.3644043816907,556.9960979922182,625.8262782931253,558.2318308843729,622.2751749894514,559.4810620853829,618.7288129591315,560.7826727623525,615.2013824910081,562.1555677913869,611.7010876345065,563.5958578670729,608.2279652538509,565.091490875039,604.7782953185571,566.6362136118784,601.3503247911186,568.2334213073004,597.9465064311846,569.8930536289968,594.5727021350525,571.6234645385927,591.2346751003511,573.4489200828452,587.947767419463,575.3817546196323,584.7227904314012,577.4507152193096,581.5842295208265,579.8260984841091,578.6715770128967,582.1410252231132,575.712593654457,583.9681046601976,572.4299549192878,585.4195351046627,568.9625443594362,586.6828531311487,565.4212815790254,587.9434110459798,561.879001606258,589.2997059509119,558.3722992957942,590.7478360581218,554.9024905751081,592.278528926565,551.4682858007762,593.8830479654667,548.0679303924315,595.5530099813064,544.6992175950586,597.2804011980311,541.3595760518953,599.0575728290937,538.0461456416867,600.8772212497964,534.7558414483041,602.732356981964,531.4854065704674,604.6163044399664,528.2314774815802
596,510.3959947432819,678.0618837170213,513.9259182133809,676.7669424406866,517.4274135537256,675.39736843865,520.8666074851307,673.87883981533,524.200175016024,672.1415585485231,527.3809274252097,670.1386663692267,530.3743189600799,667.865258089194,533.1758066879244,665.3587478460644,535.8009582132513,662.6677245352852,538.2743494459728,659.8363062093724,540.6221162466001,656.8997052657403,542.8655055229453,653.8825192145428,545.0145165737133,650.7973822909499,547.0683387601395,647.6480848877155,549.0205358962788,644.434821894083,550.8630732316506,641.1574696062104,552.5875035016151,637.8164870088381,554.1834633478207,634.4123039363607,555.6395876750736,630.9460143661931,556.9578927457511,627.4249705359227,558.142897504098,623.8568358405255,559.2300846262272,620.2575101369396,560.299069978838,616.6527006968394,561.3571071732827,613.0446665671343,562.5170521013052,609.4686278444465,563.9203894128409,605.9812674460794,565.560836415515,602.5985798192306,567.3223072673117,599.2767997770079,569.1146560626462,595.9715215738744,570.8941782356586,592.6593320535463,572.6586712932866,589.3391192009241,574.5237432691697,586.0747110667712,576.519351821041,582.8882254264919,578.5918381919057,579.7510480507226,580.6888188853976,576.6301424669499,582.7589531404574,573.4914172921282,584.7494055038702,570.3017199093097,586.6036830948967,567.0312388730895,588.2608100311843,563.6569288021751,589.690692719058,560.1798815080384,591.115312933084,556.7005287135614,592.6481353970539,553.2672198426782,594.1791412479647,549.8330787381161,595.6715727841432,546.3820156895738,597.1205265063805,542.9124698783959,598.5291750746803,539.4263616089257,599.9007932071978,535.9255146054263,601.2387048720337,532.4116448693821,602.5462717469519,528.8863680286092,603.8268454261892,525.3511939630116
597,510.4528617983027,678.5201208850328,513.946188649115,677.1295378473897,517.4051883717387,675.6559079341492,520.8052658634975,674.0513998232138,524.1153081778972,672.2690487453343,527.3005349451909,670.27260310511,530.3268543279925,668.0428709378225,533.1651215598949,665.5783441991393,535.7919071155391,662.8895561192473,538.2013842916907,660.0041584180697,540.4138490838044,656.9646797393136,542.4759814071426,653.8209108566101,544.4530188684809,650.6227244983921,546.3965236489463,647.4040076076548,548.3069095725875,644.1655919090472,550.1146289378432,640.8689911018928,551.7645623977429,637.4908337624905,553.246697944982,634.0356509491278,554.592987247632,630.5251387133677,555.8528991968125,626.9825886229389,557.0770943452732,623.4274914149499,558.3096987290503,619.8753091445888,559.5827493833059,616.3374438768358,560.9132636323613,612.8208060700997,562.3105563864125,609.3301776892731,563.7810558588914,605.8697652376542,565.3301668647338,602.4438362652568,566.9619132117458,599.0564942525009,568.6760897555432,595.7101081325798,570.4679892350929,592.4046737638733,572.3310984619876,589.1388360921701,574.2601019754769,585.9114702115609,576.2477493443373,582.7198694080661,578.2787770519458,579.5556656336607,580.3300550323968,576.4045330857908,582.3748279148141,573.2491817015595,584.3865910937445,570.072716702871,586.330141836937,566.8541629991694,588.1518429258354,563.5653807100421,589.7965924152212,560.184662730886,591.3160034216562,556.7454521049469,592.8243049372621,553.3013129895786,594.4098743425965,549.8921095935038,596.0745666558058,546.5208186389436,597.8109915999886,543.18589305147,599.6119130356137,539.8853369663804,601.470288466704,536.616773336057,603.3792909085297,533.377506950942,605.3323158845352,530.164581368008,607.3230297059508,526.9748626679476
598,512.082126598335,678.4318527824696,515.5430381808089,676.9627127292578,518.9476026278771,675.3676164749703,522.2772605007583,673.6217401847887,525.514017085433,671.7092889808379,528.6375747850379,669.6172457584825,531.6238094186879,667.333659639676,534.4469375094399,664.8514051770827,537.0900423705514,662.1782372022914,539.5486750751576,659.3343443215509,541.8276580587958,656.3444397745579,543.9313006285231,653.228595000834,545.8648946570181,650.0043916253411,547.6365177564094,646.6883482328742,549.2584541048146,643.2964935492334,550.7482726732403,639.8444831509352,552.1285073773996,636.347135486392,553.4250401785187,632.8178398704849,554.6643618099365,629.268011993463,555.8697902245057,625.7065125202872,557.0627409659544,622.140807514728,558.2673038078165,618.5790171544494,559.5147471254464,615.0320590429961,560.8463447054366,611.5159364812284,562.3165931279443,608.0557262186502,563.9555033628493,604.6721461724542,565.7344615098091,601.3598061298154,567.5688418140448,598.0776741801914,569.4137959492488,594.8014678972166,571.2686825461683,591.5308811258325,573.1523792396423,588.27681821389,575.0776542052857,585.0471930621096,577.0454160821857,581.8432708133871,579.0475223865722,578.6606832215105,581.070943038154,575.4915934296403,583.1007474423482,572.3265850974649,585.1187965573106,569.1540773753588,587.0998199359457,565.9583600710156,589.0109385002254,562.7204331597055,590.8218343001131,559.4254616963542,592.5397408180305,556.0809819733055,594.207042823788,552.7109018926227,595.8718134533428,549.3395637829009,597.5417742051344,545.9707935083997,599.216752940858,542.6045153732437,600.8965774450342,539.240652704941,602.5810758114401,535.8791280759236,604.2700764394594,532.5198633330748,605.9634080296718,529.1627796269623,607.6609013298648,525.8077983278973
599,513.9704323590764,678.1490842385236,517.3837760816775,676.5726911347743,520.7270682496434,674.8531186342814,523.968010023769,672.9480911710029,527.0748139707615,670.8316333338335,530.0248262249678,668.5015707448445,532.8113427684727,665.9781061155542,535.4389103073736,663.2893506768419,537.9152723281867,660.4605930735036,540.2484724845186,657.5125480464922,542.4463424421518,654.4622069314165,544.5156350682316,651.3231698368696,546.4618003904286,648.1063100652996,548.288891119866,644.8203344304986,550.000446880437,641.4727027703412,551.602437705788,638.0712490792941,553.1040282329274,634.6242607632679,554.5169698184721,631.1399624819383,555.8543265331438,627.6259318961296,557.1283835932761,624.0884402006711,558.3467824740914,620.531385903129,559.5240682264243,616.9604879130417,560.6955755685034,613.3876873837962,561.9279351303107,609.8355680166039,563.340978095436,606.3520678374452,565.0140022685308,602.985837230466,566.8970433196293,599.7316548572895,568.8089243264225,596.4940833864705,570.6656995573949,593.2246244291889,572.4791859232344,589.9309022749324,574.2887810344201,586.6350337964178,576.1019455406145,583.3411276456055,577.918988027222,580.0493591847195,579.7402167439776,576.7599050233151,581.5659393736695,573.4729430068347,583.3964629721064,570.1886522991322,585.2320939055459,566.9072134636127,587.0731377854116,563.6288085428455,588.919899400165,560.3536211365189,590.7726826441614,557.08183647759,592.6317904433567,553.8136415064878,594.4975246777143,550.5492249432045,596.3701861001877,547.288777357112,598.2500742521389,544.0324912343436,600.1374873750743,540.780561042563,602.0327223185858,537.5331832929247,603.9360744443898,534.2905565990508,605.8478375263629,531.052881732828,607.7683036464942,527.8203616768179,609.697764606739,524.5932025843557
600,515.2479867697904,678.3361923461597,518.6143213015364,676.6619852418482,521.8931483519863,674.822671815746,525.0568755576783,672.791957482719,528.0879317229055,670.5680967568336,530.9776827856451,668.163396926374,533.7221084330724,665.5940172393848,536.3185287163835,662.8751015268631,538.7656438172884,660.0210139745798,541.0628852137257,657.0449236181561,543.2098112258961,653.9586110023465,545.2064300332394,650.7729659263621,547.0551107676395,647.4992104908578,548.763388395371,644.1499898060539,550.3439054121877,640.7385511154534,551.8130862831255,637.2776447519118,553.1890901077699,633.7785975846954,554.4909777350392,630.2512633620101,555.7394199792915,626.7046297925773,556.9576886818612,623.1474992414667,558.1720948586197,619.5890454659948,559.4088931852548,616.0383273708086,560.6931352261233,612.5045224762061,562.0489234288333,608.9975922011229,563.5005504347902,605.5293023964522,565.0723006522973,602.1138579790265,566.7833068863554,598.7660789422102,568.6367081149774,595.4949357826835,570.6073501114957,592.2929296286914,572.6536877301611,589.1386380952877,574.7334272506444,586.0062202341657,576.8131422115862,582.8737845306354,578.8731805408821,579.728382233104,580.9090836111644,576.5673031125438,582.9260970656069,573.3941315137486,584.9343564024724,570.2154088325022,586.9468498899421,567.0393683296451,588.9845377598393,563.8794545392459,591.0680119899995,560.7495709943299,593.1916533736222,557.6467500652938,595.2976077386957,554.531941356667,597.3224794094035,551.3639885247388,599.2379093020909,548.1286784165262,601.0495200809434,544.834080133457,602.7649757543508,541.4883791303344,604.3924988651411,538.0990068316681,605.9406764130513,534.6726422129333,607.4183056929445,531.2152484734861,608.8342789198142,527.7321333302979,610.19748702319,524.2280176350409
601,517.2840174398208,677.6073338903004,520.6205747396315,675.8742467031,523.8899725199418,674.0178325802627,527.0646829858869,672.0041067168269,530.109201835708,669.7989163171061,532.9799688261177,667.3723206015122,535.6303315418294,664.7070731614568,538.0252686795409,661.8102068605003,540.1567010378809,658.7140333610002,542.0532947759484,655.4681733619758,543.7952138485164,652.1361662258126,545.5239411269638,648.7971998713526,547.3033474661929,645.4849815042278,549.0979253076937,642.1809319325316,550.8183147650933,638.8378130213201,552.4082954477913,635.4308819332933,553.8511176923165,631.9590519449754,555.1616752011598,628.4350544977603,556.3728783660658,624.8755968617608,557.5168282474167,621.2939053086361,558.6217306836481,617.6999496960476,559.7222001515091,614.1046304174126,560.8590984220099,610.5206942055219,562.0696988984798,606.9610982366743,563.4522182446374,603.465243138679,565.0681504877651,600.0709903324986,566.8906712565455,596.7827771599844,568.8631539844433,593.5820058883302,570.9431004768218,590.449878157109,573.1004857293136,587.3705008573772,575.3096471052429,584.3280023891236,577.5465479385656,581.3058147777141,579.7952011318205,578.2923551045184,582.043698062641,575.2787788895938,584.2841279592081,572.2592009999436,586.515273485085,569.2327608451736,588.7127909274999,566.1818655257757,590.8368228459647,563.0794849431146,592.8619269437489,559.9116138903499,594.8152329363411,556.6988848863483,596.7246759306136,553.459858250686,598.606296807131,550.2045818777763,600.4699763450025,546.9389928909965,602.3307978166041,543.6717727066695,604.193954858303,540.405883874177,606.0598784148999,537.1415749029289,607.9289803669759,533.8790848439576,609.8016719463576,530.6186539803108,611.6783636464351,527.3605239844986,613.5594711115467,524.1049415353359
602,517.8289645924104,678.0959971890076,521.1340172457991,676.3044318708617,524.3145334066623,674.300397254787,527.3445684467207,672.0755133563162,530.2041317979492,669.6354174642611,532.8833272638784,666.998392368989,535.3862187202155,664.1933039311689,537.7214391212424,661.2470213690236,539.8981916715005,658.1816998104459,541.9247669955406,655.015015759576,543.8080589834784,651.7610295308903,545.5529479608444,648.4307433032172,547.1646705621196,645.0339755650125,548.6530669366583,641.581329423056,550.0366910083602,638.0853099522476,551.34223845097,634.5593269586263,552.6010017589467,631.0163319698311,553.847543504755,627.4690072327413,555.1179744993443,623.9301886164973,556.4428482039649,620.4114275480297,557.8382158230884,616.9200360590283,559.3069864194738,613.4588805822127,560.8456549317126,610.0282212707834,562.4514364239807,606.6284549114407,564.1228770050243,603.2604832446035,565.8616982392347,599.9268109542339,567.6735781295592,596.6322912210072,569.5636277468354,593.3820003862743,571.5344257572759,590.1800333248659,573.5847017327377,587.0283581259944,575.7075250749193,583.9250564630604,577.8874854220342,580.8615829213594,580.1056666701471,577.8256392700108,582.3454964707263,574.8056201477408,584.5960816516509,571.7936032363046,586.8484989893178,568.7829556953956,589.0883033525765,565.7629225599918,591.2970667572341,562.7201370320658,593.4597548184412,559.6444452126873,595.5758073922322,556.5364778046909,597.6483400088425,553.399315761072,599.680589419023,550.2359040446466,601.6758910512507,547.0490538971022,603.6376593516478,543.8414480039094,605.5693709712974,540.615648032237,607.4745506579882,537.3741040672907,609.3567596423076,534.11916553676,611.2195862629601,530.8530932751606,613.0666385461388,527.578072443728,614.9015290739835,524.2962208486158
603,519.8158056383286,677.4685821293456,523.0201808713201,675.5020640417338,526.1282712426228,673.3868516692417,529.1141524474518,671.1026217438674,531.944923482827,668.6290975123619,534.5775537246034,665.9460472281205,536.9717985657082,663.0484643566906,539.1144952365004,659.9598824157171,541.0507071356415,656.7372279734481,542.8902881653024,653.4580226992559,544.7479535691211,650.18908157729,546.6554142387391,646.9488733813448,548.5107244115334,643.6786923561456,550.2280200474822,640.3342455992716,551.7788643476756,636.9093784220752,553.1815451743666,633.4210887238651,554.4667854005858,629.8877356046761,555.6666811505348,626.324423665239,556.8120489287938,622.743170556509,557.9340038044355,619.1544944313076,559.0671956659813,615.5693617354764,560.2510484665709,612.0006922634695,561.5316479830692,608.4657146346048,562.9597916951855,604.9879436777757,564.5786650778431,601.5949080278541,566.3879261034917,598.2993801689365,568.3513942537586,595.0930855765262,570.4202987175411,591.9536308642863,572.5555039254315,588.8587999705554,574.727142111091,585.7893856011809,576.9105032896553,582.7282881194384,579.086974670872,579.6622912956192,581.2477092679641,576.5851856503139,583.3955922904282,573.4990921479174,585.5410915883375,570.411339788223,587.6991904944946,567.3323888880776,589.8882110821083,564.2753719184751,592.1304821894176,561.2572408246632,594.4335777183042,558.2852570296816,596.7763869847478,555.3444084149312,599.1087649153703,552.3953030088242,601.3829539847422,549.4011920839265,603.5816795876751,546.3512226585003,605.7092453221638,543.2511776840282,607.7707938648259,540.1068286611336,609.7717762394499,536.923580062001,611.717872865048,533.706471237835,613.6149280451783,530.4601914863836,615.4688976143882,527.1891049580182,617.2857568330479,523.8972541955382
604,521.6446450925578,677.2650403013163,524.717485962564,675.0989634716718,527.6690051258498,672.7703805911754,530.4842905571193,670.2788340562491,533.1534856021799,667.6313758148334,535.6681072175944,664.8366873209236,538.0161176666212,661.9006783728464,540.1826025467738,658.8283287437774,542.1578409579984,655.6296085535017,543.9571342844545,652.3285197482046,545.6259094177311,648.9593142427125,547.2213915716655,645.5546724278321,548.786858599911,642.1360962929971,550.3373849669173,638.7107150104902,551.872536357618,635.2784185916211,553.3727260336266,631.8307348508355,554.7987740209765,628.3518046861245,556.1188039579541,624.8313394897758,557.3332850974242,621.2730268141516,558.4715199777007,617.6895189085689,559.5775555290338,614.0959051741187,560.6986828194274,610.5069906159576,561.8885259285404,606.9403702845293,563.2119259185985,603.4213874627619,564.7366433683154,599.9851623871866,566.4981444376505,596.6642485684587,568.4752303265456,593.4666916802215,570.6142846753083,590.3748140894979,572.858806745553,587.3584161682335,575.1643786141115,584.3883183764983,577.5000508416167,581.4417992354402,579.8477146037606,578.5048190882037,582.199468517138,575.571111902455,584.551212851005,572.6373970437822,586.8992745694313,569.700734540536,589.239777150387,566.7580452647369,591.5687946067699,563.806259627667,593.8825416371512,560.8424916252436,596.1775310961037,557.8641777290621,598.4509859768079,554.8693953310286,600.6992402187819,551.8556553214652,602.9141688131346,548.8173477282129,605.094343197585,545.754002121623,607.2425588357213,542.6681569134709,609.3617258879998,539.5622876077136,611.4548178924633,536.4387833778854,613.524860017519,533.2999530728857,615.5749189222605,530.14803247716,617.608094084786,526.9851925825243,619.6274929551181,523.8135375656052
605,523.5120376851041,676.5722612203137,526.545263437136,674.3512946740923,529.4350840678038,671.9467901542068,532.1637930663514,669.3609598936644,534.7113046980282,666.5965646319196,537.056128855014,663.6583100171631,539.1931956753276,660.5655178862016,541.1505575764157,657.355627585869,542.9917117028623,654.0773751071488,544.7864651396751,650.7734219731816,546.534115888699,647.4443722497515,548.1551735504622,644.0522948458256,549.5790428837227,640.5729138559682,550.8178856025417,637.0232077344589,551.9453162030869,633.4363014863555,553.0642513486164,629.8467104634033,554.2655289164854,626.2839699403613,555.5841268135127,622.7629245655382,556.9663007075507,619.2662281521486,558.3532191504347,615.7714024965393,559.7229562654784,612.2698034753876,561.1020061938607,608.7718778485336,562.5478767166608,605.3011609174868,564.1278213244617,601.8896511458836,565.8825105942458,598.5647288991586,567.8060176894487,595.334410200298,569.8577307099968,592.183771050014,571.9974766082422,589.0921259148447,574.195405295503,586.0415170449555,576.4336554110794,583.0203488752197,578.7057205315742,580.0245235839868,581.0101387983079,577.0535131603248,583.3472075493735,574.1081186182229,585.7175677470127,571.1894506942657,588.1215732062145,568.2984314250219,590.5558260473914,565.432826468438,593.012052224487,562.5860212130765,595.4742587127918,559.744381760185,597.916736125229,556.8857850692706,600.3315061376736,554.0037425688596,602.7201905154027,551.10004080829,605.0845187445325,548.1764707665153,607.426262349133,545.2347776416744,609.747229135122,542.2766624481117,612.0492579956781,539.3037841802542,614.3342142556929,536.3177624637365,616.6039855240574,533.3201806204231,618.8604780149986,530.3125890815888,621.1056132940903,527.2965090906985,623.3413145306573,524.2734286171661
606,525.1073182098547,676.1283940924296,527.9897438776625,673.7147767499645,530.7390148352519,671.1504680522557,533.3504371551588,668.4458975118208,535.8165324698062,665.6082041546691,538.1265278948882,662.6420947452971,540.2655273840637,659.550472073356,542.2127443226813,656.3347201494141,543.9481497006809,652.9999367173167,545.4657681627749,649.560480950436,546.7890577152215,646.041476892256,547.9642598438825,642.4700658316186,549.051518655221,638.870764344473,550.1157123859425,635.2645384708314,551.2190518958707,631.6701586962761,552.4286979639163,628.1103388318505,553.7956209256381,624.6080209352835,555.3137554565486,621.168331593772,556.8762441348664,617.7483911861469,558.3997907611171,614.3109797281734,559.8658306501488,610.8486204000656,561.3152452733432,607.3792476835059,562.8203821128468,603.9338086726963,564.4593187438834,600.550272726277,566.2778045625657,597.2598338462416,568.2646834370454,594.0680881218652,570.3689239894479,590.9522282642156,572.5416356381638,587.8836093082556,574.752796134781,584.8425526721492,576.9932988172047,581.8230451517643,579.2643813287979,578.826474479817,581.568594532733,575.8553076069093,583.90801764279,572.9117879707146,586.2851032096623,569.998604768837,588.7033994688514,567.1195471483492,591.1645933205624,564.2770751540643,593.6630203259459,561.4672511645396,596.1805917991212,558.6745441126448,598.6870342278024,555.871857052519,601.1708191713202,553.0490701854436,603.6331866503765,550.2075794831593,606.0755694997673,547.3488913216665,608.4994306391255,544.474480523733,610.9062593004626,541.5857916145098,613.297567580629,538.6842404122644,615.6748873039718,535.7712159113003,618.0397671765734,532.8480824162297,620.3937702092794,529.9161818909351,622.7384713840395,526.9768364887282,625.0754471951717,524.0313446274075
607,526.2787986271745,676.0357001829841,529.1077987021038,673.560155598853,531.7577116542599,670.8936992565572,534.2267750405824,668.0588419801045,536.5176080708421,665.0780012943726,538.6350179212649,661.9714831200251,540.5848136188182,658.7570423052459,542.3731493296841,655.4499918488076,544.0072292290317,652.0640080658429,545.4975551763933,648.6122728919676,546.8588953292044,645.107594280612,548.1096916060194,641.5618995674828,549.2695434386604,637.9853739191126,550.3601218434,634.3870792323133,551.4082712147464,630.7761643380347,552.4486116670884,627.1629851786348,553.5192639389861,623.558700040492,554.6548996024742,619.9744109016974,555.8828305023744,616.4207368614252,557.2213087666031,612.9072510591516,558.6795543971446,609.4417855191016,560.2608660612902,606.0307275861892,561.9655507885303,602.6796287784094,563.792985947621,599.3938623130646,565.7414493521356,596.1783905473857,567.8082662233056,593.0376824906865,569.9886575318046,589.9747130380886,572.273597648764,586.9888810482748,574.6472790386663,584.0730365624196,577.0913795357019,581.215900642927,579.5882566602384,578.4047276924373,582.1226634740699,575.6273143113015,584.6813609300896,572.8722459612343,587.2524209022125,570.1287029694934,589.8247043227298,567.3863062508572,592.3873375046596,564.6348957035908,594.9291579368204,561.864258557,597.4406728588713,559.0661337978779,599.9158079542697,556.2357832477833,602.3527414765531,553.3724749533463,604.752173846371,550.4776667824915,607.112400944454,547.5508109554462,609.4319816085869,544.591635146913,611.7132784248575,541.6028406830906,613.9591012633491,538.5872949008999,616.1723547939309,535.547760088241,618.3560220369544,532.4868967647176,620.5131499713901,529.4072689977528,622.6468371210422,526.3113513944704,624.7601971083521,523.2015199295944
608,527.5111753977739,675.5319230326116,530.3136643200069,673.025899831176,532.9717167668723,670.367309334642,535.4596987941362,667.5490810345391,537.7512930953297,664.5690954823291,539.8293007458028,661.4364262551192,541.6889978684153,658.1693462740271,543.3393675694957,654.7915262795686,544.8092448551066,651.3311345617269,546.1423199245534,647.8155812009942,547.3831441574652,644.2663242786473,548.5650297072232,640.6969617043085,549.7150607699335,637.1171884658144,550.8537975867584,633.5338015088284,551.9934735174298,629.9507131223023,553.1387410444297,626.3694087136726,554.2950567149713,622.7916583396325,555.4740003413219,619.2213093719528,556.6936233047845,615.6646734956732,557.9757724431032,612.1301324027285,559.342064026681,608.6273141889108,560.824653996464,605.1722420821666,562.4582271071653,601.7860871443798,564.2632336016375,598.4881721857033,566.2297760189747,595.2838816976022,568.3361070586178,592.1695915900646,570.5583755064997,589.1368490972305,572.8749841304693,586.1754727473275,575.2685424261516,583.2758865149649,577.7247335419821,580.4291240444395,580.2316318677749,577.6268857794414,582.7792273065047,574.8615751259312,585.358830202264,572.126083890817,587.9625607577617,569.4135377958305,590.5829460320314,566.7170699731647,593.2127515875783,564.029784793404,595.8448284608232,561.3447233267144,598.4688175754661,558.6517636014092,601.0696537624473,555.9364610077868,603.62706730219,553.1802767847979,606.1165126054532,550.3626346125583,608.5155646459277,547.4677173581038,610.814942911661,544.4929883312374,613.0219038401448,541.4490208343061,615.1457689189638,538.3464665583441,617.1965500881794,535.1950952576002,619.1847182617939,532.0038263379475,621.1210296855261,528.7808088954702,623.0164048173294,525.5335332483437,624.8818200242821,522.2689436882177
609,529.1975794195159,674.9400845051682,531.8745562766505,672.3008640563667,534.3629823685588,669.4831040697579,536.6581555837047,666.5057631487015,538.7558180581384,663.3860784435641,540.6514613026085,660.1396425945967,542.345992872429,656.7837651647197,543.8497770304459,653.3380753939218,545.1820507411505,649.8223984539311,546.363213080411,646.2530234622672,547.4168463522268,642.6438574867074,548.3728287014123,639.0075238045772,549.2691852259887,635.3559763884862,550.1508659172545,631.700841279358,551.0684853899245,628.0546087962825,552.0705528860195,624.4307575540705,553.190974417489,620.8418157062029,554.4489951612733,617.2988166920618,555.8553534019852,613.8120801629391,557.4136261926604,610.3905397477766,559.1176869496302,607.0391924560421,560.9540284642447,603.7584054357883,562.9066482420382,600.5454095380662,564.9596647297252,597.3955680799168,567.0983827542351,594.3032382389127,569.3114113759768,591.2636198071541,571.5909403993784,588.2735352965009,573.9316495621431,585.3310872288587,576.3290560306951,582.434638948371,578.7793652041244,579.5827982632952,581.2794311926029,576.7744695867009,583.8265283115519,574.0087212935366,586.4183166569886,571.2848061638841,589.0539339249236,568.6032757901393,591.729860914164,565.9619561887112,594.4363518608629,563.3519361334262,597.1559723536155,560.7555836861612,599.8682589302878,558.1515810925924,602.551604941878,555.5178062580168,605.1836663343911,552.8328476106873,607.7404712604655,550.0762330734227,610.1940200075103,547.2274460173753,612.5346263932036,544.2851097082047,614.770689048545,541.2625040684838,616.9123980827353,538.1722769048524,618.9708338174821,535.0259264714899,620.9576409630123,531.8338284632238,622.8847880073656,528.6053352773952,624.7644040082249,525.3489200755507,626.6086563031619,522.0723326445658
610,529.9936806672804,674.4917567812302,532.5297065596283,671.7167772234732,534.8716763216144,668.7761399093521,537.0172334732761,665.68917155324,538.9729989582745,662.4784839362142,540.7504523412885,659.1656408744061,542.3645372909779,655.7701006353424,543.8327544514257,652.3088995226225,545.1741676184236,648.7965347464899,546.4088007722796,645.2451679497166,547.5573094887557,641.6649734224569,548.6408097699668,638.0645364152082,549.681396423453,634.4514380808821,550.7052988256233,630.8335648536776,551.7450134340659,627.2202184125829,552.8367996752083,623.622309358185,554.0143313402103,620.0516104427771,555.3031050579544,616.519604247718,556.7198504165389,613.0370040983194,558.2721432262351,609.6126870301606,559.958257845445,606.2522340907584,561.7701869332487,602.9578855146411,563.6978682547705,599.729873039389,565.7311421425849,596.5672781772779,567.8601340229155,593.4682817093278,570.0752517954281,590.4302226790043,572.3672959217737,587.4497476637838,574.7277784607805,584.5231556166251,577.1493074896299,581.6468535364719,579.6256175438338,578.8175635623835,582.1513829435314,576.0323234870365,584.7220610236523,573.2884730873968,587.3337900038746,570.583660615928,589.9833562530174,567.9158960591982,592.6677944963709,565.283218792143,595.381706347493,562.6809193248207,598.1141534381977,560.0980731500138,600.8491914343441,557.517968056954,603.5649676817958,554.9176277550251,606.2448377838514,552.2803080025476,608.8890532964489,549.6072358464309,611.499846790171,546.9015054964777,614.0795601709088,544.1661216258473,616.6306283648773,541.4039989995571,619.1555646204355,538.6179643384193,621.6569474485195,535.8107600922928,624.1374091515563,532.9850498099672,626.5996258481371,530.1434248210888,629.0463088653157,527.288411981666,631.480180563397,524.4224680493508
611,531.5007273479912,673.7961621286704,534.0329440981161,671.0174425537322,536.3932095725971,668.0913452118494,538.5594382535457,665.0189570511064,540.5065278690048,661.8033339427013,542.2138659740339,658.4542742748126,543.6812434254916,654.993223344541,544.9316906265656,651.4477850433203,546.0055163523158,647.8447100321833,546.9487493516051,644.2051093883096,547.8096657270914,640.5450666136784,548.6364479249974,636.8771239346595,549.4739443170292,633.211622359988,550.360139263538,629.5576292695431,551.327194893653,625.9242590766045,552.4038780228083,622.3219299597258,553.6158150762406,618.7629100610849,554.9843051555372,615.2611952984297,556.5261685905692,611.8323634288317,558.2402743593876,608.4862589957415,560.1023282875725,605.2200123678564,562.0705622589737,602.0164840907142,564.1082659351196,598.8566102621782,566.1945533930899,595.7285820014492,568.3253908213438,592.6307371698944,570.508309724384,589.5693899631393,572.7535582447085,586.5534895272868,575.0728327030279,583.5941830316576,577.4787723378666,580.7049566013052,579.9819834383642,577.8996254370716,582.5808317332803,575.182631956575,585.2613791543613,572.5461202576724,588.0035184290845,569.9736535909958,590.7882850629879,567.4473420659058,593.5987545119187,564.9496254869395,596.4183640967336,562.4622200975689,599.2298024955671,559.9655939428951,602.0144983537223,557.4392108532999,604.7528953459276,554.8627757080928,607.427222779075,552.2199567762211,610.0240661813431,549.5009980964105,612.5362871175118,546.7036733775338,614.9624380203552,543.8313660287081,617.3064526793836,540.8916130022624,619.5756953541419,537.8937349322614,621.7782463170671,534.8464960612628,623.9226572444901,531.7580443309437,626.0178081319044,528.6359475227862,628.0727982097362,525.4872569991518,630.0968609385491,522.3185861376609
612,534.6665755440429,670.8868354882648,536.8577263220988,667.8322905210799,538.8271322980431,664.6302122780077,540.5823980550853,661.3057667925984,542.1431228380526,657.8854981234576,543.5362612613676,654.3934614080259,544.7925349750545,650.8497589606604,545.946968180713,647.2714875595568,547.0334979072427,643.6719606235665,548.0814105148465,640.0609771721171,549.1148262582793,636.4458097887449,550.1575972232882,632.8333355299964,551.2361161152977,629.2313973928461,552.3772444701531,625.6488421781477,553.5983630775712,622.0927617618494,554.883950272088,618.5594349665888,556.2092002881853,615.0407671622769,557.5663276369133,611.5342836751602,558.9843981873919,608.0520851375105,560.5254649417653,604.6227843399502,562.2453273453539,601.279838059237,564.1611917925753,598.0451645492383,566.2437584845918,594.9150468597857,568.4598723717896,591.8778655775048,570.7807081444693,588.9198287628569,573.1850532791694,586.0292065310207,575.6605329335304,583.1992354987701,578.1998413557384,580.4263781076957,580.7971680502337,577.7077758078665,583.4475820530987,575.0408930162693,586.1471365367061,572.4237545613877,588.8915801124742,569.8537159917728,591.6748197037671,567.3257251705346,594.4883090182415,564.8314225699274,597.3209244903562,562.358844345216,600.1591896710385,559.8927473808627,602.987694847265,557.4154744725055,605.7892431059088,554.9077923922131,608.5447642337447,552.3496827334277,611.2336211320851,549.721668668799,613.8403140544559,547.0121812689993,616.3627497476618,544.2240301412471,618.8262135382187,541.3835022300734,621.2984918226853,538.5506546045888,623.8079608197224,535.7506978248271,626.3518048633874,532.981929241477,628.9268302049686,530.2421311724983,631.5299262427997,527.5289845646837,634.1580644408895,524.8400842025667,636.8082984768572,522.1729555718513
613,535.7095257670736,669.7541453674876,537.7356641479921,666.5876835048675,539.5396958127353,663.2895716650587,541.121837772664,659.879378860171,542.4908382155858,656.3780582159686,543.6710223296889,652.8084863945586,544.6982115075504,649.1917626455798,545.6123238641661,645.5447066702219,546.4521895537042,641.8797721823414,547.2553023365488,638.206576868836,548.05820216958,634.5333347759777,548.8972890263996,630.8682214851378,549.8100837526111,627.2208331581065,550.8336377333984,623.603064037289,551.9979327535724,620.0281919826934,553.3202762717679,616.5087678257848,554.8042433404922,613.0543917780897,556.4448128652248,609.6715590205145,558.2322467216126,606.3639388471888,560.1545127068754,603.1327709750007,562.1984067070606,599.9770871245585,564.350465952807,596.8941071581553,566.5978692656778,593.8798837493239,568.9292119312873,590.930071366457,571.3350969098685,588.0407093390153,573.807760812995,585.2082655705442,576.3406579787447,582.4295387598177,578.9281650155667,579.7015782586892,581.5654228156349,577.0216733296221,584.248235001375,574.3873641571867,586.9729316470135,571.7963926824709,589.7362948198663,569.2466944754468,592.5355476439835,566.7364459388175,595.3681747668122,564.2639146501941,598.2322765997607,561.8279098216353,601.1252818717736,559.426292130359,604.0401253609,557.0512093433526,606.9615468931672,554.6842124204006,609.8576344055161,552.286384853314,612.6923890939722,549.8164210397962,615.4626268632632,547.2742853835787,618.171591332431,544.6669321490109,620.8229876156129,542.0010407413736,623.4208945147872,539.2829808511469,625.969686044111,536.5187969714312,628.4739635908514,533.7142085735825,630.9384991264973,530.8746225814232,633.3681891209635,528.0051551467698,635.7680182992392,525.1106602223398,638.1430101238703,522.195745128411
614,536.288128168592,669.5653946594878,538.3888084963029,666.4476616295285,540.297146469749,663.2086205551886,542.0064467743265,659.86027268704,543.5123124353846,656.4156071163555,544.8188408536184,652.8904288977795,545.9453567549035,649.3035300036597,546.922256564897,645.6728951429304,547.7847779955665,642.0133012524064,548.5682520267668,638.3359070942734,549.3081125627222,634.6494544919885,550.0415409723302,630.9617111723173,550.8083032112827,627.280786328577,551.6492013779982,623.6161546648459,552.5989406583697,619.9782948069738,553.6845298102298,616.3787189821574,554.9276422806879,612.8305589499945,556.3495275836557,609.3503008034678,557.9695691084801,605.9578711888154,559.7908748219717,602.6690800015302,561.7943929914749,599.4878638205221,563.9460882437581,596.404766302132,566.2133980994035,593.4055369481849,568.5702607251565,590.4760765278359,570.9987839410363,587.6057032110406,573.4895995442441,584.7891965289275,576.0376650210491,582.0243674273495,578.6395652816083,579.310133043188,581.2924000945075,576.6456540547767,583.9937492074432,574.0303690687726,586.7415403806393,571.4639195663282,589.5340776975588,568.9462292249792,592.3698886789745,566.4773800367359,595.2472344608174,564.0570610809107,598.1629070120375,561.6830402881305,601.1075128118208,559.3449680422876,604.0633343061031,557.0210700959699,607.0043255736201,554.6784753382066,609.8960518869258,552.2754703536338,612.7204526491279,549.79367592897,615.4796879159663,547.2396032949057,618.1773001269962,544.6205062951045,620.8172982031829,541.9433257793553,623.404063386371,539.2146584540687,625.942266236862,536.4407462001874,628.4367960298684,533.6274817574649,630.8927026502076,530.7804269786753,633.3151502986424,527.9048403763708,635.7093818367907,525.0057112711031,638.0806687546124,522.0877793608083
615,537.2967262775092,667.7172801528687,539.2262797957429,664.4905523298094,541.0064471168859,661.1790806317122,542.6225840796126,657.7846081300657,544.0544914987969,654.3084922304129,545.2869711550742,650.7567911436413,546.3198013277254,647.1419062770324,547.1762730149849,643.4810792682164,547.8999080987583,639.7915314114821,548.545954839105,636.087505567768,549.1730433700405,632.3801975548702,549.8378473440599,628.6795157132683,550.5970588302856,624.9971671333358,551.503938996448,621.3485563913159,552.5990557851253,617.7520911663077,553.8961686656546,614.2234853778963,555.3884489803268,610.7728274152738,557.059911990638,607.4052441283752,558.8928751501867,604.1226958522325,560.8693308430562,600.9244239876966,562.9722321618032,597.8077730031652,565.1863719871455,594.7690895117574,567.4988041196476,591.8044805200293,569.8989186694116,588.9103702967014,572.3787413483917,586.084239759327,574.932783362436,583.3249904474307,577.5573497750454,580.6327286424367,580.2493458731611,578.0078845349038,583.005939191865,575.4509588691456,585.8234551092978,572.9613114299239,588.696363706817,570.5357694772667,591.6165971016562,568.1673851248628,594.5739769297858,565.8455163214147,597.5555947839898,563.5548227832227,600.5453465708786,561.2747422273086,603.5242443547246,558.980519302264,606.4732320092778,556.6480247796239,609.3773468153805,554.259932042761,612.2277752488986,551.8080275958141,615.0204701220147,549.2905714001689,617.751034970197,546.7058706399459,620.4162319279225,544.0538172797246,623.0159321823406,541.3375155350495,625.5535816969233,538.5631369310029,628.0335633530108,535.7370744251456,630.4606235650369,532.8654191039807,632.8397945733036,529.9539506854517,635.1763277385406,527.008142918026,637.4756380747682,524.033180662209,639.7432401778236,521.0339712098064
616,537.6000138281922,667.5497257506422,539.4799158653481,664.2942186000456,541.1422241926608,660.9223987507361,542.5848452141854,657.4508574638008,543.8103909909522,653.8968200896816,544.8264794069038,650.2772462189208,545.6510341574713,646.6091698883253,546.3215436796636,642.9096615327776,546.8932252642354,639.1934552256888,547.4332574388749,635.4724685596431,548.0152858002926,631.7578982314282,548.7270916564104,628.0662692917772,549.6386477909806,624.4190589346155,550.7670070253985,620.8328707514866,552.0617184768405,617.303116706801,553.4924893070043,613.826240340313,555.0569917054335,610.4075018299098,556.7653881213057,607.0583906392968,558.6205765725758,603.7883218243558,560.6178794375485,600.6030464907865,562.7476420329318,597.5047311284445,564.9983162167671,594.4930637131791,567.359516447199,591.5672135018542,569.8221837059682,588.7262112105869,572.3777743827861,585.9684694553441,575.0169365179088,583.2905556010434,577.7281717097239,580.6855907552438,580.4991962077431,578.144274385002,583.3182950247943,575.6563583746777,586.174888899831,573.2115579099564,589.0594963873164,570.7998545780366,591.9635890422257,568.4116372562878,594.8791264483425,566.037397464501,597.7982105471681,563.6675171885882,600.7128826614805,561.2922158732727,603.6150368808799,558.9016449181464,606.4966903340363,556.4864142534614,609.3499462873693,554.037718380684,612.1672662120053,551.547776008301,614.94472785166,549.013452797599,617.6841940981699,546.438089553859,620.4003949373218,543.8381617722646,623.1235381142913,541.245511824455,625.8621718800844,538.6692298551316,628.6159236488899,536.1091133689815,631.384411876466,533.5649396973968,634.167259642845,531.0364803782077,636.9640947327612,528.5235014382602,639.7745497003212,526.0257636674704,642.5982790893606,523.5430424942844
617,540.0184858235586,664.8288729633131,541.514650183775,661.3806796034252,542.7081904407564,657.8163366252568,543.6137908123316,654.1679004099535,544.283908922576,650.4686006334294,544.7882174409975,646.7427905211453,545.195158618254,643.0049562948774,545.5642256615201,639.2631434905016,545.9527234683934,635.5233235518135,546.4221434497763,631.7929303380507,547.1029581914793,628.0962587076228,548.1493090026063,624.4865598983997,549.5365028212484,620.9928992810748,551.0815876326492,617.5650976126224,552.6792166331464,614.1615160899019,554.3713740713542,610.8039978348794,556.1647074879756,607.4994238548273,558.067201806219,604.2565182628142,560.0885779499646,601.0863931336509,562.2342646233019,597.9990819672978,564.5054443004883,595.0028960944667,566.8970943791766,592.1019440218045,569.3987173480706,589.2952205804223,571.996126709817,586.5768330536598,574.6738213650747,583.9374288381296,577.4169182523392,581.3660075951092,580.2115217733985,578.8506138230483,583.0447697550882,576.3787950450007,585.9051628277408,573.9384181519193,588.7840988024055,571.5199336405902,591.6759633477852,569.1169189484,594.5773727106199,566.7254351631236,597.4859053430373,564.3426185838701,600.3999640242114,561.9665626524686,603.3184813815922,559.5959851273827,606.2401410977482,557.2292810015734,609.1621517149598,554.8630100848567,612.079838712217,552.4914121492778,614.9870476072208,550.1069874228791,617.8768435536175,547.7014985675113,620.7416028778282,545.2662658320623,623.5692148354274,542.7880321531991,626.3535675575008,540.2612878946896,629.0966992805437,537.6898423403125,631.8011852268706,535.0777735407571,634.4697701733197,532.4290300459891,637.1053411065055,529.7474279396898,639.7109027996804,527.0366522719929,642.2895563805487,524.3002621657946,644.8444714965066,521.5416903570654
618,540.6979425693298,662.9041117804863,542.3020014412195,659.5046685470096,543.582025688597,655.970993735113,544.4964274463463,652.3253988576461,545.0879390496918,648.6131827457428,545.441196163441,644.8702386825407,545.661944357351,641.1168180998116,545.84825732891,637.3614661523434,546.0724191125724,633.6082992522349,546.4963140529941,629.8733096409712,547.3242741589834,626.2086773977073,548.6331298887056,622.6858514796149,550.2111030610072,619.2734883106519,551.9170627152484,615.9229136137382,553.6954375400319,612.6101630813712,555.5389937114976,609.3332457983568,557.4545205641762,606.0978935812474,559.4490227645363,602.9106421223643,561.5293034057668,599.7787304132886,563.7022528232077,596.7104182321732,565.973953668853,593.7145160127485,568.348861734232,590.799778171662,570.8277946249158,587.9729900239805,573.4058958160825,585.2363115299038,576.0718242550555,582.5850638832353,578.8124931507215,580.0110980873607,581.6159508567789,577.5056243935695,584.4719608822159,575.0601905599422,587.3713963832007,572.6663762456197,590.3060633562719,570.3158640600453,593.2684046055992,568.0003093654717,596.2512403028383,565.7112021271494,599.2475425554849,563.4397411350252,602.2502463713205,561.1767447675969,605.2517190149655,558.912116739438,608.2434689753866,556.6346684531934,611.2162827867513,554.3325732859273,614.1613185603907,551.9950683181581,617.0700981713572,549.61262182098,619.9347988139419,547.1773739911151,622.7486944977572,544.6836153006569,625.5061082937203,542.1275537949357,628.2075662467767,539.5124004690402,630.8579079612491,536.8454401777153,633.4608241521697,534.1321610068778,636.0200991562331,531.377668313723,638.5397446098259,528.5868689947615,641.0239551439377,525.7644726794497,643.477070096844,522.9150004102423,645.903518625449,520.0427803436852
619,540.8747780745476,661.719861492151,542.4416778268021,658.3024780864579,543.747991363161,654.7781981015465,544.6880350070169,651.139299482423,545.2785262453679,647.4271194309838,545.6120566299232,643.6824014247807,545.8149371104798,639.9279549711674,546.0160065270447,636.1734003199036,546.3230904168863,632.4262314535238,546.8036365850239,628.6975384594585,547.5079500249923,625.0048342663268,548.480582662839,621.3738312912418,549.7448949547711,617.833855514582,551.2608025695839,614.3937048070267,552.972463553494,611.0463891869755,554.8415419626934,607.7842470943776,556.8503489057683,604.606187451858,558.9842533059414,601.5106829944373,561.2300514318033,598.4953321618701,563.5764167288157,595.557521829915,566.0134383646507,592.6944365697664,568.5327301363642,589.9034447631001,571.1272131200311,587.1821897215694,573.7908051084287,584.5285249199634,576.5180776708114,581.9403361155091,579.3040339561124,579.4154094664166,582.1440595808674,576.9514443470125,585.0337917546309,574.5459550094388,587.9686338824997,572.1956974743334,590.9422393297187,569.8946576326285,593.9464789398788,567.633734273151,596.9722315403809,565.401663815404,600.0105178148132,563.186672814852,603.0527743426906,560.9771344723027,606.0907173619368,558.7616729049284,609.1159767795232,556.5289341863512,612.1196118672984,554.2672085059314,615.0919727862293,551.9645642469513,618.0246533924796,549.6116134497883,620.9123127620068,547.2036302089219,623.7538782082456,544.7414170690959,626.5514816627278,542.2293526283738,629.3078963125653,539.6721511213359,632.0256865647352,537.0739283669395,634.7075842241187,534.4386654293845,637.3564738958221,531.7702190583138,639.9753676427968,529.0723215475537,642.5673824936073,526.3485844968134,645.1357207847399,523.6025058033831,647.6836292160485,520.8374572542481
620,542.0824303455871,659.5253761902306,543.2403625511834,655.9490466574978,544.1417038643,652.2994291211434,544.8166319570256,648.6010122050311,545.3089822393279,644.8737071595517,545.6618169960619,641.1304785745322,545.9254045017141,637.379799554664,546.1648193722883,633.6274619671786,546.4635278213942,629.8795017599589,546.9214671505281,626.1480519645608,547.6690022246329,622.4646421149828,548.7943275629699,618.8788659688786,550.2746704068098,615.4238634192927,551.9914688344869,612.0792452743962,553.8778590947825,608.8271381289045,555.9122025990855,605.6654027344472,558.0783345306727,602.5923989873895,560.3620011628029,599.6056530317219,562.7502133412918,596.7017774224972,565.2306789819485,593.876252049585,567.7915519936172,591.1233523848148,570.4219414651576,588.4367623988303,573.112519662317,585.8104256019309,575.8558857621041,583.2392602974346,578.6465260212116,580.7194704207161,581.4801518564415,578.2481085962967,584.3528946474042,575.8223180437699,587.2607961108533,573.4387765165617,590.1994140120976,571.0931973155779,593.1635126335226,568.7798898242268,596.1475474048575,566.4923461936764,599.1459892655026,564.2237122130024,602.1534623317058,561.9670595874405,605.1647042604994,559.715436538841,608.1745433949715,557.4619393935549,611.1777938919902,555.19967243511,614.1687179694095,552.9211418160166,617.139717058416,550.6167077493224,620.0800739217825,548.273334307414,622.9771465472362,545.87670100731,625.8155386305638,543.4109347873598,628.5748329200363,540.8570421764122,631.2498553063589,538.2149769017816,633.844726704896,535.4941173259327,636.3644301551635,532.7034730726226,638.8145733655248,529.8515352968392,641.2012334237185,526.9462406038895,643.5308255502899,523.9949698203133,645.809997134852,521.0045728707946,648.045486751535,517.9813687305913
621,542.05655350104,658.7447094609357,543.1411124654812,655.1450329571303,544.0374281486527,651.4938475849326,544.7581858964597,647.803943755193,545.3116942726967,644.0852386266531,545.7075002410379,640.346402283893,545.9789608638141,636.5963518493973,546.1912165770974,632.8423802892871,546.4426976537194,629.0909445113925,546.8665892706365,625.3556304360222,547.6228375768574,621.6744823555564,548.782797124035,618.0996477439987,550.2681258792974,614.6466063675975,551.994159935817,611.3068962419944,553.91933264773,608.0778034864175,556.0209024400699,604.9604797116392,558.2684926797554,601.9466031651949,560.6384874851433,599.0279054547392,563.1112767540816,596.195694039026,565.6703265646723,593.441117767531,568.3019869872892,590.755780710512,570.9945813944387,588.1315097851387,573.7381129928366,585.5605100253998,576.5248434980451,583.0363821795737,579.3497244448006,580.5550154433689,582.2098773702179,578.1143835732576,585.1027396452381,575.7126063168316,588.0255323661185,573.3473369365046,590.9752921012549,571.0157788235839,593.9490190394845,568.714860887526,596.9430766865318,566.4404536513596,599.9527737072617,564.1867742894301,602.9723191241018,561.9463012080483,605.995319022113,559.7104890117087,609.0151748182385,557.4704341539955,612.0250127196255,555.2169439621861,615.017445618919,552.9404054917521,617.9843650700441,550.6307340943475,620.9175364559125,548.2783757754829,623.8095678407365,545.8756390558941,626.6537668673569,543.4164921635403,629.4428958668364,540.8950745408861,632.1762184261137,538.3132500703357,634.856865104038,535.6767593764674,637.4883324516256,532.9911676453366,640.0743936270932,530.2618128438118,642.619044926539,527.4937992221004,645.1264592359402,524.6920005815357,647.6009465419841,521.861071373517,650.0468899270411,519.0054372082119
622,542.5687550228439,656.9989559786922,543.6802879216326,653.4071311184455,544.7018085384867,649.7887027002524,545.6002113645259,646.137907415751,546.321084821204,642.4481791074651,546.8173939518394,638.7217094552119,547.0908770010087,634.9721704305563,547.1991969504248,631.2139190917011,547.2690503675452,627.4546354345305,547.5122202252129,623.7036417754448,548.210682932011,620.0126156837252,549.4077722218199,616.4507863704755,550.9845591339375,613.0388988188081,552.8288756929952,609.7631625819392,554.8642006412485,606.6021845901562,557.0445767360567,603.5392979241109,559.3447111658767,600.5652235494526,561.7501649317826,597.6756179497037,564.248129286996,594.8655550429261,566.8279448917805,592.130411471783,569.4811131376229,589.4663381437084,572.2010076102408,586.8704087025101,574.9827004771865,584.3407974893439,577.8201990140388,581.8739244136998,580.7062237256188,579.4639766247211,583.6329909021682,577.1036518023267,586.5931336242296,574.785301665495,589.5796821027272,572.5010524091872,592.5860424397081,570.2429295066672,595.6059812317557,568.0029901284644,598.6335713587633,565.7733988328321,601.6631137828731,563.5464598663557,604.6891057041971,561.3147008180182,607.7061454530735,559.0708594173778,610.7087686941853,556.8077702593984,613.6920140234618,554.519206023737,616.6497829917402,552.1978270384167,619.5739343601497,549.8342649233404,622.4565415000084,547.420228784525,625.295062551055,544.9544999280185,628.0926550466273,542.4424092764303,630.8625564058141,539.8997731733723,633.6365593951407,537.3616152092187,636.4265228106127,534.8410111909964,639.2315268390724,532.3371545646337,642.0505538183879,529.8490956201199,644.8826027227494,527.3758681890528,647.7266886006106,524.9164913115669,650.5818418882092,522.4699707871891,653.4471182062318,520.0353131005926
623,543.4777112065533,654.9066833824982,544.4216200572396,651.2676196301708,545.1472137646143,647.5789674291008,545.6122951360379,643.8487721503467,545.8027711690984,640.094350117588,545.7811815536486,636.3346839621119,545.6971540962273,632.5756664021364,545.7419211255371,628.8165526600077,546.1227004629761,625.0780915327135,546.9884968727151,621.4218125147759,548.2662868782654,617.8872208099702,549.8194193813445,614.4636396948071,551.5657242635591,611.1343890053577,553.502294435423,607.9120584807096,555.6058131120259,604.7960106364064,557.8534760540907,601.7821954595433,560.2264255543406,598.8659221773156,562.7074114879937,596.0409216993128,565.2817888090835,593.3007023229728,567.9369443332298,590.6386331883914,570.6618298600696,588.0479459804696,573.446407030485,585.5214920864406,576.2809519669413,583.051199092382,579.1567689544155,580.6290543282008,582.0672854547187,578.2487048496838,585.0083164277577,575.9061540277673,587.9769342815785,573.5986571097418,590.970613229988,571.3237629919338,593.9870420487134,569.0791174340137,597.0239245679927,566.8622180969592,600.0784079922321,564.6696270767211,603.1462349953904,562.4957381128545,606.2218778912055,560.3329159086587,609.2990151117363,558.172219182045,612.3711218200273,556.004379800909,615.4313478452867,553.8198104989494,618.4719938659002,551.6080868810739,621.4846646940872,549.3584281545182,624.4611409844384,547.0611241123491,627.3912502592407,544.7050064303514,630.2697982261876,542.286156371339,633.0990349530575,539.809794142195,635.8819515832176,537.2814753367779,638.6218250570063,534.7065620005692,641.3221677286311,532.0902109682343,643.9866825524738,529.4373718472448,646.6192241981873,526.7527929215025,649.2237660443786,524.0410333833065,651.804372713382,521.306480489747,654.3651589048483,518.5533530998674
624,544.0611806924996,652.6022556027855,545.0267541486764,648.969609207642,545.5925299703829,645.2547975817904,545.6861903548877,641.4982505923638,545.4242444963743,637.7481382879156,545.02141683887,634.0098240287573,544.7182044311747,630.2626811069678,544.7691779368787,626.5055279973566,545.3981996980707,622.8035645423201,546.6132606549314,619.2483518415011,548.2135200895592,615.8471884073841,550.0331097346933,612.5572756092585,552.0054204616688,609.356476912388,554.1141645840677,606.2438461792333,556.353492170023,603.2238009517839,558.7199669850093,600.3023119273694,561.2039589932226,597.4800150088188,563.7931332468487,594.7538406417486,566.4756893700086,592.1194555087859,569.24064400661,589.5716408140108,572.0758990232706,587.1022414001687,574.968289299997,584.6999604085333,577.9043767310749,582.3512409581067,580.8717498186292,580.0421424518115,583.8605460962682,577.760823785552,586.8640502017303,575.4988969918514,589.8781472563702,573.2511014017884,592.8998442094525,571.0135305788947,595.9265186458632,568.7826959075221,598.9557398701575,566.5553200874665,601.9852157459834,564.3282905713395,605.0127529011777,562.0986266119415,608.0362220434217,559.8634503424239,611.0535007376407,557.6199259187823,614.0625110086903,555.3653256510172,617.0609831058954,553.096732355876,620.0443936437556,550.8083765987636,623.0036627896084,548.4889132167065,625.9257728363582,546.1228500661516,628.7973242398912,543.6957214231016,631.6085198596002,541.1989631231479,634.3557413171194,538.6319712861753,637.0409569687243,536.0001663545115,639.6685903564472,533.3108467790221,642.2437898325696,530.5712575146614,644.7720851874392,527.7883065243168,647.2593009433975,524.9685671124429,649.7114837950843,522.1182973261971,652.1348436737727,519.2434723169436,654.5356933442248,516.349814815894
625,542.7562189607304,651.762184407942,543.1838197588501,648.0269707564648,543.4627829888631,644.2775120222311,543.6578674838844,640.5226348939623,543.8335819920183,636.7667740426176,544.0551411035128,633.0134106783963,544.4016108886375,629.2697531260307,544.9650075321446,625.5530355068685,545.8236318887982,621.8935314565656,546.9843708748102,618.3183092253095,548.4220795315392,614.8450040133404,550.1087270963773,611.4854310245155,552.025066349679,608.2512985360064,554.1531072732248,605.1522830696837,556.4709465648353,602.1924148646481,558.9508942685449,599.3667930657252,561.5616340307214,596.661375282534,564.2747216590615,594.0584590477861,567.0652961583487,591.538682135812,569.9134201730685,589.084074084568,572.8051272062072,586.6809282609297,575.7323498560338,584.3211540391059,578.6891522851513,581.9985373923473,581.670254275294,579.7071816613897,584.6706207370604,577.4411010468659,587.6855389561019,575.194410546966,590.710462082858,572.9612041796908,593.7409707931289,570.7355809211523,596.7730672262463,568.5121205705175,599.8038511586673,566.2868718080849,602.8313683522729,564.0571811259716,605.8541371214569,561.8210579541853,608.870695775995,559.5765653358533,611.8791471379125,557.3212194828471,614.8763638366889,555.0509688798554,617.8580922878043,552.7604211598085,620.8192943994019,550.4434079453036,623.7543439166259,548.0933683294794,626.6558765185861,545.7020912553528,629.516137763635,543.2616207585135,632.3277245599473,540.76525326997,635.0875669500402,538.2117634131072,637.8267104052434,535.6360158414767,640.5707145924262,533.0654481094746,643.3215412020568,530.5021829044873,646.0799552712164,527.9470850095756,648.8467150020945,525.40102694239,651.6225709394425,522.8648896545161,654.4082650961619,520.3395631789581,657.2045480011685,517.825967276662
626,542.3488479277343,649.2994380184626,542.2969724815798,645.5403575178194,542.1039016591568,641.7853866305359,541.9447804320981,638.0289639075154,542.0036994061387,634.2704500468772,542.3863284568229,630.5312599971735,543.1047301700266,626.841803419972,544.1394121675107,623.2281330296248,545.463978757836,619.7102097722188,547.0450343037471,616.2996329742373,548.8449473324042,612.9991208174495,550.8306821178824,609.8068101743197,552.9793347419961,606.7217168005939,555.2724510031152,603.7423552801971,557.6928658883842,600.8653806815377,560.224831797492,598.0860100255584,562.8541230448128,595.3984667542184,565.5682644768661,592.7965933836643,568.3563386540271,590.2740626497431,571.2083871625741,587.8240567550832,574.1145834044751,585.4384935717264,577.0652766656066,583.1081597298124,580.0508194051761,580.8226136935867,583.0613950874176,578.5701209955054,586.0881354751623,576.3393829505455,589.1247486904418,574.1220983825285,592.1674552948481,571.913181021069,595.2136499548394,569.7090753935587,598.260774725186,567.5062555385812,601.3063192200285,565.3012517824619,604.3478512474666,563.0907176483447,607.3829689237482,560.8713862592964,610.4093410867888,558.640145948066,613.4246136111173,556.3939310227302,616.4264328092131,554.1297715852988,619.4126963008981,551.8451368370746,622.382137270258,549.538681114885,625.3325033186421,547.2078802374394,628.2592107439953,544.8474532893159,631.154818659941,542.4489985167066,634.0098379319056,540.002402218411,636.8103558712671,537.493667008012,639.544150914425,534.9124016878551,642.2094918271376,532.2604987556547,644.8095262608832,529.5445128000089,647.34900446386,526.7718018450566,649.8331313103057,523.9493748134161,652.267466264208,521.083875489201,654.6578380295258,518.1815874671952,657.0102364905539,515.2484253192816
627,543.4409448962547,649.1755062259784,543.6247278390414,645.4203398019995,543.6759044546678,641.6608219120908,543.6628516496148,637.9008840180393,543.6702663743398,634.140984998579,543.8181112931962,630.3844189316706,544.250277718178,626.6506900773356,545.0473999656361,622.9778922856419,546.2066129774211,619.4024846833364,547.6690276025403,615.9396381571722,549.3860799552015,612.5954764256896,551.3215816507266,609.3726529622472,553.4480637301747,606.2723999058401,555.7429197448658,603.2945190237465,558.1844561656906,600.435558508757,560.7511896228269,597.6883342883795,563.4223006786835,595.0423799863865,566.1784485194752,592.4850373693422,569.0028869225603,590.0032573850623,571.8823578506101,587.5855006841533,574.8064351534645,585.2218548213968,577.7664202794697,582.9033091269662,580.7543171896644,580.6208267714321,583.7632887618169,578.3661870249821,586.788140558869,576.1328910399665,589.8253468892275,573.9164222099314,592.8722642912351,571.7133194356619,595.9264517723576,569.5203044643024,598.9855199770334,567.3341015681493,602.047136065868,565.1514675707721,605.1090305202187,562.9692240219491,608.169006906163,560.784292223764,611.2242369771682,558.5927303472879,614.2702070373809,556.3883227141038,617.2995230470152,554.1610990558067,620.3025819345015,551.8986235355435,623.2685084504423,549.5877220471872,626.185859877417,547.2158377455105,629.0435548512676,544.7724450152232,631.8357281355529,542.2544420104668,634.5645681333643,539.6678978660754,637.2456610166489,537.0318110571195,639.9123260067397,534.3810976178057,642.5777184494984,531.7291044445626,645.2429538937597,529.0769534788503,647.9090620958933,526.4256799215664,650.5770721268084,523.7763203295787,653.2480112512292,521.1299139045419,655.9229037870253,518.4875037655194,658.6027797824534,515.8501482175376
628,542.5349288642786,647.4763374102849,542.6654693350529,643.7186883641023,542.7596346926574,639.9598971422613,542.8843500665449,636.2020393649229,543.1041365747125,632.4486737246958,543.4807459243517,628.7079971999916,544.0720222129892,624.9954757193836,544.9318036346137,621.3361491606136,546.1014031638832,617.7640490673226,547.5967155604047,614.3156461477256,549.3947423560035,611.0147508998936,551.4486958456669,607.8663338529623,553.7081076655369,604.8616522220858,556.1318670004895,601.9876748441155,558.6872028988932,599.2298615722947,561.3488556245187,596.5743991789734,564.0986799388237,594.0102858912113,566.9245202130926,591.5301536920012,569.8171544512766,589.1282234284494,572.7672679324055,586.7972101710602,575.7644215879025,584.526952561656,578.7968493457694,582.3039884756103,581.8517340792874,580.1119572407107,584.9165529902997,577.933823755755,587.9813865917873,575.7557106605021,591.0405027822588,573.569576987782,594.0918012511956,571.3725459611617,597.1342789252382,569.1633166479252,600.1673329415444,566.9411676045038,603.1907895759778,564.7059776988061,606.2050819065589,562.4584438051546,609.2110616564848,560.1998033750798,612.209712726283,557.9314414382641,615.2019962125435,555.6546857278386,618.1888637453479,553.3708290566271,621.1705889284311,551.0802628868124,624.1453811205351,548.7807023060134,627.1085231942036,546.4661559692703,630.0526844723587,544.1275271669732,632.9689094213145,541.7541759265838,635.848275286826,539.3362628105809,638.6851470464027,536.8686316099652,641.4816176348078,534.3552951331079,644.2406002283567,531.8008545895365,646.9647599597054,529.2093019813296,649.6569160875274,526.5845119671596,652.3200200593426,523.9302443085624,654.9571329862393,521.2501466362208,657.5714057481356,518.5477605004711,660.1660441160496,515.8265135068507
629,542.2969005962201,643.4261892394527,542.1366001603038,639.6696761792073,541.9645392926692,635.9136602300972,541.8853345364156,632.1547776427502,542.0294512487287,628.3986166645941,542.5746696153005,624.6809764414264,543.61746982435,621.071708723399,545.1052930895291,617.6204093703238,546.8716476325709,614.3019941243315,548.846125136788,611.1028202621965,551.0014091723112,608.02247779607,553.3198909169782,605.0629385216437,555.7836096404264,602.2230784154431,558.374418589721,599.4985768536246,561.0744721613497,596.8822093488418,563.8676297798579,594.3654065143551,566.7404092442152,591.939822288929,569.6807210414037,589.5965027073038,572.6766219497486,587.3246293884646,575.7160356531704,585.1112571277057,578.7868074710482,582.941559563764,581.8767056838869,580.7991613614987,584.9736307195391,578.6669232776512,588.0669830428301,576.5295088954024,591.1491113252264,574.3759486880612,594.2154854229088,572.2000212804568,597.2634382773998,569.998367720427,600.2918821553766,567.7699548553309,603.3012334952521,565.5158230091188,606.2927398823589,563.238059013183,609.2680155316955,560.9391315087166,612.2288967576485,558.6216915033749,615.177419340223,556.2885450929388,618.1158040986969,553.9426417279071,621.0462937449968,551.5868816838629,623.9702745180307,549.223047367345,626.8874654632468,546.8508395633189,629.7958483089835,544.4678430185351,632.6920476348295,542.0700579528392,635.5712190978018,539.6518609899473,638.4256570451909,537.2045392638091,641.2427564431929,534.7143574324996,644.0187384837478,532.178412046418,646.7559505426896,529.6006593724824,649.456991201758,526.9850221546985,652.124610196121,524.3353006531554,654.7616838130923,521.6551717973543,657.3711930099718,518.9481921407123,659.9562042535175,516.2178039769246,662.5198272599996,513.4673201611076
630,541.3573520083289,641.6251152930018,540.7392115083555,637.9163685111336,540.1722976462897,634.1998349376084,539.9715606360431,630.4486400982054,540.5272760896264,626.7390408016112,541.7716847808841,623.1936995126522,543.335229774615,619.7749711285347,545.071071925874,616.4400024873021,546.9614327255173,613.1902248466482,549.0097039659514,610.037572271484,551.2086715584522,606.9881210384186,553.554956880949,604.0505208746706,556.0433731496323,601.2323068465336,558.6687761029601,598.5412597277327,561.4234262965298,595.9826236135816,564.2923140671033,593.5526591572236,567.2539381880164,591.236470875184,570.2865011686147,589.0138417575978,573.3704220450169,586.8629431928814,576.48843309198,584.7617026211748,579.6249939416882,582.6882184370103,582.7651837881623,580.620227235352,585.8948790959925,578.5364051281782,589.0024209558112,576.4197111317428,592.0821974716603,574.2628268768954,595.1337240491175,572.06614933104,598.1595733925611,569.83422513802,601.16322717419,567.572510014727,604.1487094146926,565.2868540833742,607.1203211261212,562.9831877375696,610.082454881194,560.667343030033,613.039444616148,558.3449317069753,615.9954312101056,556.0212433263101,618.9542095996152,553.7011117171481,621.917866879249,551.3872155800229,624.8850387377179,549.0778270644696,627.8502168129874,546.7658805506536,630.8052955757153,544.441047876556,633.7394223450834,542.0898517376371,636.6385635471288,539.6956927034728,639.4859845032977,537.2403311340801,642.2487139679214,534.6902949133582,644.898669875421,532.0232717831809,647.4378689501823,529.250530125934,649.8728270954821,526.3857558369949,652.2113513855629,523.4416857858748,654.462158467603,520.4299809164346,656.6345572560191,517.3612027938456,658.7382027645954,514.2448632411733,660.7828458573468,511.08947479376315
631,539.9342582599768,639.8160841364537,540.3327855185031,636.0777977118044,540.9131225183766,632.3631515487928,541.6267650922355,628.6716937524974,542.477586779605,625.0095388608295,543.5043002595716,621.3929346180245,544.7434568675822,617.8436810033269,546.2159055488786,614.3848335505874,547.9367476247481,611.0427821711924,549.919478149697,607.8493586271005,552.1694916408579,604.8383407590959,554.6621202769265,602.0246509949533,557.3507103781153,599.3970909544113,560.1853005257203,596.9273687618942,563.1262551559096,594.5850488803568,566.142939863325,592.3409235759399,569.2107113742236,590.1670413132659,572.3104520539229,588.0389347038845,575.4287314954764,585.9380612397315,578.5566846256748,583.8516086119565,581.6869190167679,581.7685779505819,584.812291267561,579.678263671717,587.9255219686578,577.5699199743849,591.0191886537706,575.432988177687,594.0877257409985,573.2601368072912,597.1293011471777,571.049697553771,600.1463998131403,568.8059542948985,603.1434643238133,566.5355096402892,606.1252609356968,564.2450431593618,609.0964534363745,561.940832959759,612.0616079822591,559.6288554336099,615.0252334665587,557.3149175462975,617.991768440095,555.0047121061916,620.9659520107591,552.7043656767278,623.9524127744842,550.4199851699492,626.9526301215922,548.1536997482921,629.9560298258485,545.8916291229921,632.9322706623583,543.594066639126,635.8280068469102,541.1962554247518,638.5811917577097,538.6363712854851,641.2108635934029,535.9491878046007,643.7913010098557,533.2144674061526,646.3849281857899,530.4922634364647,649.0018753720777,527.7924692834773,651.641325328398,525.1146699061965,654.3024742308046,522.4584326229626,656.9845318267545,519.8233080872119,659.6867217341263,517.2088314432277,662.4082816475384,514.6145234289194,665.148471641233,512.0399000890329
632,540.9230986708621,638.3863729976067,541.0433168915599,634.6284348921364,541.2871010492213,630.8766131272522,541.7025610922489,627.140100967217,542.3426683818813,623.435740542316,543.2605091991879,619.7906209222728,544.5015584969284,616.2428838290718,546.0940254752829,612.8386585795074,548.0371388516548,609.6217121016068,550.2894782789123,606.612656329436,552.7871815930151,603.8033424389108,555.4682888133369,601.1680295893273,558.2867291432351,598.6798243544896,561.2074041780774,596.3122381418074,564.2035912357401,594.0408285355682,567.2558255224661,591.8452228138628,570.3503211475063,589.709538949296,573.4757460247517,587.6193407526208,576.6217321714578,585.5601929620786,579.7783031632462,583.5172943345691,582.9358461809187,581.4758970827529,586.0853996450016,579.422203867232,589.21874710081,577.3438847653529,592.3288213264575,575.2309134791592,595.4110399555135,573.0775210954747,598.4643332886362,570.8833039929087,601.4902720445923,568.6515062658569,604.4916393087103,566.3867637697483,607.4714876316442,564.093774323171,610.4329524029571,561.7770848819856,613.3791810683141,559.4410451736168,616.3132774596958,557.0897818180291,619.238253170065,554.72717950617,622.1570734932758,552.3569752811093,625.0724455840073,549.982530241775,627.9858823853889,547.6057110254769,630.8955931423678,545.2243329886402,633.7961452216097,542.8318135942726,636.679654203797,540.4187930065536,639.5366504425035,537.9744611369547,642.355837914032,535.4866490089511,645.1258376630616,532.9442183061236,647.84130084091,530.3436119078037,650.5051144203932,527.6901100538213,653.1210493962701,524.9893817984605,655.6931551555182,522.2468669824993,658.225704668916,519.4677722436003,660.7231470154952,516.6570769985595,663.1900672739579,513.8195473753262,665.6311243557485,510.95973167038346
633,540.2472859137364,635.5289788906609,540.1134517879004,631.7714497440411,540.1250693110376,628.01212796321,540.4866002120149,624.2719971595992,541.4368022961513,620.6398324653263,542.972945059859,617.2108478575582,544.8489247609788,613.953449115067,546.9367588658081,610.8270230518048,549.2033498359073,607.8277191507809,551.641214629918,604.9658217786398,554.2344076976544,602.2438326733222,556.9720308567493,599.6671183317742,559.8399337057489,597.2361530100994,562.818677271515,594.9421845109966,565.8850623636285,592.7665779417231,569.0155055938756,590.6840408233427,572.188296828084,588.666496299642,575.3829060069498,586.6836158180168,578.5799961604175,584.704730553601,581.7634547097132,582.7040154573983,584.923225025102,580.6661172393384,588.0542625625228,578.5843514793777,591.1552715638744,576.4581098064847,594.2278219684239,574.2909375316638,597.2748142535418,572.0879655823434,600.2991339565909,569.8539629243677,603.3032060984382,567.5928011000019,606.2894422073463,565.3081310877393,609.2602681107134,563.0034545116034,612.2181535327538,560.6821899695459,615.1656358242285,558.3477274702788,618.1053357922062,556.0034706533144,621.0399727393792,553.6528775663428,623.9724539259997,551.299595028554,626.9057496384704,548.9473280492722,629.8419564969643,546.598696002175,632.778670928758,544.2506985717712,635.7077946071416,541.8932464678425,638.61646483327,539.5106295930398,641.48958364308,537.0853041214409,644.3116481556876,534.6008177532633,647.0633680853691,532.0387408571266,649.7287872357535,529.387009717993,652.3095961737627,526.6528263333088,654.8108679969514,523.8456649347745,657.238406344026,520.9744737632241,659.598567785187,518.0476211941133,661.8981096796506,515.072883736821,664.1440661234014,512.057465890679,666.3435990478802,509.00800546563397
634,538.9537373585929,634.2040468611323,539.0992669896333,630.4479371634151,539.5643869255566,626.718049320429,540.3552288202992,623.0434055262771,541.4660448850077,619.452531724807,542.8928124436707,615.9751439584694,544.6318595178822,612.6430071319623,546.6697940690909,609.4847613926624,548.9788390660108,606.5187276226924,551.5183485117473,603.7471408120994,554.2449612975284,601.1590590348845,557.1193724470727,598.7358781867534,560.108146483267,596.4550008300375,563.1833406756069,594.2918536149837,566.3214816949356,592.2209335133998,569.5030475188779,590.2172684681678,572.7123434854834,588.2582721474245,575.9371843154229,586.3249450681091,579.1672938622122,584.400425256951,582.3926051852112,582.4678828165013,585.6025908180376,580.5100152684844,588.7865304857272,578.5101064119838,591.935261617285,576.4552449344022,595.0425759234057,574.3382917373003,598.1060040166118,572.1583083493447,601.1269901744427,569.919861560859,604.1098872952263,567.6308813611064,607.0601453503073,565.299964719439,609.9835140805566,562.935397087325,612.8857937065624,560.5449807445153,615.7727991266931,558.1361316973711,618.65035314684,555.715995546387,621.5242432231445,553.291507904603,624.4002153458841,550.8694913796971,627.2840113327659,548.4567992667119,630.180550523146,546.0594254743202,633.0918725758966,543.6800248445793,636.0145249280599,541.3145485058426,638.9370412236892,538.9489046690908,641.8430107458076,536.5629901925572,644.7119504129003,534.132743052307,647.5247437891711,531.6377626069819,650.2799573328343,529.0793207285204,652.9807603913744,526.4634889868171,655.6306825123061,523.7961110666047,658.2335479585599,521.0827818243735,660.7934172702567,518.3288396622642,663.3145366154805,515.5393697997553,665.8012950754036,512.7192162193903,668.2581833525512,509.87299483719374
635,539.4140094670196,632.8285805091842,539.6312467704565,629.07530173618,540.0684090811627,625.341513025629,540.7797835651276,621.6504958333178,541.8173949532124,618.038047868526,543.2279649344996,614.5548292039621,545.0424239790407,611.2643668626822,547.2540092583457,608.2263704954805,549.7783325012379,605.4415967505934,552.5135016267225,602.8625251267092,555.3818974101206,600.4320399753698,558.3471352090669,598.1205148994047,561.3918837668589,595.9147036829243,564.5046243391644,593.8058641110504,567.6736874290611,591.782567864168,570.8849564803995,589.8268640034904,574.1218830569394,587.9138563043117,577.3661189820842,586.0132473502058,580.5996773376129,584.0945561286374,583.8083813381048,582.1346228156559,586.985011280728,580.1231385705728,590.1264367660302,578.0571089733407,593.2314764224416,575.9367868688506,596.2999907487227,573.7639347833796,599.3338015030245,571.5428726155594,602.3369773640954,569.2805415388583,605.3147742853207,566.9848946350984,608.2718918404679,564.6626621340014,611.211501680005,562.3183022808226,614.1359629324393,559.9550693938832,617.0473418224625,557.5757359245941,619.9476786706242,555.1829529166822,622.8390615752855,552.779356213161,625.7237318495836,550.3677061613848,628.6041149561537,547.9509364069401,631.4829514580847,545.5323241891571,634.3636037303395,543.1158753102666,637.2473948286464,540.7031730867826,640.1287859058131,538.2876084787691,642.9921217760998,535.850696998568,645.815955689934,533.3681882985641,648.5758200643722,530.8148591902064,651.2560708789234,528.1780836290175,653.859035456875,525.4649542863733,656.3894543854328,522.6840140079224,658.8526716360842,519.8433541273174,661.2544938204252,516.9505766440225,663.6010694614396,514.0127880106901,665.8987898555612,511.0366171832124,668.1541843550926,508.0282313653073
636,537.9208489748236,628.9673943996595,538.5052078646432,625.2540883256421,539.3996954825395,621.6033349937717,540.6337887163984,618.0532694595144,542.2243103928557,614.6481034973499,544.154559702686,611.4232296786673,546.3828860534802,608.396259654145,548.8591012225269,605.5681049408134,551.5382685950732,602.9310948670908,554.3844082799861,600.474990291465,557.3700056206898,598.1902680050921,560.4727585950095,596.0672110964568,563.671250121286,594.0911123198144,566.940146236132,592.2335346709334,570.252496683586,590.4543806154243,573.5806733573795,588.7049181463317,576.8969859733083,586.9331314667805,580.1770100786695,585.0951755542172,583.4056605076785,583.1684614042282,586.5786441329476,581.1513539458482,589.7002004914892,579.0554892721933,592.7767075977649,576.8939947301684,595.8152995744424,574.6794821453495,598.8234698017536,572.423792786168,601.8089239712056,570.1381048521679,604.7795540408454,567.8331719757313,607.7430659337084,565.5190891455239,610.7063050385103,563.2046567957021,613.6738998029799,560.8958127924957,616.6457856731863,558.5924940780261,619.6173325220101,556.2887382630695,622.5814439286956,553.9754287827809,625.5305672243279,551.6430519093699,628.4573980653294,549.2827751135532,631.3550518391444,546.8867839696194,634.2174453084381,544.4487914630278,637.0402345568071,541.9650570964554,639.8225265433489,539.4360367367917,642.5662607313793,536.8652261448866,645.27468848131,534.257236389409,647.9517691198581,531.6170682873311,650.6031773244652,528.9511105837813,653.2322096095663,526.263081631208,655.840628124207,523.5550425036347,658.430224654221,520.8289969501624,661.0028307339385,518.0869096419958,663.560311889343,515.3307086155384,666.1045623949091,512.5622882633129,668.6375005055916,509.78351278712626,671.1610610759824,506.99621729023204
637,538.4987631380353,628.7307145399885,538.8585507317983,624.9887339623292,539.5131398412389,621.2874549062675,540.5409804245619,617.6728167008237,542.0202007089557,614.2192450056402,543.9678772860249,611.0066866053173,546.3216285765491,608.0773481097076,548.9667403928603,605.4068985320276,551.8118813708287,602.9497763542473,554.7935053093156,600.6596805771296,557.8674175085254,598.4947152165701,561.0016919044012,596.4179219048467,564.1758741997577,594.402566865182,567.3771648956907,592.4305188123918,570.5964168021754,590.4879062354229,573.825512887626,588.5616895012625,577.057491526374,586.640310150146,580.2862888311062,584.7135924337592,583.5061469398208,582.7719810217984,586.7111220928283,580.805913302423,589.8950483402418,578.8059562172593,593.0516267199258,576.7631302421911,596.174668046206,574.6694148216596,599.2589636424839,572.5190433400273,602.3023563012978,570.3111606384568,605.3064562799462,568.0500883051441,608.2752555493321,565.7428436125422,611.2134271814181,563.3967058336818,614.125503825892,561.0182447525989,617.0158105240151,558.6133675827591,619.8884650011736,556.1874260227507,622.7473965280822,553.7453228274967,625.5963926616521,551.2916331319112,628.4391040374613,548.8306632271267,631.2792076073374,546.3666834574177,634.1200530718594,543.9035591976457,636.9631749676367,541.4430629464082,639.8062879419724,538.9825564301095,642.6435432495336,536.5153011826654,645.4662981830904,534.0314802455475,648.2639368753285,531.5194232076213,651.0259385248136,528.968258595248,653.7474624938433,526.3739531035142,656.430732991611,523.7400935001053,659.0785790451865,521.0706164204007,661.6939770975343,518.3693342302818,664.2800261179849,515.6399359638251,666.839925587224,512.885992016512,669.3769563097638,510.11096193542625,671.8944624763535,507.3182033761431
638,537.2869223972463,625.5735924462243,538.1402843881049,621.9130283995195,539.3393508623366,618.3510234554019,540.9034901045404,614.933803603055,542.8320180441406,611.7083265294476,545.1125852246863,608.7215116793828,547.7125334580194,606.0077550699781,550.5676926447003,603.5631259501959,553.6026817420708,601.3447201541811,556.7529955010183,599.29270725132,559.9701857891545,597.3468462716243,563.219570432017,595.4550860265667,566.4804561741939,593.5831878281629,569.7415328151241,591.7116216268431,572.9962500156862,589.8290244353148,576.2390634002031,587.9260052769603,579.466043191113,585.9962666111759,582.674493129843,584.0358794618201,585.8622337457002,582.0420001579512,589.0268735831846,580.0116622004165,592.1658425491482,577.9418648702838,595.2765006237031,575.8297658546435,598.356201104241,573.6727842366563,601.4025245846367,571.4689199279967,604.4142545169578,569.2180109207985,607.392408902799,566.9228527718867,610.3400403320805,564.5886120464568,613.2611988099657,562.2213152816701,616.1599106925888,559.8265774533114,619.0400683459969,557.409550048812,621.9054263291229,554.9749915064194,624.7596067086325,552.5273350884212,627.6061552743956,550.0708051514414,630.4485827212006,547.6095067471921,633.2904732898435,545.1475883169778,636.1354489587685,542.6892364549125,638.9863532659062,540.2377632234517,641.8422189287412,537.7920702452211,644.6964093504521,535.3444243010357,647.5366037137268,532.8805663137857,650.3478093778353,530.3837219590289,653.1063558219281,527.8289216225292,655.7938284054519,525.1994694001654,658.4116913160331,522.500683315304,660.9638679703099,519.7396756967739,663.4547456065778,516.9232233673644,665.8890777922081,514.0577395046147,668.2718991881577,511.1492659910786,670.6084537129573,508.2034820162826,672.9041239229175,505.22571577119015
639,537.7007591524144,623.3969326083698,538.9193502446367,619.8411500855474,540.4401310817922,616.4036949508801,542.2473173824742,613.1077661469535,544.3268362205542,609.9765348485803,546.6663119095119,607.0345001740538,549.254290360886,604.3086053179765,552.0787218920301,601.8286323746797,555.1103457193663,599.6063798265681,558.2990893341008,597.6152105745534,561.5844311541474,595.7870679300305,564.9225573514592,594.056802166883,568.2817481378876,592.3676622342399,571.6390437231092,590.6747637687403,574.9793259609818,588.9485797797631,578.2944115203842,587.1745180276056,581.5782305187641,585.343258224914,584.8248580856919,583.4468745708903,588.0280427418433,581.4780325561203,591.1812518507197,579.4301361815917,594.2796277386934,577.3001986157583,597.3229180556425,575.0922342495385,600.3173404725889,572.8183877259503,603.2730770054468,570.4944319457765,606.2014032053254,568.1360021618652,609.1127719680163,565.7566567142172,612.0153618851266,563.3666045590232,614.9140117794992,560.9717741729512,617.811696310218,558.5757756170466,620.7106553097311,556.1813194532548,623.613146195018,553.7911465114852,626.5216537140736,551.4082997277036,629.4372537767093,549.0341365280506,632.3571676055103,546.6652786569917,635.2732564693544,544.2917178065103,638.1730591182699,541.8983061114121,641.0421971578735,539.4682559589293,643.865603574848,536.9852688041408,646.6298208793977,534.4365893844251,649.3283802822962,531.8184964732721,651.9634299542232,529.1364597311662,654.5497666497664,526.4073491496758,657.1091864871308,523.6529564217357,659.6474663423415,520.8790675882458,662.1667652060802,518.0879262032247,664.6692871188286,515.2817308078509,667.1572737356225,512.4626385697968,669.632997753559,509.63276977849233,672.0987569539686,506.79421290911364,674.5568630248866,503.94902517956496
640,538.2506072036261,621.3012409047858,539.4598386779878,617.7428150210292,541.0491198836634,614.3374130060448,543.0002263355308,611.125222386861,545.2542859673902,608.1174381698551,547.7636926946723,605.3188727750445,550.4979118670537,602.7394471024203,553.4413602922393,600.4018243973944,556.5808515028319,598.334913333454,559.8794070257778,596.5319927346919,563.2767547604784,594.9215675159503,566.7125615718321,593.3943090624829,570.1403954580846,591.8493069557555,573.5301388289224,590.2226651889898,576.866705391381,588.4896146984553,580.1467761708954,586.6518247880509,583.3737145824982,584.7222033752059,586.5518358575022,582.7131475711548,589.6856266609445,580.635585670593,592.7795538997817,578.4990845405651,595.8380100295851,576.3120862251238,598.8654057817474,574.0822736013422,601.8658917030889,571.8163680412105,604.8428978367053,569.5196941001391,607.798904337853,567.1960495282597,610.735784632664,564.8482742682612,613.6553164192679,562.478957313374,616.559313514173,560.0906227350818,619.4496303777144,557.6857484108335,622.3281564229736,555.2667715254668,625.1967884531607,552.8360680776377,628.0574263459101,550.3959603183927,630.9119227566924,547.9486700727383,633.7619478527656,545.4961735828415,636.608953411784,543.0401721629805,639.4537715783779,540.581637337009,642.2956801912255,538.1197404287068,645.1308197167931,535.6500541059572,647.9520236409807,533.1644695968788,650.7506333188032,530.6534868747782,653.5157596403347,528.1057130278231,656.2314962674029,525.505396234191,658.8938305509886,522.8504171117244,661.5056317334173,520.1456993854168,664.0700863090246,517.3960382030674,666.5906045928917,514.6060369997556,669.0707793495045,511.78010314619684,671.5143495570277,508.92245061585896,673.9251694052267,506.03710835394037,676.3071648896414,503.1279188550823
641,537.899210233342,619.465800984453,539.1487881606208,615.9213071320681,540.8085475184099,612.5505946612137,542.9232932877565,609.4453301713735,545.4295042039864,606.645564219105,548.2248666833157,604.1330041252656,551.225678418301,601.8690734580058,554.3818930951762,599.8268716762046,557.6559980059673,597.9791071215122,561.0110665806428,596.2822564533606,564.4112914380337,594.6774196219143,567.8240133179489,593.0992222193736,571.222192575349,591.4900392922445,574.5878520566722,589.8140059899977,577.9123929857594,588.0578335074179,581.1945995018852,586.2237419738808,584.4351943384306,584.3170723620161,587.6350807503286,582.3428312615663,590.7950823098957,580.3053479588465,593.9159695617551,578.208433497891,596.9984470982529,576.0554463128426,600.0432293248962,573.8494650618665,603.0511155232902,571.5934283109182,606.0230189607418,569.2901917603394,608.9599680102932,566.9425405952704,611.8632581414137,564.5533837805718,614.734434444293,562.1257226493144,617.5760465308182,559.6635118442496,620.3936069833824,557.1738001351877,623.1978236176113,554.6690557023284,626.0026187315169,552.1649597871199,628.8226839538412,549.6780896139526,631.6719175656696,547.2247252733193,634.564874781939,544.8231288994917,637.5129488823118,542.4895695115966,640.5144579577914,540.2250799812392,643.5390709136144,537.9914578169682,646.5143186052462,535.692906975684,649.3533283732886,533.228919307306,652.0122077461316,530.5711375785748,654.5615072949481,527.8074940610024,657.0750563370851,525.0111666623415,659.5871845206003,522.2135611279584,662.0997893361733,519.4163836762265,664.613440469496,516.6201464798307,667.128706843082,513.8253621813664,669.6461563695669,511.03254430030375,672.1663557002172,508.24220763553626,674.6898699676285,505.45486866287195,677.2172692522511,502.67105204462734
642,537.9950334513911,617.111964033148,539.5907646767718,613.7095802798204,541.5575004014817,610.5072490085486,543.8598588384987,607.5368028147415,546.4563839235957,604.819535843697,549.3107725220158,602.3744429282006,552.3926572517485,600.2231556327035,555.6690441063347,598.3814077568541,559.0918375985187,596.8270985360332,562.594195824106,595.4598436939671,566.117155793175,594.146032279735,569.6165575811714,592.7710745515408,573.0623122416512,591.2670323568123,576.4398900892038,589.615606442169,579.748868292948,587.8305414353746,582.9949661468543,585.9334154324597,586.1849608970166,583.9433144586583,589.3257396938889,581.876355049593,592.4239255946732,579.7460428689535,595.4849892678856,577.562702043712,598.5126594400803,575.3332728746411,601.5089196780992,573.0617980644074,604.4752258705025,570.751337810091,607.4134246437399,568.4052305807119,610.3260303203378,566.0274179061084,613.21603997358,563.6221861551343,616.086534741302,561.1936926286259,618.940544786075,558.7458430063637,621.7812098438105,556.2825158275466,624.6123284031727,553.8082193770941,627.4395684663747,551.3294902409356,630.2704947971198,548.8549744303617,633.1141056214914,546.3950551353453,635.9793914832395,543.960430018868,638.8712695128438,541.5574572889522,641.7859992341176,539.182237920034,644.7139116607814,536.8232763965734,647.6428622159129,534.4656045583515,650.5518229715246,532.0833463818009,653.4310561875401,529.6652414832272,656.2819358750647,527.2137677458002,659.1062114981848,524.7316865066946,661.9057172075761,522.2216969186683,664.6823605995717,519.6864356793724,667.43811244106,517.1284782446961,670.1749973637358,514.5503413231785,672.8950855009602,511.9544864614705,675.6004850156779,509.34332454653634,678.2933354479069,506.71922106832034,680.9757947710207,504.08449485469816
643,537.669168724136,616.2877588173882,539.4749518666127,612.9918615609045,541.6293055601587,609.9125404710917,544.0983985692311,607.079057130807,546.8358688829783,604.5035632229799,549.7970447653288,602.1884513556497,552.9464302617163,600.1364773070528,556.2520002906936,598.3466567623594,559.6732243634332,596.7881961957987,563.1592801026666,595.3797126301716,566.6639156776151,594.0177639546846,570.1533672723704,592.6175448774667,573.6050304057275,591.1267952439912,577.0057331044483,589.5232893482679,580.3487653720586,587.8027913115503,583.6310817407552,585.9690846705377,586.8524282018043,584.0302210532865,590.0147360764016,581.9964436564196,593.1203840765335,579.8771175334749,596.1723063092609,577.6810979210279,599.1742989223181,575.4172716300666,602.1312746126774,573.0949244571324,605.0493139912351,570.7238133137032,607.9352454395258,568.3137051552941,610.7963018262442,565.8741041416503,613.639898387674,563.4141636845053,616.4735922625164,560.9428165681398,619.3051272471467,558.4689949080156,622.1422023687143,556.001532080387,624.9913553512239,553.548029690841,627.855402506843,551.1119315979984,630.7329737798874,548.691819954539,633.6203998086892,546.2834712502528,636.513610024959,543.8820724278145,639.4087608199454,541.4830129217038,642.3009565913453,539.0803932514668,645.1827075102301,536.6652641428036,648.0432437126437,534.2250654888079,650.8694217844314,531.7451910187804,653.6466479224594,529.2106642602346,656.3633843970225,526.6114290543843,659.0149601298275,523.9457499370945,661.6036832673382,521.218972131608,664.1336042978953,518.4375332866209,666.609157203868,515.6075811210226,669.035080708506,512.734957536131,671.4163497362545,509.8251982530947,673.7581176725798,506.88354482100203,676.0656691856474,503.91496612563304,678.344344747266,500.9241581187164
644,538.8639177902967,614.7791300135185,540.6766034261492,611.486331224652,542.8167019853272,608.3975200958052,545.3497757683483,605.623321375145,548.2733682978862,603.2644817799948,551.4616100071304,601.2738621843379,554.7848396008034,599.5159462169945,558.1740564931055,597.8881696240923,561.5972256777134,596.3328435724661,565.0360532911768,594.8123791970635,568.476890606375,593.2964594506883,571.9064384868093,591.7552230360257,575.3089639572025,590.1553294859672,578.670608438829,588.4713376035131,581.9827967314401,586.6920583072525,585.2432997120048,584.8197288168483,588.4526373319812,582.8609628703106,591.6124171344427,580.8231904073996,594.7249179827129,578.7138844127959,597.7929817196944,576.5404270367691,600.8198490860758,574.3099349555307,603.8091441947508,572.0293176864876,606.7646312047113,569.7050411249877,609.6899500094748,567.3428968118172,612.5884649038256,564.9479296064168,615.4634671947778,562.5247804419971,618.3182574898815,560.0778455773809,621.1561638590523,557.6113444367436,623.9805284593798,555.1293446923673,626.794706984737,552.6357989440774,629.6020627552579,550.1345725737737,632.4059670500426,547.6294768028362,635.2098038140354,545.124305429927,638.0169224373207,542.6228128446218,640.8307823021837,540.1289075294724,643.6543927584322,537.6460487635371,646.4885015592154,535.1751795041547,649.3289243417198,532.7115680664242,652.1665941363063,530.2447888540734,654.9892865995752,527.7608993480799,657.7835716075268,525.2451289246377,660.5290391746448,522.6762439772499,663.2141093819241,520.0442891879508,665.841159281766,517.3544038316807,668.4136350082459,514.6122653881341,670.9352923928221,511.82331002014297,673.4101371970444,508.9927204203482,675.8423726838178,506.1254248558624,678.2363549278311,503.22610525178385,680.5965203126634,500.29918390237407
645,539.2519386210175,612.0826786280786,541.4549955205053,609.0378455967933,543.9668223013603,606.2423721732581,546.7733359396756,603.7432138416398,549.8415251008561,601.5730349532906,553.1114189129808,599.7193201493418,556.5112648917534,598.1150183411747,559.9911558152656,596.6917481849453,563.5122937047817,595.373192652882,567.041410100918,594.0760134207245,570.5494454867949,592.7230930908869,574.0154994884138,591.2662240208177,577.4277166660172,589.687411973996,580.7814540416348,587.9878803136777,584.0756974239147,586.1756674399236,587.3124003889511,584.2625188848514,590.4941338102939,582.2592418743988,593.6219749317264,580.1728086512164,596.6943084744457,578.0054715195383,599.7080975659434,575.7574422508387,602.6619054313277,573.4311501348848,605.5594002663672,571.0350350365038,608.4114002156705,568.5848936797308,611.232719340799,566.0994474609817,614.0379392216572,563.5958281351016,616.8397027445586,561.0883383923871,619.6482566962492,558.5884610327838,622.4711004450185,556.104737277601,625.3114999786336,553.6411111893643,628.1688115324346,551.1971167380757,631.0398486639895,548.7692570630202,633.9208513546581,546.3532282139538,636.807832549481,543.9443444139063,639.6966313406767,541.5376399860335,642.5829480056802,539.1279602412313,645.4624853307205,536.7101856541885,648.3313478762508,534.279757361278,651.186039939796,531.832704150013,654.0231607619781,529.3653051225322,656.8388433411873,526.8734757339096,659.6291450427067,524.3532647604442,662.3887338060014,521.7994745154822,665.111993393381,519.2069837109872,667.7995838811148,516.5775272936883,670.4537217775767,513.9143026058044,673.0767397212686,511.22041726665356,675.6710695037829,508.4988883727135,678.239226656616,505.75264401232755,680.7837967203551,502.9845268434898,683.3073992704983,500.1972778896107
646,540.1105660951048,610.0937559498833,542.5548941792957,607.2383238660592,545.252397181255,604.6210747755079,548.2056124929647,602.2969748441421,551.4083436091304,600.3311727821746,554.8037144906813,598.719399116403,558.3158521242594,597.3784197325924,561.8804372672777,596.1824156448386,565.4546149943312,595.0151277353532,569.0029924513708,593.7721292728403,572.4964465977796,592.3827303948989,575.9164007849852,590.8211581410376,579.2599550063677,589.1019115682911,582.5317512537079,587.2495735864088,585.7389365343013,585.2873733833837,588.8897176351372,583.2357346004654,591.9933704150017,581.1134128852754,595.0577594159095,578.9347474956154,598.0862135284948,576.706396115514,601.0788557770748,574.430173442193,604.0363121262062,572.1084093116853,606.9619888718959,569.7467113145397,609.8603223811795,567.3515243921189,612.7358560162867,564.9290035715917,615.5930302070797,562.4848494473122,618.4361830594765,560.0243943225466,621.2695210247166,557.5526400444551,624.097110398025,555.0743098957608,626.9228758152685,552.5938997512712,629.7505807270051,550.1157014316167,632.5838382630413,547.6438547095055,635.426238544769,545.1825294183628,638.2808972986999,542.7354340961954,641.1483936937922,540.3033938985469,644.026053608456,537.8833844973507,646.9092197233082,535.4699355099059,649.792817361254,533.0570019431021,652.6716364156242,530.6383713453714,655.5394436560156,528.2067001466605,658.3884724433724,525.7530671749876,661.2097181899362,523.2675565277759,663.994387128434,520.7411582945864,666.7306996927134,518.1625054427633,669.4111106569002,515.5257891777005,672.0380017688474,512.8357340718661,674.6148903593917,510.0977292594541,677.1455668954887,507.3169439891401,679.6340428183526,504.4983208177271,682.0845049973539,501.64657821774944,684.5012499564587,498.76619816039056
647,540.7882913510477,610.0140053073667,543.2933952372746,607.2123445872014,546.0690816306121,604.6782470229031,549.0746316792272,602.4212446273812,552.2683655936161,600.4390368962883,555.6098195650895,598.71693906578,559.0598641805362,597.2234169277729,562.5771311410501,595.8949873413801,566.1226057124221,594.6432245012282,569.6633236986479,593.3781407688477,573.1729042050071,592.0293987341648,576.6310113363718,590.5539423790091,580.0249555599547,588.9363950256081,583.3495148669881,587.1805884232994,586.604718576592,585.2992392765213,589.7918373382169,583.304661747156,592.9129055682237,581.2081871928885,595.9701701076177,579.0196804867434,598.966029155158,576.747807366678,601.9042324519168,574.4018094568239,604.7912911385073,571.9931101515522,607.6361671118511,569.5346958869974,610.4494640930849,567.04017816062,613.2427276516354,564.5232302033759,616.0283182678086,561.9977859098407,618.8186781620791,559.4776163692713,621.6245480374502,556.9747359478389,624.4520855283928,554.4963668997809,627.302960889475,552.0448795642917,630.176465326474,549.6199544646596,633.0706304371201,547.219721041827,635.9815713696405,544.8398542909081,638.9035541441106,542.4735515541772,641.8299582870912,540.1127162856925,644.7541226189481,537.7491085532525,647.6699602384905,535.375240229778,650.5727571792656,532.98544771901,653.4584561100942,530.575042491843,656.3216981932436,528.1380177041495,659.1529222099424,525.6638953209196,661.9388199023318,523.1388918822064,664.6603363175531,520.5447199936825,667.299959546673,517.8672857154365,669.8587110067712,515.1124298863241,672.3415108770761,512.2889025469514,674.7539249860081,509.40498034125216,677.1020120252455,506.46842325380385,679.3921923790591,503.486466037355,681.6311405170414,500.4658362291615,683.8256977878829,497.41278954435074
648,540.3144329813481,609.212870930204,543.0366729849068,606.6220541718031,546.0249301153,604.3428485057048,549.2257348880632,602.3724576828204,552.5747987856221,600.6649442009402,556.0186967350885,599.1568970062972,559.5188966844038,597.7839578707584,563.0468825259768,596.4837574448812,566.5807656431244,595.1996074823008,570.1023616444888,593.8822406933373,573.5942794974351,592.4883284455403,577.0377148475146,590.9788785583305,580.4146189138255,589.3261446277113,583.7133374348464,587.5223997390259,586.9316971213027,585.5787777462142,590.0756364834801,583.5168209033643,593.1531926330334,581.356942834403,596.1731212771377,579.1171300558645,599.143994449697,576.8126019767584,602.0732656439702,574.4553900159308,604.9672325341921,572.0549464081278,607.8317678558004,569.6194415054717,610.6727240533181,567.1564613922291,613.4960861603574,564.6733240193483,616.3080487090926,562.1772794234074,619.1151171237618,559.6757296874662,621.9240941954542,557.1763243604942,624.7415778785947,554.6865157229715,627.5721488134076,552.2115991692752,630.4176842068563,549.7539032737379,633.2780789015773,547.3135168150812,636.1524533574176,544.8896107847895,639.0396287815292,542.4809651033053,641.9372967196688,540.0849498390322,644.841229050542,537.6965278742355,647.7449921624526,535.3079003660932,650.6410036547951,532.9098857329186,653.5211561204349,530.4928572485067,656.377403012196,528.0476396846484,659.2030194770383,525.5671001683199,661.9962162195275,523.0501044801032,664.7684693053686,520.5100309334435,667.5329735820607,517.9615227602492,670.2917159561273,515.4067781042622,673.0456282046695,512.8468271881346,675.7956479324405,510.28269494365605,678.5427174125639,507.71540202520555,681.2877824515821,505.14596584978847,684.0317912798071,502.57540166433193,686.7756942741245,500.00472450185686
649,541.2413768779704,607.5994525637196,544.1620184310531,605.234443101752,547.3022400446725,603.1687228960832,550.5982005158188,601.3609558648591,554.0046159512639,599.7704122423745,557.48698299743,598.353239178008,561.0163675426643,597.0570734818558,564.5671107313854,595.8203309434302,568.1162996046833,594.5791548487738,571.6426590008386,593.2747675142732,575.1265597462719,591.8611444096448,578.5526521245619,590.3128319152903,581.9102865597079,588.6212209440731,585.193893972151,586.7900032222975,588.4029054375525,584.8309226699835,591.5407299019024,582.7596518618698,594.6129123003207,580.5921381346155,597.6260662390847,578.3432321200754,600.5870731217905,576.0260560771425,603.5022937935332,573.6515042435805,606.3775487080649,571.2286917774213,609.2182934460984,568.7654907244915,612.0299532300992,566.2691282185269,614.8185386181955,563.7470050348179,617.5915234097471,561.207730281684,620.3577788462685,558.6611218152884,623.1271005121935,556.1178502590295,625.9095403292584,553.5889466736397,628.7150665004887,551.0856964540536,631.5536737110564,548.6200493654144,634.4343271564103,546.203685619722,637.3615968338906,543.8440180977294,640.3306471545254,541.5371098521653,643.3292565404282,539.2687139704901,646.3414786718189,537.0184040993508,649.3512813165761,534.76486303269,652.3427846582327,532.4871149765318,655.2992089554417,530.1640734259199,658.2026833388941,527.7752567212393,661.0356558208,525.3033215782218,663.7818145869045,522.7353554109653,666.4364841255009,520.0728643468008,669.00775711509,517.3296990240224,671.5026710201389,514.5168693430101,673.928623469159,511.64431935775815,676.2936457394904,508.72137288471697,678.6062286511601,505.7567415112095,680.8751845020915,502.7585710969516,683.1095429447622,499.7345154896512,685.3184492043081,496.69180898840585
650,543.7419590860285,605.9240799627175,546.8239150903598,603.7719695988513,550.0565431092274,601.8531191566777,553.4095625047095,600.1531616389645,556.8585222720892,598.656980037586,560.3762768245786,597.3300296513144,563.9358458749617,596.1191727419806,567.5123300403956,594.9589497896937,571.0815361750125,593.7766567514633,574.6177963851588,592.4996442998663,578.0951898904846,591.0705848129923,581.4920204349615,589.4595769255312,584.7945121012933,587.6630528639869,587.9987009714526,585.6964017309521,591.1094673684654,583.5848994247975,594.1365461508251,581.3549306617009,597.0921782370197,579.0309863956621,599.9899451037031,576.6351968361342,602.8441463977681,574.1876134541262,605.6695731118886,571.7068348654135,608.4810680705948,569.2102628190402,611.2921887037901,566.7132684498837,614.1120379082786,564.2261398086015,616.9443905296725,561.7532606685943,619.7894988373306,559.2950673638837,622.6463200223914,556.8504950847718,625.5135192080105,554.4181021969681,628.3896787173454,551.9963099358497,631.2733667481493,549.5834861132917,634.1631706457936,547.1779898498745,637.0577043349691,544.778186491767,639.9556101029893,542.3824558267852,642.8555665457883,539.9892076225725,645.7562825999038,537.5968800721927,648.6564753264543,535.2039181777056,651.5550010945186,532.8089375709645,654.4504092913438,530.4101894156139,657.3401607905948,528.004631458799,660.2199471515625,525.5871561327972,663.0867719631647,523.1543259788848,665.9403127348018,520.7059264621082,668.7840620887241,518.2461567253922,671.6260763200122,515.7843810540229,674.4697235973096,513.324491966482,677.3151860626108,510.86670283505623,680.1626119859885,508.4111887232003,683.012149228147,505.95812506194073,685.8639452077987,503.50768767640864,688.718146868557,501.06005281181547,691.5749029019206,498.6153997982026
651,544.1643426634878,605.2470957639381,547.1922421764672,603.0208652641201,550.440548269816,601.13059649369,553.8604466232755,599.57111481187,557.3901745673485,598.2772856640061,560.9774615308646,597.1514685413787,564.5864281132341,596.0966323164137,568.1898050493841,595.0229762176383,571.7646337013583,593.8582259035056,575.2918985488567,592.5567930989407,578.7578483142446,591.1000454229019,582.1512153928766,589.4814948044922,585.4585510173426,587.6938324482144,588.6678873760866,585.735666661349,591.775897262402,583.6202088638498,594.792751530975,581.3764744099726,597.7335709612156,579.0338286863406,600.6144638729108,576.617778050762,603.4508602077834,574.1495859491329,606.2562201678855,571.6461440042633,609.0403844237843,569.1191378629977,611.8106901871971,566.5769399476724,614.5736480554517,564.0267545400608,617.3361050947284,561.4760263826323,620.1050304049085,558.9323245109889,622.8879937229553,556.4039970530533,625.6935103629869,553.900734337037,628.530169434976,551.4328346176939,631.401110089027,549.0049027519423,634.3041947994465,546.6154875601032,637.2343254871196,544.2593056176728,640.1864730008224,541.9307594550468,643.1559879103529,539.6243952246683,646.1382170670356,537.3344890133906,649.1273635551374,535.0536150885554,652.1147133610998,532.7703903525526,655.0896079634491,530.470974445745,658.0400923655434,528.1403470549346,660.9544949254134,525.7647837436613,663.8251142256983,523.3365067471234,666.6534666055961,520.8591044601831,669.4514763586276,518.3474428950284,672.235279437388,515.8200313766976,675.012738310811,513.285646999924,677.7875297137717,510.7483419303627,680.5620876281629,508.2107815014272,683.3388423909876,505.6756255679535,686.1202203960971,503.14554356593953,688.9086378842067,500.62322316173413,691.7065045084627,498.1113899571197
652,546.7787266872475,604.1979159631127,550.0313112452085,602.3129886156133,553.395459423522,600.634928048549,556.8449780753423,599.1397726844993,560.3542676163586,597.7903741029951,563.8978470599401,596.5333682865332,567.4515434611086,595.3051102447018,570.9920582832893,594.0395311769358,574.4970492868583,592.6789580138192,577.9489976689813,591.1891561526977,581.3349693244984,589.5550288182191,584.6444395929911,587.771114823352,587.8677434574589,585.8358597691151,591.0001068320217,583.7565678390939,594.0460127096275,581.5524220396461,597.0173735873756,579.2486412489523,599.9289787187085,576.8696975915283,602.7952480449817,574.4362641712949,605.6303847162728,571.9665934568537,608.4475956466018,569.4764769918105,611.2577187154486,566.9783594646431,614.067788713339,564.4801821368586,616.882392070153,561.98711472551,619.705059194298,559.5031829511861,622.5391279376915,557.0322708015301,625.3876539945886,554.5780425122986,628.2525127968173,552.1429012617373,631.1339983873276,549.7274565050669,634.0310114515594,547.3306553292418,636.9419607789506,544.9507974395934,639.8651356957522,542.5859705321363,642.7988153810434,540.2341863863072,645.7412948025716,537.8934202357495,648.6908927629039,535.561629484578,651.6460178111579,533.2368465102018,654.6047426091511,530.9166458637651,657.5641945515003,528.5973725938926,660.5198971301164,526.2733248336572,663.4659340158921,523.9370423859531,666.3957922806936,521.5805118655742,669.3015776377696,519.194382096592,672.1721266948111,516.7660009272358,675.0046953330555,514.2934152451895,677.8014318743391,511.78036371942795,680.5646793967952,509.2305281094525,683.2969163991032,506.64748500831377,686.0007359248922,504.03470492917086,688.6788268481789,501.3955545519015,691.3339573300252,498.73330162464646,693.9689370939637,496.05109931163366
653,548.101768082788,603.494572606387,551.4518620622382,601.7881233714527,554.8713000749857,600.2251349102113,558.3478876782009,598.7936211099234,561.8685560078758,597.4739995673715,565.4176697231833,596.232684773579,568.9788431628813,595.0262796983192,572.53510042919,593.8055149656093,576.0677267381844,592.5182207648776,579.5550469587154,591.1131968305048,582.9736905325757,589.5488455899937,586.3037281778255,587.8039447724202,589.5327805671205,585.8785281395897,592.6575210987393,583.7879477826721,595.6816499182987,581.5541556461872,598.6132425816999,579.2001076238765,601.4636373621001,576.7482588704833,604.2472613416865,574.2207714878331,606.980760835285,571.6390924877112,609.6820369026802,569.0236764062587,612.3698158782489,566.3943750917821,615.0631007229551,563.7707201596243,617.7790231939534,561.170528995991,620.5295258299421,558.6069661321166,623.3201760327069,556.0871736141248,626.1509667439511,553.6125590799368,629.0193982392743,551.1816678247216,631.9211402652695,548.7906248208071,634.8502684411322,546.4331953870922,637.8002698968168,544.101929024451,640.7673540341333,541.7924398497141,643.7510269047553,539.5044243178612,646.7527127696692,537.2400952228538,649.7743626842725,535.0024826206572,652.8189546610097,532.7961946772992,655.8869808220586,530.6226084956021,658.9689704151966,528.4688396811566,662.0359125349929,526.2937893397983,665.0307601492608,524.0209251728775,667.9007715615985,521.5927085778974,670.6426629009895,519.0202116028884,673.3235840682307,516.3839454829752,676.0011917468353,513.7442949240244,678.6964818077521,511.1227030944491,681.4089679285478,508.51890671787805,684.1378067050807,505.9322525917379,686.8821686170825,503.3620731703325,689.6412378993834,500.807687726164,692.4142123253254,498.2684034396327,695.2003234575925,495.74353917429073
654,547.71644900946,604.2551752075353,551.0349235209605,602.4896207345868,554.4786280450286,600.981994267878,558.003562363655,599.6744359813033,561.5713768185932,598.4880490007804,565.1504438866812,597.3358148538806,568.713650387912,596.1356835661967,572.2372445351459,594.8242161554047,575.700567714468,593.3612951919883,579.0887571675332,591.7319524972478,582.3952702473499,589.9425599041926,585.6215010198752,588.0120426959011,588.771720611079,585.9597227999275,591.8517471554886,583.803406104759,594.8684067105406,581.5592304924138,597.8290615285163,579.2416202922182,600.7413452174725,576.8634736002065,603.6130409030445,574.4364418688052,606.4519917539001,571.9711663320813,609.2660450055126,569.4774930152405,612.0630556407875,566.9647088147093,614.8508837210672,564.4417355522664,617.6369818913963,561.9168511785875,620.4277904822465,559.397176266269,623.2286112729885,556.8886390692189,626.0442356518175,554.3967343593656,628.8794416342339,551.9271395111374,631.7390682323153,549.4858728498369,634.6269081752563,547.0780541527457,637.5437940744056,544.7055039453377,640.4875256120082,542.3663379510516,643.4540355549619,540.0561191734461,646.4390124055318,537.7698036638383,649.4382184471062,535.5021805805666,652.4475368814657,533.2479906498595,655.4630432650303,531.002082926125,658.481046783906,528.7595309687576,661.4948319163979,526.5113171015325,664.4925266588738,524.2417188025722,667.4560631252505,521.9277625047234,670.3629508024196,519.5431259445071,673.2024795929196,517.0786620168341,675.9754258753255,514.5394900859183,678.6856121443166,511.93341110117245,681.3376670135204,509.2681751548525,683.9366859032864,506.55117570061105,686.4881285527155,503.7894335252463,688.9977315098544,500.98960259090245,691.471435983121,498.15799277721504,693.9153170598223,495.3005938836758
655,550.6176814571801,602.3096105575628,554.1197946623652,600.9420440124353,557.667376258293,599.6965175627747,561.2339329998756,598.5061381509357,564.7996295073508,597.313190260583,568.3489267474396,596.0724407096972,571.8676197950579,594.7475955952101,575.3389513706823,593.3034902755682,578.7438814189223,591.7093788324996,582.0653977324998,589.9481267248714,585.2976411839808,588.0278444279205,588.4453473932988,585.9717341511,591.5187106752877,583.8059457035497,594.5284853464366,581.5525341176574,597.485339707586,579.2300563022048,600.3986664242241,576.853168560177,603.2764579445825,574.4333550375726,606.125768143132,571.9800521696237,608.9535105221962,569.5019085994202,611.7665978474072,567.0071338910119,614.5718205921219,564.5035152898356,617.3755759147427,561.9982527618635,620.1834546492752,559.4976141479948,623.0000824892381,557.006837069146,625.8290565921603,554.5300944143492,628.6730262411746,552.0705880034778,631.5339971867284,549.6308816383017,634.4138126347708,547.2134511588,637.3142735034617,544.8208339136935,640.237157116892,542.4556651733548,643.1842278023541,540.1207079509259,646.1572087642489,537.8188365728473,649.157816170591,535.5531013500445,652.187684934778,533.3266536646285,655.2482601776403,531.1426158748385,658.3413170641782,529.0048345401732,661.4631896510357,526.9093289663243,664.5992091687805,524.83501896682,667.7191827577315,522.7367360079884,670.776137697693,520.5480085895414,673.7405115858696,518.235437191777,676.6133651119158,515.8100491414745,679.3988279895032,513.2847240602075,682.1022207128335,510.67168227347474,684.7297624798339,507.98233961466633,687.2883165230666,505.2272477764189,689.7851813887197,502.4160990983695,692.2279291000551,499.5577763629682,694.6242864658072,496.66043170398757,696.9820050765225,493.7315439839909
656,552.2423938340072,602.2837484024326,555.7294849745118,600.8780173808162,559.2548063048979,599.5707280839786,562.7972083450978,598.3102818332175,566.3394675750445,597.0494333775871,569.8669369659428,595.7478860966294,573.3662557480615,594.3726039752216,576.8232545114009,592.894356277981,580.222454109298,591.2878433559694,583.5483628812899,589.5347601591969,586.7892396768056,587.6290977941101,589.9407704987613,585.5789625049186,593.0063608214315,583.4022950069352,595.9944482143765,581.1202923127939,598.9149638037169,578.7523464177224,601.7786203241387,576.3158859242901,604.5965817967314,573.8266739987262,607.3801559946747,571.2990371028694,610.140562848257,568.746100813799,612.8892563412389,566.1805477994923,615.6374857680156,563.6144972787894,618.3951339656414,561.0585767210933,621.1689087790842,558.5201728999164,623.9635399286938,556.0047552853237,626.7826533865867,553.5168130796369,629.6290060808716,551.0600857330298,632.5038579384378,548.6367725679027,635.4076709678991,546.248241114976,638.3407821368851,543.895782871929,641.3037850064402,541.5810905750919,644.2973784240544,539.3061032226635,647.322475641709,537.0731831876781,650.3808251285217,534.8860408432959,653.473463661395,532.7476519744578,656.5943204747412,530.6506319697812,659.730568455405,528.5766697757567,662.8478176608654,526.4744121670813,665.8923816201959,524.2684566490136,668.8488991728582,521.9457838660453,671.7368572948221,519.5381793859596,674.5868704764006,517.0856964538882,677.419569554603,514.613211462247,680.2478576446226,512.135678176146,683.0760593629078,509.6580462858926,685.9042896511987,507.1804470086375,688.7326084784431,504.70294880445925,691.561075807335,502.2256201411071,694.3897515891114,499.7485294980886,697.2186957584087,497.2717453708303,700.0479685406575,494.7953366319138
657,552.7423107148219,601.6224177402868,556.3118695083048,600.4424472537283,559.9242703885903,599.3997177242345,563.5463285392544,598.3907351013634,567.1512810670599,597.3226629431243,570.7148218477273,596.1241918972815,574.2157767806979,594.7539327215205,577.6403172893934,593.2025719842215,580.9824846954932,591.4807717198348,584.2421215098257,589.6072868085006,587.4219141999737,587.6011572627289,590.5267182905965,585.480724710715,593.5628856740456,583.263052330932,596.5377871573223,580.9637867865594,599.4594315519802,578.5971696318431,602.336125033744,576.176076885979,605.1762828603961,573.7122002224621,607.9883258730738,571.2162651812536,610.7804504133671,568.6980559621394,613.5600773259386,566.1660520291301,616.3335330703867,563.6272873824166,619.1063767133621,561.0878539688208,621.8838457839365,558.5534821000595,624.6711424894202,556.0299263733341,627.4735064213804,553.5231190119708,630.2962280722462,551.0392657016249,633.1447037614573,548.5850013528849,636.0244453225309,546.1675137569781,638.9399330104575,543.7932716760546,641.8934012046958,541.4664500917047,644.8845845173926,539.1883149129508,647.911931132267,536.9584571345256,650.9737692700079,534.776197444449,654.0668348357357,532.6384131852868,657.1841697180928,530.5361486711619,660.313121885292,528.4511935978503,663.436174981745,526.3574276036987,666.5321490881055,524.2238989749859,669.5761259600627,522.0169687455689,672.5396084104359,519.7032478876608,675.4057614119417,517.2700139087241,678.2048601647377,514.7595828137579,680.9997567772391,512.2444425409187,683.8010344482935,509.73641139842596,686.6090408665204,507.23591627872986,689.4241204488662,504.7433870673101,692.2466141693857,502.259256815377,695.0768593033149,499.78396181695655,697.9151891620822,497.3179416737147,700.7619331266283,494.8616397040084
658,555.6806766956121,600.7174773093517,559.2195167059301,599.4475397175761,562.795669609347,598.2866877500635,566.399177604919,597.2134999647944,570.0098834012776,596.1646223526877,573.5976925590669,595.040620947109,577.1238511181441,593.737115885745,580.5501906296607,592.1907750505899,583.8555111556567,590.4001068641547,587.0380847727455,588.3989630017004,590.110813973464,586.2325864799848,593.0927489588374,583.9426091544568,596.0033040002912,581.5624282532308,598.8582722939399,579.1157842923083,601.6691585753705,576.6185828018247,604.445313872071,574.0828027997383,607.1954331145264,571.5187932850799,609.9278140326851,568.9358789783627,612.6505620679035,566.3428069799673,615.371818292746,563.7481686422728,618.0992929729795,561.1600710358272,620.8403748792452,558.5863961446846,623.6026724300151,556.0355175244156,626.394859945167,553.5174129106882,629.2273707982357,551.0447895914473,632.1118219671552,548.6330157858429,635.0626102189535,546.3029932279671,638.0944510574894,544.0795326943235,641.1991474953346,541.9588570204711,644.3377801286508,539.8885070012766,647.4665974229414,537.803371950573,650.5733411694492,535.6854925377098,653.6661901679722,533.5473487460324,656.7643233640616,531.4168837098803,659.8851274382682,529.3197938180554,663.0300866905246,527.2590821706389,666.1770173749672,525.2013849477977,669.269628779105,523.0634222211079,672.2486491905154,520.7700791041054,675.115060534164,518.3370248395938,677.9568985361562,515.8750595769059,680.8012713706754,513.4160234856629,683.6192086403156,510.92675473523695,686.409313182737,508.40632437996896,689.1735289315269,505.8575236506425,691.9138809080795,503.28307917380386,694.6324638401138,500.68565396412623,697.3314318052188,498.067849835316,700.0129889092898,495.43221105347743,702.679366589843,492.78121462125466
659,557.1546401350922,599.9094671738152,560.7367430002002,598.7669374970633,564.332518980981,597.6679539227201,567.9225028513305,596.5502788627523,571.4900925531273,595.3632795459495,575.020811140367,594.0709753626858,578.4993763357179,592.6444827751994,581.907917525543,591.0582051698273,585.2285975154823,589.295493430887,588.4510200759677,587.3589370046489,591.5746168284091,585.2665602456179,594.605062718921,583.041269858624,597.5519678647104,580.7063484663958,600.4286882660039,578.2853813957929,603.2505073326445,575.8005668345573,606.0319234463785,573.2705666108841,608.7850902832225,570.7098320992304,611.5197026263556,568.1292806890866,614.2446719914823,565.5385430145911,616.9688086088233,562.9469292365508,619.7010538631887,560.3638704912806,622.4505366303243,557.7991786239357,625.2265557159159,555.263251268311,628.0379430776383,552.7666147331503,630.892644480666,550.3196498657343,633.7977192792425,547.9327413067684,636.7597918079513,545.6169800649362,639.779515223652,543.3769042027153,642.8480614310494,541.2041157190039,645.9473724467788,539.0753745791095,649.0584940807779,536.9639049667595,652.1638327595837,534.843951113454,655.2489013958667,532.6946325352957,658.3048379892722,530.5041057470763,661.3311355524418,528.2728003520681,664.3331544799008,526.0089156641333,667.3197797663848,523.724746172969,670.3017883792712,521.4345478537352,673.2921735553275,519.1553113007943,676.3110907345614,516.9140724655016,679.3577529084532,514.7106175264571,682.39281097897,512.4912259471123,685.406764116168,510.2432553267178,688.4002779765657,507.9681358031205,691.3740573154577,505.667279701344,694.3288417216776,503.3420787722495,697.2654027436629,500.99390350085315,700.1845411611267,498.6241027219447,703.0870844103595,496.2340035182971,705.9738595510605,493.8248820143299
660,556.2521191769339,600.5648694131207,559.8056769876816,599.336461268425,563.3776605520603,598.1624740174999,566.9501589100752,596.9900462626587,570.5077210122056,595.7731858625698,574.035804209859,594.4735391334726,577.5189959372939,593.0582247800602,580.9394968491224,591.4977584967025,584.2772638911173,589.7676382803818,587.5143274003332,587.8557749399281,590.6432252619387,585.771473821974,593.6715378763512,583.5433227985449,596.6147164967535,581.2036978359539,599.4904325075952,578.7815174427398,602.316358227451,576.3013540724039,605.1101153270923,573.7849667070207,607.8894326107536,571.252621225108,610.6701839818909,568.7218514781205,613.4632486877864,566.2046844628143,616.2731759385407,563.7063582631623,619.1010133942717,561.2283227265973,621.9464152619448,558.7704750084947,624.8089097402561,556.3325550623421,627.6884485751,553.9147911560688,630.5855333514646,551.5180810552066,633.501042080642,549.1438190929895,636.4359194964679,546.7935431680221,639.3909453559727,544.4686525171217,642.3668019729166,542.170487250926,645.3643959366702,539.90075115458,648.3850397348647,537.6617856977098,651.429664538756,535.4555429978604,654.4970558083536,533.2810584288624,657.583267384583,531.1333574570215,660.6820123987575,529.0037699675805,663.7860972815746,526.8819686324214,666.8874132344058,524.7561251506282,669.975303695726,522.6108484966337,673.0355180101625,520.4263176180609,676.0529257934669,518.1831020133931,679.0058544167057,515.8558023326759,681.8869110049607,513.4399855890292,684.7190524085945,510.9669262044257,687.5109389359797,508.4484971899758,690.2664585282947,505.89031678633035,692.9897305995379,503.29782435884584,695.6850612662489,500.67628563958783,698.3569044214611,498.0308057108361,701.0098283506896,495.3663481353663,703.6484709431976,492.68774277178807
661,559.619489176279,599.2143824945244,563.1840550220954,598.018509396632,566.7760487696174,596.9073538938197,570.3751304279564,595.8192484656839,573.9589381761136,594.6821237711985,577.5030481607861,593.427279105552,580.982135919637,592.0025580735193,584.3671415299897,590.3673901107834,587.6271538871991,588.4955640802522,590.7508157796716,586.4038555682306,593.7508479415151,584.1379312152902,596.6521952930782,581.746692176445,599.4780590581977,579.2665525985848,602.2503485741775,576.7265796485402,604.9897355708409,574.1511086349497,607.716489952552,571.5622492103709,610.449992781324,568.9805234725063,613.2048539022028,566.4216174359037,615.987692440679,563.8931713572705,618.7993709801435,561.3968338813919,621.6383512651505,558.9315871209606,624.502961689573,556.4961667826401,627.3911482496618,554.0887486576154,630.3007053203664,551.7071991883918,633.2298750582997,549.3498124612131,636.1782031150219,547.0164314619018,639.1464440962413,544.7084370488457,642.1357352298903,542.4277749725452,645.1474110806183,540.1767604304456,648.1837152799023,537.959083863426,651.2451546172313,535.7762357692678,654.3282714825939,533.6240992277325,657.4256879581535,531.4925812048268,660.529100164063,529.3697961883476,663.6305175780838,527.2440996758131,666.7223645387012,525.1045150653763,669.7969200510495,522.9401728502284,672.8452442449119,520.7390655148666,675.8576009370196,518.4890180869537,678.8286310276578,516.1846760148275,681.761866002659,513.8323794953653,684.6729253917639,511.45265291873346,687.5990772925301,509.09156317888073,690.5643033195183,506.77974706603993,693.5664492099186,504.5160721228406,696.6020637285675,502.297471084601,699.667844915895,500.12073722443307,702.7606390252245,497.982550087492,705.877435904833,495.8794979257338,709.0153679556759,493.80810656182524
662,558.2762509369526,599.8178819868142,561.8084100563285,598.5293281216804,565.3676956291752,597.3174808174016,568.9391787552912,596.1419525332409,572.5095194209882,594.9629707247444,576.0635127240756,593.7357717398617,579.5804555060168,592.4065476628822,583.0320363876626,590.9163598830982,586.3912705916797,589.228626386122,589.6382329204991,587.3338809134426,592.7646146731342,585.2459897443148,595.7756311870681,582.9946725866847,598.6875316938359,580.6163119704593,601.5208357881534,578.1446966534968,604.2958406148546,575.6077092187717,607.0319182334721,573.0287342246498,609.7479274159047,570.428607698242,612.461850018155,567.8263008812579,615.189817631831,565.2387343811137,617.9444808327248,562.6796246858239,620.7327270863358,560.1571583265616,623.5562705722597,557.6742649696424,626.4134063331768,555.2300967651548,629.3011211414516,552.822126337626,632.215682604881,550.44671315221,635.1537492574996,548.100429740944,638.1132224530813,545.7812040885126,641.0936559957178,543.4889775295463,644.0954708053827,541.2248252171486,647.1193529654731,538.9902325438791,650.1659828699978,536.7867571927457,653.2359545875767,534.6159229823734,656.3296172756319,532.4789872360577,659.4456285880365,530.3747670295561,662.5801614629568,528.2982259663715,665.7270309408682,526.2404177176643,668.8793714263796,524.1909951077151,672.0286410548282,522.1368609006023,675.1637438085005,520.061192879515,678.2705260295027,517.9434238727239,681.3320932757188,515.7608831129478,684.3330883669948,513.4958463565782,687.2650879301267,511.14217400648744,690.1302278654447,508.707521925445,692.9326013327176,506.2008487792778,695.6769262176354,503.63072755378863,698.3684122697134,501.00530108440176,701.012645287585,498.3322697983492,703.6154902406969,495.61890469056686,706.1830101441287,492.87207634609945
663,561.5495941874048,598.9529653694556,565.1037777011063,597.7261688558243,568.6641606795982,596.5174278236505,572.2158617757124,595.2835021639219,575.7407836473001,593.975289746894,579.219763487298,592.5497073614958,582.6318191693578,590.9709702842227,585.9539823820938,589.2112085310009,589.1648688549445,587.2558606624091,592.2602453202142,585.1221284063056,595.25358556796,582.8471648893992,598.1681817678796,580.4719676837393,601.02544941431,578.0280011477848,603.8450958191888,575.5406673417476,606.6456299449412,573.0318083997186,609.4441080617581,570.5206535882329,612.254672164081,568.023042933938,615.0849637873886,565.5478170193646,617.9368002193539,563.0974437096485,620.8084026181077,560.670260799017,623.6970905833565,558.2634334966608,626.5997911522381,555.8735207671111,629.5130809922535,553.4965245157259,632.4337521478968,551.1286020731745,635.3603065048769,548.7679548209514,638.2956712897817,546.4182759547336,641.2467089205353,544.0883243558482,644.2224091206887,541.7899759449455,647.2313575091069,539.5353576615742,650.2798307725907,537.3345000512977,653.3709813454359,535.1940097240592,656.5037521380117,533.1148940014998,659.6715669614626,531.0895345717869,662.8622558323777,529.1003600012812,666.0603491183824,527.1230936181618,669.2479308302917,525.128956309431,672.4048566724141,523.0867164510543,675.5118958049677,520.9694496445286,678.5597332028423,518.767808412964,681.5515332745166,516.4905441160126,684.4974669124682,514.1542047228452,687.4029668769989,511.7677540449671,690.2707174498246,509.3360619363657,693.1028504818971,506.8629705826829,695.9016376300253,504.352196908542,698.6694908074015,501.80735599233185,701.4089410620875,499.23195927331494,704.1226195416288,496.6294160159478,706.8132405774475,494.003037527266,709.4835587112129,491.3560154126055
664,562.3025820447369,598.609106874813,565.8618041799429,597.3971172931997,569.4342630491922,596.2245545788828,573.0023016324805,595.0386625651287,576.5481049189538,593.7880949409947,580.052048166778,592.4249834515401,583.4936211143232,590.9116255486459,586.8515844857627,589.2211078110048,590.1061273866304,587.3392738233965,593.2452895058912,585.2706174185299,596.2740595618627,583.043188567706,599.2097228762906,580.6941812572871,602.0738985071118,578.2583761674704,604.8869085377628,575.7635739951157,607.6676519084498,573.2328126421988,610.4339332779595,570.6862335453171,613.2017019132234,568.1412719846353,615.9828596908073,565.6109576930554,618.7833183694012,563.1020265768205,621.6050147695163,560.6170058487095,624.4482336601161,558.1566398674568,627.3133299392609,555.7217861791968,630.2007195285591,553.3134123503371,633.1108963954322,550.9326254558966,636.0444345324975,548.5806856164073,639.0019440155861,546.2589631080909,641.9839921050158,543.9688457245926,644.9910266856713,541.711638752115,648.0233104132305,539.4884676653392,651.0808903398511,537.3002184927736,654.1637102264898,535.1476739313899,657.2710232491244,533.0306374101037,660.4001827840657,530.9460160544578,663.5453106123045,528.8855515157816,666.6983634006086,526.8372256298611,669.8508842114467,524.7880816693793,672.9943869106028,522.7251407169491,676.1195196880132,520.6344993129022,679.2151178878502,518.5004115693059,682.2677066196015,516.3053098775088,685.2661351563524,514.0368063578744,688.2088445160849,511.69646425787664,691.0979363004415,509.29022453307937,693.9367340547199,506.8248316440931,696.7289622112651,504.30680028754347,699.478671991856,501.74239154378637,702.1901764175075,499.1376062097772,704.8679940926575,496.49819094596603,707.5168018150513,493.82965453748625,710.1413943042381,491.1372907439457
665,562.7998825235212,598.3707235930923,566.3229381281861,597.0572226831457,569.8557946608839,595.7702496880281,573.3854115886281,594.4744416350634,576.8979085369969,593.1330394119972,580.3775505925897,591.7087933603606,583.8051637571623,590.1638169989525,587.1604886552507,588.4678076318846,590.4280202382868,586.6082796276138,593.604267539599,584.59669113301,596.6933775246965,582.4535597170883,599.7027396703635,580.1997154847709,602.6422328382648,577.8553790883893,605.5257040076319,575.4423914891761,608.3686241993785,572.9817045110774,611.1843349519493,570.4899040568365,613.9828003327917,567.978740312712,616.7715512360008,565.4567874895183,619.5575957231288,562.9318438043805,622.3478189616516,560.4115207481991,625.1491094844926,557.9035102121746,627.9684691902286,555.4158391342892,630.8131008680361,552.9571211378893,633.6904829816683,550.5368336064942,636.6075717179817,548.1645768176979,639.5690625290238,545.8480022355412,642.5746013877816,543.5888639536521,645.6198250598683,541.3834892069796,648.69827847907,539.2247193313569,651.8031602158711,537.1041163781593,654.9277225733274,535.0126041456261,658.0654571743015,532.9408949316834,661.2101315185029,530.8797293249638,664.3557882054026,528.8200624478985,667.4968128749865,526.7533418393186,670.6280906503337,524.6718893635309,673.7446587390148,522.5684851376585,676.8411016075077,520.4355788397074,679.9110747968532,518.2647658031856,682.9475504936305,516.0473636224541,685.9423468317343,513.7740191729064,688.8865541370897,511.4355557847374,691.7748947950824,509.0284375554569,694.6077568105559,506.55624596313754,697.3891794087872,504.0262988292282,700.1237031078311,501.4457138428675,702.8162186767578,498.8213126591029,705.4718912554669,496.15962222248737,708.096096120126,493.46689105064206,710.6943366966558,490.74908947716864
666,564.5956231004127,597.1428634583684,568.1123859324678,595.8128389603268,571.6581613931321,594.5620584436556,575.2211539224819,593.3610679824345,578.7852761079198,592.1634516009519,582.3168246681009,590.8737043501519,585.7640867178517,589.3747969825104,589.0777981018633,587.6000838885865,592.2612500458928,585.6003362566836,595.3490145470746,583.4551839340332,598.3722788911247,581.2198908427663,601.3454036236947,578.9182728458918,604.2755032600224,576.562095799464,607.1694680801585,574.1616503809922,610.0342246571813,571.7264043537454,612.8764531962898,569.2648904560406,615.7027927380834,566.785140572795,618.5198572141788,564.294854305489,621.3343297482846,561.8016377390696,624.1530628248439,559.3132412573295,626.9831845848715,556.8378115481127,629.8322316907472,554.3841991899194,632.7089580208773,551.9631206845655,635.6214627412326,549.5852231852359,638.5737255282988,547.2568783688802,641.5640817907012,544.9776549022183,644.5883073001097,542.7435522270614,647.6414016988538,540.5490516838158,650.7181513056724,538.3878282140952,653.8131998582778,536.2528817265218,656.9214880682416,534.1372498002729,660.0387953586857,532.0349259490565,663.1621823918667,529.9416434574574,666.2896895275915,527.8545207607589,669.4189988403007,525.7701004844055,672.5464803190929,523.6829399228327,675.6668188100602,521.5851207420405,678.7739554240063,519.4678065937061,681.8627631968993,517.3238511055205,684.9287615945302,515.1474130894632,687.9648128414113,512.9294304067748,690.9552213697738,510.65032790057296,693.9166457088669,508.3335775745143,696.8784354321012,506.0172909408127,699.8440564920764,503.7059119932732,702.8142336648904,501.40039100805416,705.7896866256935,499.1016832333393,708.7711290595416,496.8107496165528,711.7592677249236,494.5285574753745,714.7548131057799,492.25609649123203
667,564.2982002567994,597.2816794567519,567.7823662083192,595.8685049914468,571.2969334965119,594.5325027914014,574.8243225772128,593.2306214076821,578.3473696187104,591.9170744004635,581.8477486589783,590.5444590199663,585.3049983140718,589.0668687043061,588.6971630791578,587.4457464396584,592.002505469991,585.6544695607865,595.2050629396872,583.6853181718094,598.3012924045634,581.5526923958387,601.3037991069646,579.2897979801842,604.2309230992576,576.930045491233,607.1013227949878,574.5015203144956,609.9321750878337,572.0269550589749,612.7398987011151,569.526149202724,615.5404187833443,567.0172707271622,618.3494492085587,564.5179342924101,621.1806051725273,562.0437063371928,624.0415535366569,559.6040002196177,626.9332584952806,557.2008259552836,629.8536233621863,554.8325566769004,632.7998546507197,552.4965389048439,635.7689712700827,550.189672530994,638.7576070015432,547.9081445533012,641.76301502747,545.648752878805,644.7838275825842,543.4099984338187,647.8202113000028,541.1924097472344,650.8727003542863,538.9970440581329,653.9418276045519,536.8250006738853,657.0283314018008,534.6777239553705,660.1332023332698,532.5570930984934,663.2553170592853,530.4619280381744,666.3906548212304,528.3865935632111,669.5333774862088,526.3224537297729,672.6777505460883,524.2608276371021,675.8175503038818,522.1922473481471,678.9446005951612,520.1044596081204,682.0478462402618,517.9814875559894,685.1138497295382,515.8051263549206,688.1319126964984,513.5627926263713,691.0993365712432,511.25383963208066,694.0313584308523,508.89999896887923,696.9630811070132,506.5457755182136,699.9041331884365,504.20321715972955,702.8541479520993,501.8719554487941,705.812753425769,499.5516056609078,708.7795819794635,497.24177904617324,711.7542702427362,494.9420830842597,714.7364710035012,492.6521373816351
668,565.2010594475626,596.3797683496819,568.6802078024926,594.9542764171218,572.1883750279651,593.6015335010858,575.7063488070875,592.2744157432757,579.2161453111958,590.9258868048588,582.7004301020514,589.5129235261275,586.1423867652858,587.9999744952078,589.5267560122477,586.362398704152,592.8409757514484,584.587234533805,596.0739755940504,582.6681823214883,599.2182137605383,580.6069007541607,602.274228340812,578.4168179798926,605.2534280744766,576.1231967671583,608.1726970039898,573.7536570146244,611.0502424944839,571.3335527236893,613.9041976538899,568.8856389083372,616.7514540637021,566.4299281726089,619.6045097579173,563.9809616954165,622.4697975821357,561.5463215057264,625.3494749349742,559.1287193298753,628.2440103816296,556.7289269688958,631.1538834873193,554.3477563778035,634.079620235815,551.986105483966,637.0218677164839,549.6450578847167,639.9815396486354,547.326080423846,642.9599603465624,545.0312359946431,645.9587364042843,542.763059358859,648.9795657462836,540.5243424754674,652.0240991313799,538.3179749225425,655.0939034236766,536.1469107596872,658.1903231701061,534.0139828042237,661.3131078732247,531.9198408800848,664.4592296108644,529.8609126118685,667.6227941806013,527.8288725213489,670.7972879450954,525.8139389923842,673.9760490664494,523.8057402864156,677.1515513954934,521.792397009117,680.3137385336128,519.7582252223248,683.4502228450419,517.6846861495209,686.5466159553072,515.551812980926,689.5881997681794,513.3415476093408,692.5644578925205,511.0441038486351,695.4738765975138,508.6625508337372,698.3199262015553,506.2055891949117,701.1067701857237,503.68164514152477,703.839101357577,501.0987631338707,706.522026735372,498.46457823262153,709.1609685967026,495.78631469054045,711.7615825365855,493.07080482496434,714.3296559901103,490.324489599771
669,566.8781489218638,595.3498095215931,570.3210349500579,593.8387505947469,573.7917366313208,592.3925921759349,577.276410450865,590.980359444221,580.7614983561106,589.5691466656506,584.2330956578239,588.125139762046,587.676269059285,586.6147529179696,591.0745468869743,585.006087711867,594.4101795889648,583.2714479417297,597.6691485941273,581.3968003732908,600.8458264428854,579.3857761744356,603.9449096308382,577.2570032158566,606.9752785268346,575.0314026927527,609.9469535832042,572.7279485734553,612.870045938697,570.3630973484505,615.7547208938008,567.9514978089794,618.6110764099556,565.5063981398362,621.44919702739,563.0401413574389,624.2792055849468,560.5645738961156,627.1113466779564,558.0914481559647,629.9561275689257,555.6328825918594,632.8238380986289,553.2011203308514,635.7233792191086,550.807421888849,638.6606866564733,548.4602351436922,641.6372471502143,546.1630327524119,644.6507874316234,543.9145489444757,647.6966598454862,541.7100451994314,650.7692889790557,539.5429749957799,653.8631599019465,537.4063288562603,656.9747525889621,535.2955699863928,660.1027143379865,533.2091449965052,663.2465213667672,531.1466703491691,666.4035611389843,529.104502890008,669.5697480155126,527.0765402847379,672.7396406082925,525.0543717870963,675.9059565601347,523.0266122506374,679.0587386239521,520.9778934783435,682.1862264253102,518.8908049992757,685.2766288795015,516.749230129703,688.3209933584146,514.5427219043734,691.317592144371,512.2717547586648,694.2722705999007,509.9464669683233,697.1921738677416,507.57764435033624,700.0799747347756,505.16978242411517,702.938067384754,502.72672423495646,705.7689810107667,500.2522170806726,708.5753589176485,497.74991254248135,711.3599396951353,495.22336968234197,714.1255404393117,492.67606089272033,716.8750196612535,490.11135615689483
670,567.2105904498669,594.5764007383634,570.6728516168131,593.1110878696616,574.1952272013089,591.7962213400411,577.746480145336,590.5609697879271,581.2959806254726,589.3207232619375,584.815648222785,587.9985315578388,588.2839252779297,586.5471736542544,591.6871021033518,584.9491907320485,595.0164387897333,583.2025917845184,598.2643001952558,581.3088093409032,601.423182369958,579.270053475739,604.4926508662417,577.0989064297097,607.4824539836353,574.8191410748572,610.410736086398,572.4607556841198,613.2967227861648,570.0507246425663,616.1590193335219,567.6125695661526,619.0147760104139,565.1667491703274,621.8793399639385,562.7312598854672,624.7659545105935,560.3219669162452,627.6825793163653,557.9491060977691,630.6303417353656,555.6150326988669,633.6043841277551,553.3145233453876,636.5970466618569,551.0382744578621,639.5995317795952,548.774988970657,642.6031719497925,546.5132356033076,645.6019438871925,544.2450325578964,648.5965582910926,541.971342101142,651.5940557685432,539.701456604067,654.6039855513275,537.4480948700157,657.6359608873173,535.2245076917027,660.6992060515091,533.0442294932617,663.7998927683655,530.9175584314211,666.9379775883361,528.8464529039405,670.1064776688017,526.8221464211878,673.293240979187,524.8266799485256,676.4832002696922,522.8363192029836,679.659015597632,520.8235049649494,682.8032813442653,518.7618139225003,685.9035106527278,516.6345203645036,688.9557215579101,514.4388808983355,691.9598561620315,512.1778988225412,694.9223392766417,509.86254700541355,697.8630015240723,507.51950533760083,700.7903864898267,505.1598925394148,703.7073102089316,502.7873572223516,706.6166178014233,500.4054869031943,709.5211889754146,498.01784186980245,712.4239263066243,495.6279672554908,715.3277439556686,493.239405666785,718.2355620088132,490.85571677290847
671,568.5436830951186,593.7821339684801,571.9543139234066,592.1998042027445,575.4079856819933,590.7135717972774,578.8895353433284,589.2937323057963,582.3854651802741,587.9096009960915,585.8825592791458,586.5284073414911,589.3660056242909,585.1132413169911,592.8173922108531,583.6218012629156,596.2160394788439,582.0140872665426,599.5386786227498,580.2549653455392,602.7640050672013,578.3232909134744,605.8858250369011,576.2283151789832,608.9172413503211,574.0042612010751,611.8799465888078,571.6893031874271,614.7951633641179,569.3147281425992,617.6829668578996,566.9068427871263,620.5621564006617,564.4886509612471,623.446165170307,562.0762119782552,626.3404328090353,559.6760912144728,629.2432608264253,557.2863290354569,632.1524782032568,554.9043481635338,635.066344213013,552.5280555588344,637.9839026835839,550.1562979446493,640.90669258408,547.7909923635343,643.8426527917675,545.4420671308013,646.8031444410663,543.1241649574766,649.8016835087869,540.8557593170468,652.8534984688306,538.6596286657256,655.9647648066074,536.5485891045083,659.1279301376725,534.5160451254079,662.3251849401854,532.5374666785427,665.5366207915437,530.5819471975207,668.7438979802068,528.6196243388874,671.9344372663039,526.6302227258245,675.1015147602744,524.6036946827845,678.2410651267975,522.5347852361616,681.352321110345,520.4235587518202,684.4421258711634,518.2810290452,687.5244150363394,516.1276881096206,690.6132944186853,513.9838173320048,693.7113824039835,511.8532716852402,696.7996340749412,509.70853488748384,699.8472711903137,507.506570836936,702.8353595137905,505.2245072508144,705.7620635675743,502.8641985671059,708.6320463320878,500.43520589492135,711.4506131360572,497.9467078436804,714.2235655550007,495.40745744095915,716.957082780193,492.82578374788847,719.6576069987731,490.209602714849
672,569.5518195306307,592.9906524981719,572.9605580237999,591.4042072189554,576.4103886191687,589.9090655347017,579.8879303413464,588.4794414726769,583.3811572276235,587.0885104165676,586.8790542441596,585.709344051511,590.3709887023834,584.3151773053546,593.8450704394251,582.8772009603575,597.2834707562727,581.3561487604483,600.651650218668,579.6860745018532,603.9095296096486,577.8103436042014,607.0362983422242,575.7231299453717,610.0546165158005,573.4814247155686,613.001589395192,571.1464403801825,615.9117568830021,568.7656417439694,618.8099347588509,566.3702407448159,621.7089662808745,563.9758732089207,624.6147145125439,561.5896633050504,627.5300857431841,559.2152220744246,630.4569878446848,556.8550103336403,633.3957542110968,554.5095877135536,636.3463509037265,552.1790654314664,639.3086611202918,549.8634502524229,642.2826272079551,547.5628242874071,645.2687047393754,545.2779411900226,648.2680031137495,543.0104425311971,651.2819401951001,540.7624403600726,654.3119554991404,538.5361596697787,657.359499032413,536.3339372638775,660.4259191132898,534.1580790632198,663.5126941398979,532.0111996347499,666.6212935665528,529.8960482367382,669.7522987754276,527.8142080619093,672.9046771722265,525.7648718445033,676.0766428567725,523.7459813184571,679.2655663938251,521.7539751763275,682.4659739637293,519.7804609652491,685.668448057067,517.8102985382887,688.8611892480834,515.8244204361259,692.0314394931999,513.8028717553076,695.1662804384337,511.72689207353807,698.2542534611301,509.58186873360427,701.2879491295929,507.36075744679243,704.2653615513904,505.0647351300639,707.1887152149781,502.70024451121606,710.0613838927411,500.27440695469716,712.8871659504337,497.7940924571941,715.6702050918599,495.2658957913954,718.4149201082671,492.6961301379454,721.1259120607089,490.0908014248055
673,568.9735754327667,593.2031145261406,572.406627564373,591.6699728655501,575.8761514746175,590.2210574865695,579.3657484914936,588.8210561614954,582.8605476360931,587.4340596040041,586.346306720069,586.0245513542997,589.808675008104,584.5586448669153,593.2333833443587,583.0069263025379,596.609390586786,581.3520068767633,599.930257975625,579.589049146542,603.1933357799696,577.7212795243365,606.3971334879221,575.7535438719486,609.5401649471021,573.6901222113045,612.6218048942075,571.5360702305893,615.6443156293027,569.2997605669556,618.6149327317862,566.9949102563652,621.5445516968567,564.6381198947566,624.4450911185047,562.2456010529315,627.3282884676449,559.8321946425295,630.2055997625425,557.4117682257447,633.088235749809,554.9976904875136,635.9862091614419,552.6020580510697,638.9073637180713,550.2347600457788,641.8567003883431,547.9026776055395,644.8365929721374,545.6097731468263,647.8471950022189,543.3573409100389,650.8871731508456,541.1447121996404,653.9545591881185,538.9702337739091,657.0473215537089,536.8319974151223,660.1634382429843,534.7279369715399,663.3009099963181,532.6558502343178,666.4577715888296,530.6134215089953,669.6320881260922,528.5982239080749,672.8219195359106,526.6076716008781,676.0246092081863,524.6378676867954,679.2358213408577,522.6819812505952,682.4489783797042,520.7292894617078,685.6559059585426,518.7663923059588,688.8472424301818,516.7782698719211,692.0125100733688,514.7489400391465,695.1400908124238,512.662044871366,698.2220938688588,510.5084281218405,701.2561235776325,508.2877245794335,704.2443688788215,506.00576592791737,707.1898016359817,503.66879162409396,710.0957192080775,501.2828460441965,712.965687486234,498.85376437558773,715.8034900978126,496.3871702509791,718.6130841951814,493.8884829881565,721.3985376757634,491.3629049190212
674,570.4239172181116,591.8268690345649,573.8378160304736,590.251831144049,577.3061856586551,588.8003661041823,580.807102967081,587.4289921646102,584.3192740288159,586.0865933872745,587.8222395971884,584.7204386925473,591.2963568822835,583.2826959096972,594.7252210654183,581.7403077624986,598.0987613376151,580.0804392223681,601.4123110311339,578.3038118982305,604.6642389507256,576.4167280773222,607.8534740255839,574.4254976529406,610.9795493522569,572.336483857461,614.0442399534004,570.1583668842421,617.0534235451961,567.9041236360906,620.018102265493,565.5916041428695,622.951237767183,563.2391648343099,625.8657496599662,560.8636706749402,628.7733612113627,558.479728787966,631.6841369005757,556.0996538040118,634.606821281403,553.7342260537395,637.547929840607,551.3917542941315,640.5107949856124,549.0768655317684,643.4951804524878,546.789786186489,646.4991785260647,544.5285247432157,649.520281221706,542.2901625352254,652.5557299305204,540.0712895995208,655.6026434687668,537.868183546718,658.6599118709807,535.6794698199234,661.7300987776025,533.5089223351741,664.819393368206,531.3656745823768,667.9354082791305,529.2614900615966,671.0852153547668,527.2082678083773,674.2747694767745,525.2173875405751,677.506165745429,523.2951580043803,680.7726373469778,521.4330942726151,684.056082768793,519.6010579909153,687.3297899019437,517.75173375362,690.5642791467687,515.8348032417242,693.7379602801975,513.8188949781342,696.848538183689,511.7068367887911,699.9140302159825,509.52970146182184,702.9575225518038,507.3218837688745,705.983504396568,505.09012354094887,708.993666571758,502.8370684603196,711.989755205725,500.5653293736247,714.9735636013096,498.2774824640847,717.9469246773012,495.9760722976013,720.9117039297955,493.6636155895249,723.8697861456219,491.3425970241236
675,570.44794484225,592.1318266995761,573.865131036926,590.5636530071545,577.3192584292987,589.0783909465389,580.7918690504916,587.6367627988493,584.2692517138935,586.2066601998437,587.7418986579862,584.7651099669099,591.2024047831678,583.294685555655,594.6434608105022,581.7793479151519,598.0577418347274,580.2046621024128,601.4380880369243,578.5584420919226,604.7767463666258,576.8293035622819,608.0642008995735,575.0047762350935,611.2881147807957,573.0702994411096,614.4312648516833,571.0073599200829,617.4680120030688,568.7910667463929,620.373130227721,566.4048062483529,623.1642643168316,563.8858185285358,625.8915272201888,561.2975313335523,628.6135852736701,558.7037489272426,631.3761009935531,556.1531968251629,634.2055896816995,553.6772448948412,637.1067090389047,551.2856038357248,640.0628191729651,548.9621453597111,643.0421416483614,546.6684566651239,646.0150394360553,544.3664542039928,648.9798442897026,542.0540278095625,651.9546419743943,539.754492507173,654.9614827662292,537.4970864048515,658.0198342157975,535.3100806706824,661.1445918460952,533.2191720098397,664.3386177123235,531.2356545269206,667.5896732245051,529.3469244866044,670.876942663812,527.5218227744539,674.1841648706975,525.7330804370756,677.4986124872746,523.957743716173,680.8134580708808,522.1831521773441,684.1344718263617,520.4201361921417,687.4167453086931,518.5865175309175,690.6189227578388,516.6163429272178,693.7581146161957,514.5469395454927,696.887848783925,512.4631728392211,700.0446978349302,510.4208004744958,703.2440642806733,508.44575209929945,706.4893537859108,506.54710959073117,709.7763892407852,504.7216645336228,713.0999875892163,502.9636424677916,716.4553410308698,501.26698773169755,719.8380075555489,499.62544033732564,723.2438897076067,498.0325987928599,726.6692137620187,496.4819896466836
676,571.6923113833499,590.5653985077897,575.0368075562345,588.8478579580083,578.4452256022631,587.2609104987499,581.9075550245385,585.7951271938936,585.4067582826752,584.419448655095,588.9235730193033,583.0892776549028,592.4387364715845,581.7547643773189,595.9326541561026,580.3657661737695,599.3838502088906,578.874067606117,602.7737768022575,577.2481315202601,606.09074111404,575.4780979536438,609.3313318780152,573.571769530872,612.4965485239753,571.5426713627178,615.5897528638931,569.4053284836103,618.6167945794464,567.1751948377057,621.5866007886694,564.8693211359596,624.5112595219676,562.5063897154139,627.4040773793059,560.1045440148924,630.2784456720317,557.6806291948933,633.1472098387177,555.2500785574243,636.0222578118037,552.8269696966228,638.9135597896302,550.4232909064618,641.8286153188093,548.0484878011903,644.7722839837232,545.7092556728338,647.7470429117755,543.4096968034984,650.753989815372,541.1523943817665,653.7936450484788,538.9393367896282,656.8663174783462,536.772357817576,659.972102618295,534.6531127468554,663.1109451874611,532.5831472344485,666.2824658137454,530.5636068263786,669.485620178639,528.5946211898643,672.7183277340678,526.6745341982815,675.9779145138202,524.8004306346444,679.2615776523705,522.9688294954468,682.5656845771,521.1743520890781,685.883834205912,519.4059535446465,689.2052883119588,517.6437608953433,692.5165902643304,515.8625952537806,695.8022658552563,514.0346694792402,699.047770840744,512.1363727636892,702.2595270946942,510.1814332334671,705.4465165796352,508.1863590090562,708.6109825160476,506.1557409551165,711.755006240459,504.0936068516427,714.8807858415862,502.0039158074177,717.9906178756231,499.8905600280905,721.0868805657842,497.75736921065743,724.1720184141913,495.60811711105947,727.2485217641121,493.44652088421043
677,571.8159286319604,590.1451406829357,575.1238944402877,588.3581650990072,578.509930075388,586.7244559634396,581.97625066407,585.2687629200702,585.5007959143059,583.959674835184,589.0545292419818,582.731601638197,592.6115526113796,581.5130393417633,596.1460692694827,580.2309861648507,599.6306874159975,578.8194636772406,603.0395008952796,577.2339021915446,606.3565423256254,575.4643571071231,609.5814990010688,573.5318530451082,612.7220295408595,571.4647942225811,615.7882939490103,569.2889645463431,618.7910221975056,567.0261694971945,621.7412991529197,564.695336790543,624.6502961477942,562.3131404326964,627.529103769681,559.8945190287533,630.3886944738285,557.4531897932602,633.2399900735984,555.0021703800606,636.093842437249,552.5541306097533,638.9613277637453,550.1220865718683,641.8534755635385,547.7194439524627,644.7788848387596,545.3574356058066,647.7432041676242,543.0444652500237,650.749761409907,540.7866855002538,653.8001874169613,538.5885448108705,656.8939162498648,536.4517798742124,660.0291401557067,534.376372453763,663.2035943384548,532.3614755005324,666.4149803121924,530.405971212093,669.6608410910013,528.5082316201696,672.9387819458586,526.6664496588417,676.2464464390554,524.8785893519657,679.5811673724617,523.1417030384624,682.9390100224243,521.4499270190106,686.3134551651342,519.7914834707492,689.7000670486029,518.1580279179611,693.0919610975415,516.5355659981076,696.4511568308997,514.8467897487712,699.7371939100627,513.0201812825169,702.9495946452784,511.0664138353389,706.156926430303,509.10430473788085,709.4452218046224,507.28212674302256,712.8347780206944,505.6559117243948,716.3072324994863,504.2149491190208,719.8458818234226,502.94496053105286,723.4365202945381,501.83017325312665,727.0674092430074,500.8541982117803,730.7290871878515,500.0007602144672
678,570.9645383379356,590.6545874235411,574.1957386797804,588.7327903546797,577.5392288620617,587.0142563959668,580.9887521132785,585.5196991797238,584.5041149383886,584.1860805777796,588.0398573233844,582.9070597980785,591.5634784492069,581.5951385256186,595.0576083151072,580.206738046165,598.5106251097592,578.7191417712856,601.9135589019669,577.1203568134389,605.2595896267558,575.4056968082675,608.5437598747383,573.5753450433238,611.7619290686691,571.6312890088972,614.9108178589272,569.576899669858,617.9890375143484,567.4180280854065,620.9993096431818,565.1653239210874,623.9498730639017,562.8348875925669,626.8526637049549,560.4451504050597,629.7207881433734,558.013877049121,632.567175688021,555.5571684832038,635.4045365037177,553.090031189844,638.2454155439112,550.6269493081398,641.1021164247501,548.1822505904865,643.986238606083,545.769987940792,646.9070848649337,543.4023522306131,649.8714918489823,541.0895159286736,652.8845386783531,538.8404416728561,655.9509176334336,536.6646792454942,659.0755248214256,534.5734497730614,662.2615486761324,532.5770739810317,665.5081043973225,530.6807135214322,668.8085274415674,528.8796834407,672.1537084823304,527.1631408697651,675.5343289973484,525.5174261655088,678.941972810304,523.928369932595,682.3696503722344,522.3829689113685,685.8131728721822,520.8731890119083,689.2671231452957,519.3873927353964,692.7200841357675,517.8993124853695,696.1473089295671,516.3532200506705,699.4896705606501,514.632683533387,702.7128245152079,512.6974762782417,705.8379078101406,510.60727792483397,708.8715360677112,508.3863324937619,711.8184699355628,506.0514939487184,714.6852431121376,503.6188311141682,717.4797145579264,501.1033861486256,720.2106818093224,498.51908758974434,722.8875720108996,495.87877709471627,725.5201539627802,493.19425755178077
679,571.9579649603479,590.4122722637172,575.2276279453444,588.5563460235097,578.5738774241419,586.8422827636665,581.984195306294,585.2593585062738,585.4420754079758,583.7829992338737,588.9303947357138,582.3798867875058,592.4329440192,581.0125885910942,595.9342739199305,579.6421813193516,599.4169156540777,578.2251032978313,602.8570509852862,576.7081315751427,606.2261000118559,575.0396257421237,609.4994432179433,573.1905689469331,612.669194711567,571.1689277791417,615.7416946006648,569.0021096894535,618.7312411082293,566.722038411129,621.653386830366,564.3560906832953,624.5235088987712,561.9272235730133,627.3566324418978,559.4552550579845,630.1674946952796,556.9579773976271,632.9707637691861,554.4521708252538,635.7814286331218,551.9546710998161,638.6151118834957,549.4833473577312,641.4864047495678,547.0558624678195,644.4062472338647,544.6870352124336,647.3800932145832,542.386395087896,650.4101728353842,540.1603564427434,653.4968640141212,538.0135164370485,656.6392893736784,535.9491217562065,659.835488366468,533.9690006455943,663.0824420642452,532.0732418092466,666.3757979125214,530.2592627426848,669.7097086138381,528.5209038887285,673.077367892787,526.8488178701872,676.4723959961151,525.2329888991471,679.8892814765013,523.6638807015934,683.3234661826184,522.1329848631432,686.7712791230396,520.6330171249747,690.2267254559982,519.1506988733779,693.6809839388525,517.665619726889,697.1158914239134,516.1365749276425,700.4853561815615,514.468817579176,703.80514102045,512.7035172076319,707.1194899558353,510.9279960752745,710.4331074503898,509.1511100862789,713.7470355620818,507.3748035390229,717.0623174499124,505.6010252439768,720.3799939161452,503.83173034255793,723.7010998766414,502.0688820465584,727.0266607568094,500.3144532899082,730.3576995911551,498.5704489306758
680,573.6721351560531,589.5079413387598,577.0064876725918,587.7708426670163,580.4039704721584,586.1605204810969,583.848208855288,584.652592733128,587.3224627736975,583.214991618473,590.8083845020407,581.8058332164694,594.2884921987675,580.3824163231945,597.7466584605202,578.906609709212,601.1674985066131,577.3463975631253,604.5350030477329,575.6743476786328,607.8352345640368,573.8732573443502,611.0591495442353,571.9388725634187,614.2044199557466,569.8790165463718,617.2746292511182,567.708782360863,620.276920656098,565.4454410735663,623.2208011176873,563.1065624538246,626.1173379235665,560.709249453253,628.9783507146403,558.2696143714311,631.8156460113481,555.8024137950398,634.6405920706674,553.3210723864062,637.4640023175244,550.8379823033467,640.2963716663378,548.3651236783138,643.1482999410857,545.9148646671204,646.0308476522436,543.5007314526888,648.955796977787,541.1381986278711,651.9359070137182,538.8457156699307,654.9851698759163,536.646172345761,658.1156425082767,534.5639757854932,661.3322183655299,532.6174717975593,664.627549035248,530.8074165261148,667.9879243756887,529.121026069196,671.3982624141368,527.537948132898,674.8445323447505,526.0345645496935,678.3144233434074,524.5864430055635,681.7980744471555,523.1716964325446,685.287213231965,521.7705208122146,688.7739846094084,520.3634727573503,692.2499441610823,518.9299583532979,695.7072483061905,517.452062905841,699.1425661575133,515.9237471340751,702.5646841103745,514.3660289643661,705.9985347559164,512.8344068126397,709.4511064306893,511.34545888690417,712.9207179547911,509.89665421385644,716.4057505830324,508.48534021927446,719.904674604595,507.1088195145167,723.4160450662163,505.7643592474212,726.9384966861627,504.44919906919915,730.4707381218344,503.16055779107296,734.011557222612,501.89567122834217
681,574.1094415407423,589.3652585026405,577.3663817386739,587.486779526307,580.6834170177355,585.7167047400901,584.0628139721948,584.0688201396447,587.4979154495384,582.5403545804394,590.9758857264054,581.1119048518696,594.4706567299974,579.7248396641469,597.9481213737399,578.2951875462379,601.3743494006058,576.7471620583316,604.7278496679108,575.0475206000305,607.9954269490125,573.1880657284504,611.1717256029714,571.176563630297,614.2603288250535,569.0326937887588,617.2732479889896,566.7835548134026,620.2251709637535,564.4548378648389,623.1310772349924,562.0688815333151,626.005641009111,559.6452167357783,628.8628441730249,557.201090756818,631.714925235098,554.7509850474809,634.5719024424926,552.3065935599584,637.4418782090703,549.8774850962586,640.3323870491043,547.4728593980858,643.2509606108438,545.1023945037082,646.2045890157196,542.7757766107082,649.1991402323065,540.5020960566228,652.2394373615067,538.2899867503897,655.3304792533016,536.1493972892721,658.4776809665977,534.0923242522184,661.6864184780994,532.1326940041342,664.9611273813011,530.285509385283,668.3055964967256,528.5679766308581,671.7195982519804,526.9932220855553,675.1932414498474,525.5545100809348,678.7017216123629,524.2026154126577,682.2233693152359,522.8852818567334,685.7469557341796,521.5731374554802,689.2719259564524,520.2647166045732,692.801004126444,518.9674225021597,696.3360367845648,517.6864466035829,699.877608210105,516.4236617640896,703.4256514671665,515.1791767803672,706.9800601798977,513.952990560008,710.54072833213,512.7451013394888,714.1075502742996,511.555506699625,717.680420729914,510.38420358069715,721.2592348016555,509.2311882975078,724.8438879771297,508.0964565543547,728.434276134264,506.98000345991875,732.0302955463756,505.8818235421162,735.6318474506298,504.8019260984228
682,574.4605092213708,589.2663665946844,577.6736801946306,587.3143392981241,580.9710318298137,585.5080373260133,584.3359378603499,583.8307129474631,587.7479714174971,582.2512188244142,591.185556672039,580.72797447598,594.6284321900841,579.2166905298766,598.0567436713383,577.6727459582409,601.4503296074255,576.0540818030973,604.7894128045526,574.325979745505,608.0572868069148,572.4668623309888,611.2439199722432,570.4716882630778,614.3484410962121,568.3509061522284,617.3788230522338,566.1253598108724,620.3466059614375,563.8169062426849,623.2645223592036,561.445670642477,626.1455402453139,559.0296956011348,629.0026273264194,556.585441481975,631.8486478871235,554.1282994347977,634.6963571125153,551.6731163427659,637.5584234255446,549.2346994659121,640.4474473026106,546.8283114025169,643.3757252233074,544.4698904338278,646.3533987713703,542.1741963494587,649.3873583434042,539.9534602461039,652.4811996749363,537.8169722684755,655.6367390474413,535.7727418303303,658.854615269742,533.8281437900347,662.1344958235079,531.99008362648,665.4751856097648,530.2650417879574,668.8747286278946,528.6591124477412,672.3286878568055,527.1737974469983,675.8293362823031,525.8020165180222,679.3660437611379,524.5259191244733,682.9275291756134,523.3205532552472,686.5031593263444,522.1577200343286,690.0843237734276,521.0120149236533,693.6655830059002,519.8666048478202,697.2439593411686,518.7122240441886,700.8186443192842,517.5464618533837,704.390029406832,516.3706279838428,707.9585478663571,515.1861217840551,711.5246430782759,513.9943392029122,715.0887668807453,512.7966732241335,718.6513779327859,511.5945143702726,722.2129400968987,510.38925126271164,725.7739208369153,509.18227122429977,729.3347896264567,507.9749609114334,732.8960163631158,506.7687069625067,736.458071812577,505.5649026600675
683,575.231066977766,589.2145568802308,578.3915378348036,587.1777237316091,581.5825114848681,585.1891243698673,584.8292823742338,583.293249337495,588.1532386609956,581.5364743660098,591.5455615979155,579.9153105463622,594.9715201212329,578.3660752187565,598.3870169289359,576.793992679951,601.765380300137,575.143806650611,605.0925534318242,573.392768111605,608.3590227011083,571.5310233330167,611.5544356695966,569.549846367136,614.6728556636499,567.4495495831519,617.7171698404645,565.2431119770732,620.6971445557612,562.9504316368946,623.6251985420733,560.5917353529752,626.5138685646662,558.1849221750239,629.37555484232,555.7460594944025,632.2224165132145,553.2898942356853,635.0663243116237,550.830306641976,637.9189600516902,548.38085512267,640.7918800010453,545.955245581413,643.6965685301133,543.5678030221435,646.6443967549592,541.2338824457206,649.646284232808,538.9699774457602,652.7112564873137,536.7923109166356,655.846022699193,534.7164466580964,659.0552965343024,532.7578320943173,662.3428565835421,530.933802907706,665.7128594364037,529.2672195432876,669.1664852663747,527.7818682038404,672.6955514326698,526.4856448047759,676.2766321741948,525.3402746833283,679.8843659692129,524.2813085305844,683.4982870085282,523.2435455811624,687.1052325186387,522.1818385642453,690.7013512609975,521.0840118492072,694.2938179893471,519.9742575631278,697.9006832423964,518.9125728986033,701.5411866742285,517.9732982366961,705.2173643932107,517.1848985127278,708.906467227236,516.4583376427712,712.5917784539243,515.7128033608146,716.2725582969243,514.9452061130477,719.9489914300362,514.1570497664546,723.6212880743619,513.3498365241803,727.2896820295534,512.5250661720673,730.9544287115588,511.68423550696167,734.615803207267,510.8288379488453,738.2740939149405,509.96034472139246
684,575.6579904914761,589.2575987308575,578.8786087112213,587.317411922747,582.1388978023322,585.4445702069438,585.4279587589647,583.6226895797932,588.7383562171134,581.8398458270626,592.0641508020043,580.0858749018382,595.3998313900146,578.3507659432674,598.7357685883276,576.6161502158466,602.0569222048262,574.8534526383937,605.3428603740168,573.0261017360607,608.5673672535697,571.0926669423563,611.7034387819248,569.0191034904,614.7373398656873,566.798619482326,617.6815086469283,564.4602646254707,620.5583449693071,562.0394000739806,623.3892939087558,559.5649586656904,626.1929187382885,557.0595627686182,628.9866562774557,554.5431339374197,631.7862921978524,552.0332751107867,634.6047356265572,549.5445706941604,637.4520920387112,547.0890190525957,640.3367166711274,544.6773844851414,643.2670013955594,542.3214780235611,646.2513098605929,540.0344415776088,649.2981286593418,537.8314422032497,652.4157005856424,535.7298528330391,655.6104239083428,533.7476253434863,658.8884184017684,531.9065385562017,662.2514815869924,530.2259611474425,665.6918500763438,528.7097498952544,669.1901851460744,527.3322418358225,672.7346906367135,526.0782337992354,676.3086846019457,524.9104306175692,679.8917000217422,523.770598689116,683.4982548036419,522.7079240555931,687.1266011771643,521.7219067635277,690.7679542815649,520.785042585897,694.4225526431094,519.9012900747198,698.0910754335639,519.0772869639788,701.7738967701857,518.3197960825578,705.4710427919076,517.6356956251079,709.1821462744102,517.031955782166,712.9062009126948,516.514089974093,716.6407884206212,516.0785174282477,720.3833929426061,515.7181419884241,724.1319321340183,515.4257450499906,727.8847225271367,515.1940554473954,731.6404387528964,515.0157975708736,735.3980699438405,514.8837247136967,739.1568762707541,514.7906913729302
685,577.4149070913919,588.7987952468709,580.5862440734631,586.7790529757133,583.8016069453424,584.8301284048299,587.056143426835,582.9473334201373,590.3457706419011,581.1265106476266,593.6592621822499,579.3494173523289,596.9774335186985,577.5810568490206,600.275196069061,575.7750271953636,603.5258866106395,573.885790183939,606.7044078538597,571.8777144447996,609.7954430598455,569.7374235541015,612.7991961651711,567.4761596818591,615.7284976855666,565.1191176946537,618.5992939263025,562.6910702573775,621.42797918521,560.2140346931722,624.2307192659763,557.7076486427308,627.0229396849873,555.1895367306716,629.8193944559494,552.6761325041759,632.6341992740188,550.1833149764005,635.4807965147454,547.7268977015874,638.3718967191481,545.3230658673135,641.319433316539,542.9888437816039,644.3331201638943,540.7407452068711,647.4192361405904,538.5932143854147,650.5801807172487,536.5574766693571,653.8158886035811,534.642840891783,657.1251118298164,532.8583247463416,660.5044658812557,531.2104640844584,663.9461271622546,529.6969578547149,667.4384781713848,528.3042338507796,670.9696914142942,527.013055919553,674.5295795552008,525.8030499815403,678.1103733794116,524.6563175811153,681.7092094684484,523.5675331739208,685.327509467512,522.545385016959,688.9678270554882,521.6047369690612,692.6302725356336,520.7543799591554,696.314163953003,520.002430702541,700.0182299660885,519.3572681958786,703.7405227204155,518.8274350390489,707.4771369374788,518.4099662783608,711.2222827132192,518.0770870916124,714.9731061934273,517.8157083656924,718.7279394116887,517.6200376909444,722.4854217834421,517.4842287840293,726.244474178063,517.4024031856288,730.0042720000475,517.3686801282096,733.7642168130573,517.3771979523593,737.523907441687,517.4221280188091,741.2831103651249,517.4977199626569
686,577.2294314139336,589.3038448926851,580.3682577212427,587.2337899770741,583.5163292242232,585.177824011539,586.679453126066,583.145110713332,589.8674420183193,581.1516591689252,593.0894111308621,579.2136554828309,596.3477271260351,577.3373809321105,599.6313486394415,575.5056769634145,602.9129797269685,573.6704231705725,606.1568981280277,571.7695518149492,609.3264880773521,569.7474766979826,612.3936595715804,567.5733516747949,615.3478940115274,565.2480310308247,618.1960300842003,562.7937156622497,620.9582521878718,560.2429203542561,623.6630141523082,557.6311449013698,626.3479160298402,554.9989057438362,629.0505024769415,552.3848668034688,631.7991773042872,549.8193958917021,634.6088982381958,547.3209898685366,637.4888464994892,544.9039267359292,640.4459208167834,542.5819207865726,643.4847368746575,540.3680210738949,646.6064027843671,538.2725955254417,649.8080298231312,536.301514829379,653.0845729056948,534.4576394908124,656.4304790226411,532.7428408224379,659.8405262728866,531.1594225703597,663.30915505212,529.708806017058,666.8301822921043,528.3904218072903,670.3966807513572,527.2004441369319,674.0013047825483,526.131402773506,677.6374668011442,525.1750199581984,681.3000184412185,524.3252236790731,684.9854070841361,523.5807001436111,688.6905960808274,522.9418711127731,692.410612152843,522.3957826946246,696.1433415087325,521.9449756847464,699.8878154393408,521.605699790492,703.6409575463072,521.3808421077916,707.3974983645983,521.2207358269637,711.1557868861063,521.1094025943764,714.9153272138831,521.0547332509433,718.6752700473561,521.0531638348308,722.4349255668063,521.1000668365365,726.193783112737,521.1908020149968,729.9514939962431,521.3207314373298,733.7078538139216,521.4852302931656,737.462784635641,521.67969394041,741.2163154213886,521.8995732178599
687,578.466708857183,588.0041393481849,581.556006082359,585.8613276468365,584.7188526411924,583.8284035291487,587.929371573661,581.8714787964202,591.1656788015678,579.9574210159359,594.4102132328396,578.0573210405353,597.6498856382378,576.1489508898057,600.8747918357375,574.2157572756284,604.0733174749957,572.2392728709136,607.2299777428863,570.196686388238,610.3269013955155,568.0647289693749,613.3493224691563,565.8284416452383,616.2968097618743,563.4942167992555,619.1803147454783,561.0813020800566,622.0150413145352,558.6112060223977,624.8146080844828,556.1012937435858,627.5921634985104,553.5670233489114,630.3603838575386,551.0225511804083,633.13281007263,548.4826669031258,635.9253731568472,545.9649660000657,638.7568596510139,543.4911797720574,641.6466420860049,541.0858487641708,644.6128713682124,538.7755891729894,647.6711430875393,536.5888148741803,650.8331616552415,534.5551513468313,654.1021807598901,532.6985202350481,657.4768634806989,531.0419432088279,660.9472069754614,529.5960871515974,664.4842824667303,528.3218136008944,668.093807710715,527.2720673754494,671.7645006985279,526.4592437708556,675.4620569757589,525.7777317964038,679.1774804338294,525.2014148366785,682.9068328215419,524.7233297453573,686.6467593589991,524.33642470015,690.3944472904296,524.0336341970419,694.1475787359151,523.8079311070165,697.9042707356556,523.6520540076514,701.6629200948735,523.553338079491,705.4224776284668,523.4988606771185,709.1824059415596,523.4844155359643,712.9423192071617,523.5035234637425,716.7020310057965,523.5473346111934,720.4615006451568,523.6085834396422,724.2206880552862,523.6852446038466,727.979563846276,523.7759249162622,731.7381142134323,523.8792310751467,735.4963393832394,523.9937700309189,739.2542520575703,524.1181492350802,743.0118756831969,524.2509816391251
688,579.7688550285088,587.9289220148854,582.7622420372238,585.6538385284767,585.8156343858091,583.4598712522436,588.9168549203637,581.3339967338258,592.0565209803249,579.2652842397849,595.2247262743269,577.2405106480963,598.4079422509994,575.2393840713075,601.5876260662928,573.2326618000501,604.7410685654235,571.1850374239627,607.8415825058134,569.0582924860684,610.8655350436958,566.8241477394799,613.801888064611,564.4760238507939,616.6603020587361,562.0335048738177,619.4587229021855,559.5223767507525,622.2163437946684,556.9664561130662,624.9509705483267,554.3859203442886,627.679958609884,551.7994156239056,630.4201495512865,549.2247950561605,633.1879795523345,546.6799430778735,635.9996451628901,544.1836626663784,638.8712036106116,541.7566006506011,641.8180128636128,539.4215975907089,644.8557600777564,537.2063890342574,647.9982851399618,535.1427373458341,651.251801003032,533.259125366344,654.6121438420666,531.5735363406424,658.0662568975847,530.0893943185396,661.599123811529,528.8039411537972,665.199795696562,527.7226781832194,668.8465828882321,526.808034755177,672.5273947203801,526.0420167564754,676.2387427992437,525.4411439937439,679.971960487381,524.9954408988001,683.7192937057982,524.6897833915518,687.4747625324227,524.5089366861262,691.2339470141686,524.4378348116553,694.9937582903488,524.4617244684524,698.7521977400627,524.5668016182738,702.5076285521735,524.7500647061327,706.2585451157985,525.0100821717224,710.0047530811967,525.3311393120491,713.7468190353934,525.6974914809356,717.4864123320473,526.0884055859054,721.2252909252642,526.4861112679484,724.9637044095277,526.8881659899873,728.7017129507149,527.2939687738512,732.4393785288723,527.7029187632121,736.1767646469318,528.114415211597,739.913936039999,528.5278574637581,743.6509582645913,528.94264601666
689,580.4786194128716,588.7364101726497,583.391728441529,586.359367630754,586.3575759193205,584.0483630688617,589.3582326310086,581.7826907130626,592.3812928642924,579.5469763853523,595.4175685307705,577.3292305676187,598.4580918412563,575.1173077810631,601.4937775693397,572.8987551953992,604.515357517528,570.6610427683413,607.5133659015654,568.3918691235305,610.4781593255741,566.0794963661582,613.3996324251291,563.7126648416396,616.2678233183223,561.2815737781656,619.0760586754918,558.7814666492004,621.8278885590104,556.2193668255272,624.539396250329,553.6145709226369,627.2334382455291,550.9916877852489,629.9342629829406,548.3758002051715,632.6660616057295,545.7923262220999,635.452570593612,543.2680551798289,638.3183529537793,540.8343318864248,641.2875861684041,538.5282129130834,644.3779612609201,536.3874081376265,647.588262538023,534.4310524985672,650.9070067112701,532.66484779961,654.3188653099176,531.085814147515,657.8090846901295,529.6887120111766,661.3907767608919,528.5484126205916,665.0536633365369,527.703223079085,668.7635296743847,527.0942829238845,672.4973779060473,526.6535354469246,676.2418549366937,526.3130930242313,679.9892989598268,526.0064280245051,683.7385021364487,525.7229015565119,687.4953697632848,525.5832110443432,691.2518318748998,525.7187609565702,694.9959274106512,526.0628244709958,698.7353825629494,526.4548575434125,702.4682126837201,526.9054669016073,706.1949090948536,527.4044685472951,709.9165643799861,527.9397761293817,713.6328191301485,528.5113786485612,717.344253642903,529.113542566728,721.0550399606831,529.7197113542373,724.7677105322521,530.3142283058762,728.4821620512632,530.8975163302928,732.1982116725262,531.470536303447,735.9156845408118,532.0342504726168,739.6344130598761,532.5896221938285,743.3542377098295,533.1376051037341
690,581.7432661197843,586.8745963414083,584.6091572990408,584.441008196525,587.5542039824196,582.1036704011556,590.5545041534735,579.8375898895767,593.5915645049498,577.6209588911747,596.6509796637779,575.4352555005999,599.7210042020362,573.2644660435299,602.7907280434366,571.093252115663,605.8472970156306,568.9035796084054,608.8722609548315,566.6705222699593,611.8421744444183,564.3648757871481,614.733675189278,561.9617361690769,617.533766175018,559.4526970577622,620.2537470816834,556.8568645058988,622.9278470908702,554.2136718919896,625.5968860691366,551.565352702814,628.2877452567083,548.9392365882344,631.0188626899225,546.3550578789557,633.8055098492341,543.8309227120423,636.661941099871,541.3861219652582,639.6004834977441,539.040759009797,642.6314746157078,536.8162880255389,645.7604050714151,534.7319138041286,648.9869493486988,532.8022027142573,652.3139391966264,531.051696404503,655.7616757963617,529.5546303698637,659.3286897099208,528.3689069008908,662.9724975599124,527.4439815072249,666.6611883840611,526.7171195896418,670.380711544535,526.1697448851053,674.1235766175442,525.8162318138543,677.8802705125158,525.6722056615287,681.6389669699785,525.7485396282198,685.3906415846056,525.995498200135,689.1333858931193,526.3537233582906,692.8651585097698,526.812591796231,696.5865588802593,527.3494334362483,700.2990849527251,527.944675153255,704.0039219547492,528.5860956913573,707.7009527854108,529.2710194047879,711.385433532701,530.0203632781814,715.0543755259124,530.842444120304,718.7072932712296,531.73305817019,722.3439912782884,532.6877704709862,725.9645023230888,533.7021625839545,729.5690675880021,534.7718547604733,733.1581165728633,535.8925227807673,736.7322473501375,537.0599099135351,740.2922075886829,538.2698345105944,743.8388589865542,539.5182432975763
691,582.5821730009285,585.9981933283836,585.2848041947915,583.3847407591653,588.1158285596997,580.9109200991604,591.0610912407711,578.5741461591972,594.0912850095847,576.3482735594201,597.1470517528522,574.1574610141687,600.1742642978843,571.9274961584309,603.1433205010119,569.6207019449291,606.0553917072814,567.2423231200679,608.9243542465869,564.8120587750848,611.7619352394611,562.3452028883178,614.5743258819413,559.8496594072056,617.3633571526074,557.3280350218588,620.1288851842888,554.7806552355432,622.8735066913047,552.2107565412251,625.609615462317,549.631785720376,628.3623964818713,547.0706536631693,631.1625822228435,544.5615416808249,634.0346077963226,542.135117074362,636.9952793679613,539.8178226124378,640.0551502046562,537.6333270045762,643.2185337164025,535.6017341501122,646.4825728829525,533.736188150337,649.8381491249606,532.0407361125132,653.2743615537538,530.5153421391279,656.7846384030925,529.1691174610122,660.354851618116,527.9907631074453,663.9952629638834,527.0556828780226,667.7124227653176,526.4991847717981,671.4610638508304,526.2126540227596,675.2169558844118,526.0380899552308,678.9756335088497,525.9485925393776,682.732760193946,526.0706750283167,686.4653465374295,526.5140815033263,690.1635435510266,527.1913326054848,693.8328351035822,528.0110568062819,697.468870272731,528.9677327596584,701.07495544285,530.0321169340075,704.6671392581935,531.1427844783507,708.2574968920673,532.2593486991594,711.8468708578235,533.3790712493224,715.4355090503087,534.5011498205064,719.0236609600971,535.6247825424465,722.6115771384028,536.749167809147,726.1995086639361,537.873504098479,729.7877066103439,538.9969897893529,733.3764215134054,540.1188229789803,736.9659028371484,541.2382013027282,740.5563984380653,542.3543217590719,744.1481559516242,543.4663743178816
692,583.8308869639694,585.3456295541442,586.4174957375552,582.6172307474111,589.1209939843733,580.004442915769,591.9169240722885,577.4906973475678,594.785513436968,575.0601025852811,597.7082477999095,572.6948138668118,600.6656347546527,570.372936337249,603.6377399771711,568.0699016485726,606.6049917279771,565.7606258548751,609.547928378102,563.4204856145722,612.4456333723518,561.0246456240951,615.2766618148853,558.5504724792783,618.0245671077812,555.9843230712328,620.691223591938,553.3337711963173,623.3025574309617,550.6285704011395,625.9042706188559,547.914088211222,628.551326455306,545.2439508892563,631.2926138519891,542.6709195255274,634.1549476201242,540.2334593347782,637.1466363369783,537.956743373993,640.2667472055625,535.8596085451998,643.5118868941654,533.9617533902359,646.8644965900502,532.2606561243293,650.2977115815027,530.7282431648964,653.7891074172428,529.3333663052235,657.3371668687558,528.0899156221076,660.942788683551,527.0252632366194,664.6070655236223,526.1858491839761,668.3265664672087,525.6444233384245,672.0807618008437,525.4621715691759,675.8390242680422,525.5579715262319,679.58621076244,525.8614392589626,683.3094314953638,526.3823355035869,686.999834184919,527.1001786501668,690.6492067706691,528.0037900736764,694.2486142766049,529.0894832673999,697.7908766363416,530.3493398150205,701.2789479110432,531.7527824658607,704.7524295800337,533.1923052548198,708.2418505994258,534.5927194067132,711.7472114442888,535.9527508085253,715.2669993853752,537.2750037152697,718.7997872147596,538.5621278155018,722.3442293874833,539.8168090140778,725.8990573836137,541.0417614976108,729.4630744390138,542.2397210333245,733.0351497777588,543.4134394225989,736.6142124595145,544.5656800164642,740.1992449361552,545.6992141907753,743.7892824053135,546.8167992807226
693,585.8800966589091,584.757752534579,588.2878821303874,581.870400912604,590.8302622182521,579.1006473351498,593.4773418912789,576.4306268690985,596.2035849669162,573.8413839355403,598.9863342413192,571.3128801330577,601.8006370515362,568.8194844527955,604.6175470161367,566.3290278455466,607.4129619141452,563.8144955505597,610.1746022427229,561.2629243886207,612.9033138501808,558.676160628113,615.6024170829346,556.058509857053,618.2763183494103,553.4151119578137,620.9347768457059,550.7561692707782,623.6002943304807,548.1043177565106,626.3069377613128,545.4945591413235,629.0945252693485,542.9716926689678,631.9976804289713,540.583009608418,635.0319975964399,538.3634915539377,638.1888613126976,536.3219315901656,641.4501421081145,534.4515188324443,644.7971201209265,532.7389791233759,648.2131492423988,531.1685382995573,651.6873248506305,529.7312353117388,655.2134223582451,528.4265098738092,658.7974583705211,527.2917929987534,662.4560967402756,526.4293161335648,666.1720223615547,525.8616028405836,669.9202404940886,525.5752641653687,673.6794118074218,525.5581097280384,677.4308705801236,525.8001232334326,681.1576651098158,526.2933804583544,684.845992542409,527.0210066259932,688.4849176920744,527.9652059965117,692.060199237064,529.1272536745302,695.5565597711237,530.508724263062,698.9721169349805,532.07994798418,702.3530377666252,533.7250964825319,705.7982154890767,535.2296172287487,709.3377685087788,536.4962137401293,712.887845877966,537.733685029458,716.3562934347916,539.1841571888292,719.7626599280818,540.7756218529441,723.116395233974,542.4752544989386,726.4189445750532,544.2723761368312,729.6726820022682,546.1564786031482,732.8807627050062,548.1173510164748,736.0469787780465,550.1451607474444,739.1756283413997,552.2304912941358,742.2713581271767,554.3644084854116
694,588.0498483980717,583.5736303420325,590.3398830954665,580.5923997990186,592.819790655273,577.7669364184271,595.4421104718454,575.0727113567957,598.1436774595421,572.4576670664683,600.8810538455577,569.8800554508509,603.6242652311279,567.3086430206977,606.3432808968729,564.7117152258022,609.0029560687393,562.0541563994906,611.5838903923388,559.3200902501621,614.0996074482935,556.5257634911708,616.6000585663339,553.7177255624764,619.148838673192,550.9536273835452,621.7873279775009,548.2751832630588,624.5266021861072,545.6998912959145,627.3572351400298,543.2253240281942,630.270238208721,540.8482452665689,633.2618044709876,538.5708461484434,636.333767190895,536.4031930584697,639.492228269057,534.3637764102908,642.7445592666456,532.477865674856,646.095371719011,530.7733335285224,649.5497398617194,529.2905377280156,653.1028786394193,528.0629103532025,656.7277999526816,527.0667317496409,660.4181074846616,526.352529695923,664.1557818086262,525.9526252348766,667.9128864751764,525.8242824107894,671.6710773985512,525.9232036191829,675.4190367997408,526.2187139604603,679.1469449314422,526.7052974623924,682.8422164750409,527.3971298973714,686.4910697390231,528.3021176640151,690.073684434563,529.4408964394856,693.5705995760367,530.8206594588785,696.9793999495523,532.4064520608291,700.3299479618244,534.1124672708005,703.6482822242936,535.8804752054789,706.9482801848216,537.6825065104981,710.237721122622,539.5037569194938,713.5279954423603,541.3234998540149,716.8295149273339,543.1227408854767,720.1464754973781,544.8933553670067,723.4774320037087,546.6375019322367,726.820741452088,548.3578548716663,730.1748196475371,550.0571205837012,733.5381355795366,551.7380313542373,736.9092052942166,553.4033400377846,740.2865853582575,555.0558155374251,743.6688663925984,556.6982381855589
695,589.9108628039543,581.7361217972864,592.1911767565324,578.746955626896,594.579446551776,575.8430531967163,597.0308167834727,572.9921144823893,599.519458267888,570.1736203184814,602.0349662756594,567.3790680822219,604.5715537660562,564.6036303746772,607.1264876803202,561.8450713165978,609.6998807910934,559.1037259131141,612.293799055883,556.381796634653,614.9106121110441,553.6818744150888,617.5543102429665,551.0082809618237,620.2316875828562,548.368434485231,622.952575476947,545.7734891769239,625.7278662760752,543.2368580730086,628.5683495190315,540.773508850014,631.4843527665698,538.4001216778254,634.485843109724,536.135925271218,637.5823408161376,534.0036582425707,640.7816411554327,532.0291921341832,644.0877850436887,530.2395997019269,647.4992154543911,528.6601671159943,651.0090025573202,527.3136268501884,654.6059849805923,526.2214779595791,658.2757440241029,525.4072840899149,661.9996651101766,524.8956314657281,665.7531636798146,524.694023868079,669.5104017176743,524.8053764189649,673.246994095461,525.2163300816037,676.9472018491201,525.8805258956882,680.6001226540278,526.7691126908671,684.1984520369488,527.8582631360192,687.7384155863085,529.1245320902815,691.2174548196504,530.5498348291568,694.6344091056483,532.1182635645424,697.9884093627755,533.8172169710608,701.2780236468517,535.6377441801185,704.5016754788196,537.5727153038579,707.6613935341802,539.6104847422207,710.76466372632,541.733320732189,713.8286628876896,543.91257094764,716.8787259590297,546.1113176966805,719.9219811636716,548.3194782208063,722.9593572445209,550.5357192611863,725.9917915660086,552.7587177146343,729.0202303574147,554.9871567030723,732.0456269557981,557.219724424079,735.0689400949904,559.4551129371072,738.0911322299411,561.6920169010864,741.1131692084562,563.9291304910091
696,592.2569144547615,580.1269574969546,594.3653920830293,577.0139658220652,596.5604211354586,573.9613585441812,598.8303605902506,570.9640025787639,601.1643186782549,568.0161972009249,603.5530892000413,565.1126121415002,605.9887044989708,562.2481928416429,608.4643935877502,559.418326135897,610.9759838737932,556.6202696370061,613.5236071625834,553.8549882373391,616.1122700654145,551.1281046978107,618.7502429366435,548.448923011141,621.4466536711304,545.8286022315665,624.2106505763817,543.2797250785299,627.051117674097,540.8164186814943,629.9764924287056,538.4546567406229,632.9943772769612,536.2124198487239,636.1111849060151,534.1099990762151,639.3314736871224,532.1699665584239,642.6570244929204,530.4167194186182,646.0877858645019,528.8798528952747,649.6144664443107,527.5780342392478,653.2201970588501,526.514688649409,656.8917830229759,525.7080747044445,660.613932373114,525.1830154091049,664.3665555721993,524.9672200515905,668.1248262548916,525.053000938085,671.8726727448258,525.3496213091398,675.595804933522,525.8695544844027,679.2739979563578,526.6458485115159,682.8859307907162,527.6871667583702,686.3992313413057,529.0233463628322,689.7826957899985,530.6607273637351,693.0511366124944,532.5187881105024,696.2639576743113,534.4719164636788,699.4473473501065,536.4727283901163,702.6054003559651,538.5132880796015,705.7343953448145,540.5981171805257,708.8280214751829,542.7350416619825,711.8747789769772,544.9382093876031,714.8587336083691,547.2256354509832,717.7784621331945,549.59458081912,720.6463986956768,552.0260113283758,723.4671053012773,554.5120944011961,726.2441192006071,557.0469044240947,728.9812702834319,559.6247208811914,731.6826265643869,562.2400346065938,734.3524463565764,564.8875436215018,736.9951372366622,567.5621405860135,739.615193036139,570.2589211641321
697,594.0669072256015,578.077633255406,596.0547251113079,574.886302972887,598.1435483826734,571.7600936523424,600.3168920315027,568.6919941134497,602.5596621789455,565.674234845072,604.8590937773886,562.6994006337912,607.2084543816425,559.7638301358323,609.6074383200222,556.8686792753647,612.0596971254827,554.0185269690884,614.5700713419571,551.2194450111663,617.1436641530286,548.4783989124301,619.7858906384859,545.8034792942251,622.5024955401392,543.2041694785256,625.2994173313292,540.6915344410852,628.182601125229,538.2784377348802,631.1592814998735,535.9817742652107,634.238723146201,533.8250428070559,637.4307276487124,531.8389648278951,640.7404812762236,530.0563207105869,644.1649949922246,528.5057881528353,647.6917011747084,527.2043041597846,651.301023897056,526.1533310874341,654.9745940655604,525.3554232113747,658.6948381425148,524.8155708956207,662.4439494272291,524.5406799005818,666.2030718917308,524.5394498767107,669.9520640502459,524.8158899859567,673.6732841469145,525.3493359338435,677.3433829136852,526.161536000447,680.9313506142857,527.2820863888362,684.4147256414617,528.6948243782704,687.7738575672124,530.3819237152145,690.9898732686493,532.3280972426085,694.0760133037509,534.4753605576838,697.0969301482381,536.7138682001029,700.0724377537573,539.012419382362,703.0091998379334,541.3603032043983,705.9135924064146,543.7481260275458,708.7891562806036,546.1705987471469,711.6401611655846,548.6219373712928,714.4719059654673,551.0955086155051,717.2884872436879,553.5863349558531,720.0912210629893,556.0927337846797,722.8811943983393,558.6133301892755,725.6595147427563,561.1467662952696,728.4273076842886,563.6917003140323,731.1857146289892,566.2468054071281,733.9358906623769,568.810768388881,736.6790025378589,571.3822882891765,739.4162215291329,573.9600803674354
698,596.1267215557131,576.4072006044319,597.999882641561,573.1471206694279,599.9439113047786,569.9288051768061,601.961123660184,566.7558567482362,604.0536608141553,563.6320803982147,606.2234894990997,560.5614984092202,608.4724025018633,557.5483676222324,610.8020035241423,554.5971884257847,613.2137171247531,551.7127361655171,615.7088708727288,548.9001655647182,618.2888506156052,546.1652159466632,620.9552574944228,543.514480157005,623.7096928607111,540.955365707899,626.5547746977387,538.4974703363564,629.4953292525325,536.1547288997228,632.5388701916467,533.9475761336108,635.6922632949963,531.9006294234349,638.9582370826444,530.0387555014304,642.3341178049716,528.384679657816,645.8127500876424,526.9595804303374,649.3853735463418,525.7903147533553,653.0348128579058,524.8887362693272,656.7441560783531,524.2819251983575,660.4958265825716,524.0598429678702,664.252205540404,524.1963279865856,667.9885253798966,524.6116599241564,671.6924659923394,525.2549260962899,675.3472171761332,526.1352187848131,678.9306793044018,527.2709254278836,682.4150933737318,528.681079864557,685.7663098258134,530.383265429246,688.9574480576522,532.3700400833225,692.0338158618854,534.5314256165927,695.0227200262815,536.8121807197948,697.9184824551446,539.2101783727169,700.7360024347189,541.6997761576595,703.4980066580817,544.2509331763422,706.2374040480095,546.8264099960581,708.9924767372662,549.3850726452915,711.7916384358424,551.8953880636634,714.6270998633651,554.364687917802,717.4516120535781,556.8464459523051,720.2187498566324,559.3919644573878,722.9261405067772,562.0009562327717,725.5766181284921,564.6677617432221,728.1733518232613,567.3869403985839,730.7197862366443,570.1532916253683,733.2195881561511,572.9618642297388,735.6765999178941,575.8079560667106,738.0947482870594,578.687148828034
699,597.8718655575043,572.8788382795744,599.4728868051403,569.4768537669154,601.1746932580847,566.1242929235799,603.0152016741862,562.8459618113349,605.0122820069838,559.6606474904042,607.1592571613128,556.5743211088386,609.4393015317622,553.5848742196688,611.8341219045421,550.6864841054876,614.3276572013644,547.8725188136356,616.9106995526125,545.140467889361,619.5815413055227,542.4942116595075,622.3434733591291,539.9432198797355,625.2009645804433,537.4998060519011,628.1583248531374,535.1783582419386,631.225847566948,533.0048119382111,634.4083975529587,531.0034844696455,637.7047529174837,529.1965825684769,641.1560504679169,527.7082472252611,644.6141781082937,526.2356271457639,648.0103212341295,524.62454403224,651.6316663998915,523.6404453953795,655.3718680017134,523.2787027105232,659.1310781767112,523.2182181593465,662.8891905647675,523.3179745545825,666.629144106796,523.6956027911707,670.3287364642543,524.3616926998753,673.9631230830369,525.3210816175475,677.5039627002153,526.582748232121,680.9299242374124,528.1295601371453,684.2216642211644,529.9446474942404,687.3600087392387,532.0137114520428,690.3492105113872,534.2937217541498,693.2349423635267,536.7037755740268,696.0383972504237,539.2091769719374,698.7892371135815,541.7723946082808,701.5255095037204,544.351191960215,704.2691991193889,546.9220954237439,707.0076882519135,549.4985272000163,709.7081943579099,552.114644516108,712.3306989464921,554.8087733217304,714.8498352859016,557.5998315135397,717.2985194290115,560.4530677113321,719.6992021775927,563.3468222901369,722.0559705196879,566.2764620484443,724.3727680561655,569.237820362142,726.6536965630648,572.2269007328316,728.9029839818331,575.2398692774836,731.1249571282084,578.273042582592,733.3240188227404,581.3228719022636,735.504605170773,584.3859414350509
702,602.3963416909749,566.0573443231194,604.0707051172425,562.6907796039867,605.7377682685449,559.3205810038838,607.4504242877646,555.9733920905825,609.2562712823143,552.6756833395489,611.1941564715912,549.4539388803375,613.2838633242349,546.3286293663823,615.5315979237072,543.3150155618031,617.9379969335846,540.4265733727141,620.503848370566,537.6788718741886,623.2292787068966,535.0894679543972,626.1133571074981,532.6781398373969,629.1528320188843,530.4660274402166,632.341303246431,528.4748317688758,635.6696182830049,526.7275636323927,639.1208602131221,525.2377132274667,642.6796191277303,524.0276884919356,646.3261911169342,523.1143350206936,650.0168533558176,522.3978800328387,653.7554942623699,522.0248837464379,657.5133336255171,522.1044464755597,661.2580058151954,522.4373897702604,664.9737649278663,523.0074779749473,668.6364271827374,523.852913208572,672.21196823913,525.0117483898285,675.6632464121885,526.5005692812532,678.978869259914,528.2716968086495,682.1442063510157,530.2991554613191,685.1383211180622,532.5719135329839,687.9523318952936,535.0645062482607,690.606745813172,537.7268690204751,693.1469731541737,540.4987806569113,695.6203375632062,543.3306511762562,698.0563194102181,546.1947851234152,700.4695154732252,549.0781551553366,702.8659687121727,551.9754579898887,705.2472136325142,554.8852733233792,707.6127022777822,557.807911066865,709.9609310881538,560.7444333096429,712.2908335701675,563.6955161776294,714.5950210323739,566.666703610404,716.8606522688513,569.6673854390345,719.0873230568475,572.6970952492632,721.2775150684721,575.7532839460955,723.4337965025535,578.8334957633049,725.5588081046616,581.9353665158574,727.6552506865268,585.0566202564712,729.725874235053,588.1950645191786,731.7734685393858,591.3485843973199,733.8008305633297,594.5151513903122
709,600.2535915122153,525.0175374616184,603.8865455976897,524.0485069290633,607.5188502698197,523.0770416110134,611.154531710431,522.1183089466479,614.7975183318581,521.1877614982576,618.4515247866157,520.3015455299146,622.1198963491503,519.4769232129277,625.8053857398379,518.7327115824568,629.5098271057022,518.0897295750119,633.2336635251021,517.5712225072097,636.975279284206,517.2031951967632,640.730096415604,517.0145238461597,644.4894363381954,517.0366318169107,648.2392521709015,517.3024250762995,651.9590318911852,517.8441555937683,655.6214311919039,518.6900425624941,659.1960601389517,519.852225953278,662.659965473682,521.3119573764907,665.996020536356,523.0443098365189,669.1917732169136,525.0237697106728,672.2402440152969,527.2235338973843,675.1443556759567,529.6108987492804,677.9170153209175,532.1499981513581,680.5775782602536,534.8065161207668,683.1464547078784,537.5519089194889,685.638864227277,540.3669649216581,688.0631415260298,543.2409268027141,690.4237465561353,546.1674274092926,692.723933671447,549.1416606741285,694.9661644104818,552.15983362273,697.1515430602328,555.219426100796,699.2811807652852,558.318081044684,701.3598068164619,561.4512032378882,703.4006364672148,564.6090968197727,705.4195005763506,567.781091720869,707.439716303727,570.9522238124989,709.4884360853525,574.1049948960516,711.5794742804076,577.2298501900186,713.7068633933998,580.3300913687428,715.856067387623,583.4152626278708,718.0106871676767,586.4966576739176,720.1515671229251,589.5876049998145,722.2630121894836,592.6987192396859,724.338865950589,595.8336951030767,726.3815576148205,598.9903828671876,728.3940079686495,602.1664389998556,730.379199408708,605.3596072915446,732.3401644430638,608.5677130284306,734.2799757953378,611.7886559616243,736.2017225581096,615.0204114353687
710,603.3930798107659,525.312068642828,606.9489733823222,524.0901906159249,610.5123809547179,522.8904283244176,614.0882592899063,521.7284097177095,617.6813320337005,520.6207756654004,621.2959258732652,519.5856455924594,624.9357153674548,518.643108015338,628.6033314425839,517.8157191270624,632.2997774534273,517.12896013381,636.0235925500261,516.6115481021816,639.7697218430304,516.2954082251754,643.5281276169567,516.2150041617475,647.2823468904246,516.4056338357734,651.0084826370501,516.9003527115307,654.6757477185947,517.7242473150461,658.2525906641315,518.8791755742583,661.7098501531029,520.3540324233746,665.0223178941918,522.1305869473879,668.1748910268399,524.1778223551582,671.164702672175,526.4565553530614,674.0002658070678,528.9249212367731,676.6985497098751,531.5429156145136,679.2817529758969,534.2747304242581,681.7786216995448,537.085833047684,684.2190341866014,539.9461658186855,686.6245546159068,542.8359273670393,688.9983950134979,545.7517660021233,691.3349072848999,548.6975872652633,693.6260522861518,551.6788156773105,695.8641272875119,554.7000712412912,698.0405900006615,557.7659905205453,700.1487203187561,560.8792797660712,702.1892976118733,564.037279732738,704.1763527678008,567.2292709463059,706.1401804270376,570.4356333305649,708.1205250502735,573.6317945975377,710.1660379880122,576.7865123248712,712.3247951945502,579.8646838819109,714.6070110739986,582.8526011939153,716.8949557612212,585.836187790197,719.0603822902071,588.909523681598,721.0862518801288,592.0768895166148,723.086512642129,595.2606426415549,725.1099394304209,598.4297227940111,727.1551025821816,601.5848205261399,729.2201334832935,604.7269519226451,731.3031804096264,607.8571700342944,733.4024083868336,610.976560787729,735.5159986534239,614.0862390768236,737.642158910167,617.1873373730543
712,609.3697148522141,518.5246226371569,613.0207023930067,517.6260081272893,616.6839949460991,516.7790360118772,620.3623922824293,516.0004051844616,624.0579677120708,515.3080724860116,627.7717483631353,514.7214886333604,631.5032941039472,514.2617519654907,635.2501637563784,513.9516118506406,639.0072795542621,513.8152229297208,642.7662449589454,513.8775254291314,646.5147413791371,514.1631273460423,650.236216546637,514.6946201079303,653.9113901584523,515.4850344887074,657.5218609727527,516.5318528662714,661.0408875701601,517.8531547659588,664.416762083261,519.50442681493,667.5674250568429,521.5516197662449,670.4123328166238,524.0055312079792,672.9053163046635,526.8168627374922,675.1087010994056,529.8626938777181,677.2107047223428,532.9802028795681,679.4033643501965,536.0343040094646,681.6765300732263,539.0292885139401,683.9727076824797,542.0066897520425,686.278542378667,544.976624101395,688.5779662916752,547.9515210391468,690.8605253137196,550.939372159771,693.1205125557053,553.944328908738,695.3539855604107,556.9690401079492,697.5560346765208,560.016697086331,699.7190203807918,563.0921881123151,701.8346128834148,566.2004568798424,703.8947796977976,569.3457197493282,705.8946896611611,572.5296465127931,707.8537976508579,575.7388829252138,709.7947904690396,578.959118894948,711.7532399676227,582.1687123432431,713.8040699110677,585.3198876106787,715.9707017179278,588.392593771468,718.2278069945819,591.3996344171469,720.5308135971236,594.3717442469427,722.844912495713,597.3352416045987,725.127850344434,600.3227553820706,727.3580135719167,603.3498680381354,729.5377729394312,606.4134834173119,731.6706333513948,609.5099400514154,733.7602485327325,612.6357501292397,735.8103911532052,615.7875963021687,737.8249271951208,618.962324348769,739.8077913926461,622.1569344914955
713,612.7260809265152,522.5648347997964,615.4625382364055,519.9903898840763,618.558328791663,517.8644686165358,621.9916734272244,516.3464026590736,625.6068785706441,515.3150499441649,629.215920033601,514.2606795249361,632.8653112204078,513.3611640120264,636.5918431518052,512.8811506833102,640.350098456157,512.858823075116,644.0969589510396,513.1605354644745,647.8041905931698,513.7805592458202,651.442347143567,514.7252716643476,654.9857550136172,515.9794493322277,658.4069354850029,517.5363788171787,661.6784919900373,519.3871133801647,664.7719041066339,521.5222206236772,667.6634261777986,523.9238301020911,670.3488733581889,526.5542782832604,672.8621734453624,529.3502885474709,675.2869415844594,532.2239103240697,677.6980623804353,535.1090225972745,680.0978972498953,538.0035237507789,682.4730344070999,540.9183086694705,684.8132879388909,543.8611652845894,687.1131931779204,546.8356536396695,689.3682703589574,549.8442626977521,691.5744106481917,552.8889305062919,693.7270408141022,555.9716540847764,695.823083824947,559.093128897547,697.865090982213,562.2502337733202,699.8668484701711,565.433038435693,701.8537023092217,568.6251841997614,703.8587117694179,571.8059341950732,705.9166435990508,574.9526373294639,708.0557840117874,578.0446442087225,710.273815952924,581.080617654389,712.5421628519756,584.0792609184416,714.8186040978943,587.0717777383544,717.0529128399913,590.095805550567,719.2194369244281,593.1687409312534,721.3209391758614,596.2865443463595,723.3852066068337,599.4291805123893,725.4693885729664,602.5586125798395,727.5971621138285,605.6585716118685,729.7658375072765,608.730059924419,731.9723516187869,611.7744834055411,734.2137028511811,614.7933552386133,736.48695421737,617.7882830348699,738.7892344551547,620.7609568994568,741.1177574421406,623.7131225944063
714,612.4346040975,517.2132310477467,616.0292708525265,516.1110096988306,619.6551676941316,515.1165112150429,623.3138669761548,514.2507158613606,627.0051257834926,513.536790504325,630.7261714132419,512.9999894405937,634.4708583529119,512.6671769026508,638.2288036154008,512.5657939156206,641.9847219106387,512.7221263508485,645.718451573273,513.1578200853024,649.4086277428485,513.8743841829829,653.0311042310507,514.877811280077,656.547449006589,516.2050011453158,659.9025073259862,517.8979495412577,663.0442605392162,519.9599351418904,665.9482940606265,522.3458804515366,668.6304629414149,524.979521997477,671.1223729247555,527.7943782884248,673.461009614374,530.7381406227524,675.6849806968971,533.769672274542,677.83379449816,536.8550583622863,679.947723203458,539.9645056829581,682.0700871973312,543.0681869727763,684.2405332016182,546.1383736974478,686.4812198829408,549.1576628751707,688.7790665775409,552.1337379084661,691.1037860202725,555.0889114431271,693.4233425049476,558.0481336854889,695.7123182839572,561.031041440084,697.9479894136833,564.0540610414147,700.1139270808388,567.1273970878897,702.2074668320378,570.2505283658614,704.2454262082814,573.410259746694,706.2597847888211,576.5851201148287,708.2905600177123,579.7494790820888,710.3789796399122,582.8760069718953,712.5530064526268,585.9435985457037,714.7978348652157,588.9598457353385,717.069886515856,591.9557030134557,719.3234237771377,594.9654866231213,721.5320220739053,598.0083733119877,723.6898214938856,601.0874916321333,725.798589895539,604.2004022357711,727.8620680542504,607.3435250062909,729.8841735218922,610.5134294691491,731.8689434948471,613.706849347455,733.8205090096353,616.9206737779087,735.7430732868754,620.1519352376009,737.6408939292775,623.3977949066984,739.5182564782951,626.6555330165104
717,622.4911562651054,511.8578962010735,626.1711346314457,511.0879723104357,629.8134542543048,510.15498740725747,633.5062902435174,509.4587098056729,637.2587332307593,509.29696233350046,641.003693004788,509.617766887643,644.7108460376647,510.23939471797036,648.3482255820168,511.1867102140511,651.8910347048472,512.4428896122234,655.3204930223476,513.9819620741287,658.6184236912204,515.7858759471912,661.7704271489571,517.8342435502112,664.7641016759557,520.1078449463939,667.5908344664318,522.5860508495398,670.2468247049115,525.246556514544,672.7317018164252,528.0676269963166,675.042917760316,531.0326988945226,677.1848316546779,534.1224095769252,679.1642363346847,537.3187071241696,681.0025141487672,540.5985194366123,682.8327613498573,543.8828880312313,684.7677152938899,547.1064318344872,686.8086558259877,550.2642154369164,688.8492230041305,553.4222688730985,690.834965976719,556.6150251360815,692.7609601578664,559.8442121182568,694.6563234541208,563.0915143861657,696.5720888519066,566.3267766087849,698.5710487864691,569.5111457965515,700.6762073784771,572.6263400313912,702.872608065565,575.6779706891979,705.1335713163924,578.6821469980965,707.4360795735716,581.6546400715166,709.7584688685748,584.6116454191357,712.082306816086,587.5675137991554,714.3963473885786,590.5310556725697,716.6974187164293,593.5046784138715,718.9855956476749,596.4882351522594,721.2617530177778,599.4809721695981,723.5272822093895,602.4817639967807,725.7859886505079,605.4876960016339,728.0425214147343,608.4952605486932,730.3055741338752,611.4979180895288,732.5873193652263,614.486390403445,734.8892061566988,617.459377482999,737.2098318030354,620.4177618463882,739.5478112816846,623.3624518809405,741.9017767735374,626.2943794834495,744.2703771774975,629.2144976727336,746.6522881158944,632.1237695716651
719,626.0358280021213,507.46298487034113,629.7835583253509,507.1655366265237,633.5421557529278,507.0924818413649,637.2960484856404,507.28887261848473,641.0194714648759,507.8024293107761,644.6742681082317,508.6782720853288,648.2108197740297,509.9491587378826,651.590679034083,511.593003130304,654.80332617336,513.5443039568281,657.8501197372921,515.7461535778294,660.742980917421,518.1470809947562,663.4981241574067,520.7051200421113,666.1306723705086,523.3893124772283,668.653040755758,526.1773955645845,671.0762900299156,529.0521139547567,673.4104115624492,531.9997066343678,675.6643135003566,535.0091191469744,677.8458722149035,538.0714057512442,679.9619303560564,541.1793333975929,682.0186795111974,544.3268393909354,684.0225318222598,547.508298547243,685.9813922740688,550.7176697408421,687.9044370594231,553.9486411714865,689.8016925137897,557.19483270063,691.6842554850977,560.449572828947,693.5660569930654,563.7047531013336,695.4691436182853,566.9475165542194,697.4210636154907,570.1610712457976,699.4554997278674,573.3229053511583,701.6052587261748,576.4074501154083,703.830310813627,579.4383479662447,706.0208078435764,582.4940907338782,708.0650750054544,585.6493113114312,709.9787744610244,588.8857484631274,711.9466428331309,592.089157050659,714.0998717405752,595.1707621791498,716.4537760591551,598.1017673054756,718.9950924059949,600.8723543562907,721.5784127825998,603.6043074285539,724.1186907056248,606.3763437110882,726.6315888570992,609.1732443957178,729.1250981777314,611.9874497897997,731.6020950710257,614.8162012869501,734.0641298967587,617.6579859773798,736.5127737301119,620.5113183076023,738.9496178000667,623.3747355871665,741.3762704016331,626.2467957270576,743.7943540481753,629.126074762013,746.2055028354905,632.0111641931768,748.6113566055077,634.9006709966211
722,636.7410181524365,504.19922159994127,640.467754239564,504.6851771081152,644.1175796188398,505.5797756372731,647.6361313466631,506.89926270260463,650.9799258729992,508.6144714983278,654.1268707664838,510.66948718962067,657.0826285091798,512.9919740756062,659.876253138379,515.5077623823292,662.5439332299446,518.1570775995057,665.1121417297671,520.9030632681282,667.5919607704498,523.7291456269811,669.9816124154597,526.6318623729514,672.2754564446179,529.6108504291669,674.4657452967517,532.6667574655027,676.5434790199223,535.8002498675856,678.4990316495799,539.0113829580172,680.3252970239469,542.2977790241061,682.0379928667138,545.6448759396661,683.6864117865315,549.0242271330558,685.3448269035123,552.398663172491,687.0792170832491,555.734570608066,688.9151225364836,559.0156775309165,690.8496083548915,562.2396824749998,692.8680195521289,565.4118634346386,694.9546370416028,568.5396380750374,697.094826245283,571.631030862999,699.2755061784317,574.6940150230179,701.4848381225303,577.7364106146472,703.7117602879299,580.7659619287925,705.9482317773064,583.7884732260083,708.1907252006672,586.8065195331682,710.4398237994096,589.8196462589939,712.6979567481005,592.8260072243345,714.9680351687989,595.8233569181668,717.2532041782681,598.809215376228,719.5567764758525,601.7808960723625,721.8821568243268,604.7355393200721,724.2329705695291,607.6699829064249,726.6124696967148,610.5812101608265,729.0243047748344,613.4656969738551,731.4723847282762,616.319486765156,733.9494047551307,619.1482100110426,736.4481188774716,621.9577921863913,738.9658270704232,624.7503686173131,741.500057474276,627.5279621178963,744.0483759538083,630.2926379339499,746.6083820171508,633.0464964564488,749.1777040837023,635.7916665078644,751.7539942271767,638.5302991231191,754.3349257303821,641.2645586950035
723,639.2401028685989,504.01979772973635,642.9101771790924,504.8297905896419,646.481440243533,506.00145432473374,649.9321833539087,507.49176955751466,653.2460376463699,509.26604368304845,656.4089278581538,511.2974288934147,659.4078190140443,513.564012621324,662.2277010330522,516.0497719488795,664.848753213634,518.7442880917806,667.2500590159077,521.6363079709303,669.420682520902,524.7054164305475,671.3762841341452,527.9161100058709,673.1599889133205,531.2257271772194,674.8324833894156,534.5931481997659,676.4627810877917,537.9812894743001,678.1170969795056,541.3577355411933,679.8305668126619,544.7045155872231,681.6005185129513,548.0218118748496,683.3980151302546,551.3242922425151,685.1910098222028,554.6292168655849,686.9627727250904,557.9455674667361,688.7238531015298,561.267611546001,690.5130533903584,564.5745450605185,692.3908592534068,567.8317651347095,694.4336101604925,570.9877130260892,696.6703403591858,574.0093001165607,699.0540675796677,576.9168751205262,701.4788693954002,579.7904987101612,703.8734129905926,582.689310195755,706.1999785278209,585.6428945763231,708.4521437817193,588.6536425554658,710.6578039361254,591.6986990820037,712.8682506546392,594.7402738947014,715.1297005147713,597.7440408840993,717.4651558906897,600.690614722226,719.870575212044,603.5803836753208,722.3328834356334,606.4218743689703,724.8374642927255,609.22620606579,727.3707788528483,612.004627315989,729.920247464873,614.7682447883018,732.4702157152118,617.5314010257184,734.9964009419147,620.316279191048,737.478762317417,623.1402786326122,739.9175861795886,626.001968643085,742.3156141917814,628.8979367072515,744.6757228308674,631.8248961181013,747.0009006808745,634.7796861002241,749.2942283427358,637.759268730292,751.5588609800442,640.7607231817902,753.798012657484,643.7812383396354
725,644.7903404386315,503.677679959682,648.3306897693884,504.9390963845414,651.7153056523072,506.5722036389153,654.8846848519611,508.5908942258194,657.7877079198317,510.97696873533226,660.4059077328869,513.6733054829201,662.7707926437396,516.5952356017183,664.9450651813079,519.6623210789536,667.0073163912517,522.806188958106,669.0201460093755,525.9819908370732,670.9897802836417,529.1847382613759,672.8827028263047,532.4333054276838,674.674541822335,535.7386908996485,676.3733460237055,539.0929151941774,678.0135769702167,542.4762372460309,679.6341808304082,545.8690274547668,681.2743120743859,549.2523982633568,682.9666452074869,552.6099255305404,684.7277427326063,555.9318784328738,686.5599299752932,559.2151614647635,688.4600183947725,562.4596289507209,690.4236623285499,565.6660387346508,692.4461328467476,568.8356800880209,694.5232229043297,571.9698072857323,696.6510152272162,575.069742173204,698.8256712809956,578.1369894520486,701.0433652300574,581.1732708365935,703.3003018475436,584.1805024777472,705.5927427040008,587.1607627335558,707.9170125204299,590.1162719183226,710.2695332040839,593.0493480810709,712.6469477844591,595.9622866597014,715.0452554547509,598.8580520151434,717.4597373610454,601.7403489332897,719.8857269143895,604.6129690152104,722.3201560269855,607.478441437158,724.760902708685,610.3385351750517,727.2060586749194,613.1948606876947,729.6535751279343,616.0491640401023,732.1017971992788,618.9028622354924,734.5476832586489,621.7585624036373,736.9914311822938,624.6160928438064,739.4403140190686,627.4692228031291,741.8961402119328,630.316378518321,744.3587715203355,633.1576502825865,746.8280699238128,635.9931297540597,749.3038981083346,638.8229095111933,751.7861194649219,641.6470830257317,754.274598087385,644.4657446362421,756.7692060745226,647.2789830369818
726,647.0268330876135,504.11183106035014,650.4077164299359,505.75384533499806,653.6104447589803,507.72057486550136,656.5937080950258,510.0063498141413,659.3201866351233,512.5930536330208,661.7745890217437,515.4395771951649,663.9760345983519,518.4866009539586,665.9748441415018,521.670731130583,667.8325531969243,524.9395258341605,669.6165284176027,528.2493059400056,671.3927288827691,531.5632813238923,673.209103882287,534.8553791907307,675.0747779182423,538.1197971250941,676.9726912362366,541.3656045025241,678.8792889494383,544.6063248711945,680.7721019419585,547.855104586966,682.6276587071675,551.1252798293422,684.4276631894728,554.4263342590424,686.1702911150626,557.7580538710629,687.8740551031661,561.1098466719573,689.5734655382862,564.463852969207,691.3126551714378,567.7973442430293,693.1470507185597,571.0792109574334,695.1163262348907,574.2819203090534,697.2075952541543,577.4064274663789,699.3935922564972,580.465511722771,701.6483695862224,583.4743216471305,703.9508793131545,586.4468017828528,706.2844701483127,589.3949622841901,708.6414108931885,592.3244934553022,711.0197314879204,595.2366940072842,713.4196212557576,598.1311455783245,715.8407283228161,601.0078735303376,718.282366950209,603.8671965391884,720.7434140659188,606.709832894903,723.2223989796291,609.5368411472089,725.7177585635637,612.3494074917779,728.2279912863677,615.148708567679,730.7519383069779,617.9356513078648,733.2882493020204,620.7113479821357,735.8354094852901,623.4770920013844,738.3947209354798,626.2315959237259,740.9513564056925,628.9885788883378,743.4856298944109,631.7661235184074,745.9960114412596,634.5652817276513,748.4831521980981,637.3851112896589,750.9477247993916,640.2246878972672,753.390421640839,643.0831054436927,755.811953239766,645.9594761688522,758.2130456337173,648.85293161781
727,650.161571659681,504.1813127832841,653.3450766617988,506.1792149516497,656.3329913796487,508.4598416713953,659.127263788063,510.97423534515406,661.694724029813,513.7192825648058,663.962875046982,516.7155265364744,665.8601254656652,519.9593641844217,667.4153784902369,523.3812883955006,668.7490195726929,526.8965332147471,670.0605738925844,530.4201885357678,671.576388736827,533.8599047586135,673.4104341141663,537.1407305559543,675.3876020469689,540.3388640944393,677.2924212091622,543.5804263611213,679.0824364645462,546.8868000344795,680.8001938102985,550.2314248626037,682.5128688818834,553.578667692886,684.2705020999722,556.9024878165259,686.0891018321018,560.1933319108036,687.9697898617226,563.4490936259724,689.9111985571834,566.6690176469624,691.9129638695115,569.8517675476106,693.976194765484,572.9950147921775,696.1029432559305,576.095631883544,698.2937051470047,579.1513549480727,700.5452811343218,582.1625615970777,702.8499504232435,585.1333496871819,705.196757924545,588.070984666624,707.5747546348764,590.9834448006281,709.9736974720673,593.8786860815316,712.3840479570543,596.7644422040008,714.7974536042143,599.6476449208697,717.2097746527292,602.5317550809103,719.6218903508577,605.4160369691816,722.03881360192,608.2962900288474,724.4671575796281,611.1669169658177,726.9137392559508,614.0220100538952,729.3843890132051,616.8562953694657,731.8823710752771,619.6665197537304,734.4063594659774,622.4534140434162,736.9513028719412,625.2211929430198,739.5106419288132,627.9756710134975,742.0790725819816,630.7216751502181,744.6552247693196,633.4604369456451,747.2384420371664,636.1925361771845,749.8280724703432,638.9185576658745,752.423468360002,641.6390907497242,755.0239858494266,644.3547287764972,757.6289845597641,647.0660686148465,760.2378284773667,649.77370895057
728,653.0428831681498,504.5962226792648,656.0376669331911,506.86640284000106,658.7552357202637,509.4619838352615,661.1608859568283,512.3490846694158,663.2365128305776,515.4822007143301,664.9980091899012,518.8026786002488,666.5088801203352,522.2451281775361,667.8766002717559,525.7474316619171,669.2471083268961,529.2486179385309,670.7673274251089,532.6871055318284,672.4463686181057,536.0510994806859,674.1801054415586,539.3874825858253,675.8657237916003,542.7484059676685,677.515860904178,546.1269277112332,679.1856967899437,549.4957163053788,680.945135600976,552.8183798179564,682.8411557681959,556.0649758574551,684.8631497297548,559.2347828303926,686.9554060678711,562.3588279240516,689.0664717906503,565.4702236237417,691.1563561533668,568.5958530344737,693.1900673845269,571.7582783088684,695.1642734689034,574.9582171685495,697.122674934944,578.1678880671127,699.1591028444357,581.3282614950698,701.380477769944,584.3610314793966,703.7888847811425,587.2477750731596,706.2970153086533,590.0489232290538,708.8111484024746,592.8447212266087,711.3003383152627,595.6627312419921,713.7588326116378,598.5075618875265,716.1910131648148,601.3749319864603,718.6055748309933,604.2571627853935,721.0132957189707,607.1451143793676,723.4272117971684,610.0278856011288,725.8607656398144,612.8940858115357,728.323383962979,615.735345757812,730.8163789761049,618.5499941088077,733.3329989316253,621.3435499791274,735.8633526219194,624.1246800120953,738.3949847657905,626.9046470960284,740.9153112428063,629.6948642168951,743.4225875586886,632.4968147945833,745.9179070572445,635.3094196742055,748.4023765702832,638.1316139454975,750.8771147633878,640.9623459022412,753.3432505766464,643.8005759081991,755.8019217653064,646.6452751708271,758.2542735303954,649.4954244360024,760.7014531720807,652.3500160892775
729,656.5844800058647,505.73082965397145,659.2391375252773,508.38730056091526,661.441946442274,511.4303525606949,663.254071051045,514.7230669393709,664.8062251592205,518.1471799533413,666.2279698514732,521.6278895093297,667.5924910731951,525.1315133605299,668.9595561516944,528.634140881469,670.3858219614616,532.1130082091321,671.9068866853612,535.551429110887,673.5256901372486,538.944950590059,675.2267244457832,542.2980599760791,676.9893613376695,545.6192348856362,678.7965871420657,548.9163811233924,680.6336503377026,552.1970102966861,682.485722401374,555.4691972482308,684.3400346583555,558.7401161143266,686.1909200564082,562.012975320492,688.0449883678442,565.2840310942264,689.9173814514223,568.5446205936194,691.8276078760582,571.783163858437,693.7960789521568,574.9865958984212,695.8425337317208,578.1407221253528,697.9851656520422,581.2302498613294,700.2353343270722,584.2423269418942,702.5899962964818,587.1734912499894,705.0253562283408,590.0380651423562,707.5122271066263,592.8581105095567,710.024568176928,595.6555188320771,712.5421749074893,598.4481946454288,715.0472649338502,601.2520919401259,717.5212823327786,604.0834135287988,719.9482483979285,606.9551435742848,722.3244219945299,609.8690643605595,724.6758702974505,612.8030147896305,727.0614260701063,615.7091826819336,729.5376869014123,618.538297561542,732.1174888333874,621.2734054500402,734.7561100009785,623.9520038672865,737.4059848895184,626.6194989125742,740.0289316096275,629.3134224387347,742.5973449851132,632.0593465899678,745.1083327672928,634.8578932347162,747.5653430137874,637.7039597507561,749.9720970723826,640.5926608646173,752.3325382934123,643.5193374197636,754.6507863716205,646.4795565411997,756.9310982125669,649.4691043449526,759.1778352441877,652.4839727507149,761.3954362088746,655.520342306794
730,658.2020282337483,506.92254971288355,660.1872701697456,510.110031836396,661.6810674610305,513.5581588714742,662.8809363971172,517.1211339645604,664.03804834732,520.6985102487062,665.3746832523622,524.2120950315361,666.9718214884347,527.6151218777607,668.7343358466339,530.9362642284203,670.5523973650077,534.2274610913544,672.3732288623995,537.517133539317,674.176731344644,540.8163332394709,675.9630702393997,544.1248615478318,677.7447662505946,547.435894837748,679.5382514361183,550.7405522048163,681.3555408463931,554.032170497733,683.2075722033254,557.3043552087111,685.1024682455878,560.5518963586121,687.0444716717864,563.7714849151137,689.0344902991684,566.9616178773597,691.0719032615486,570.12169350803,693.1552169054527,573.2517013694592,695.2825976697172,576.3519287535196,697.4524259690864,579.4225989107653,699.6633497807011,582.4638148795316,701.914266838207,585.4755514311648,704.2040218629718,588.4578688434138,706.5308629093229,591.4113454629414,708.8919685163474,594.3375068194989,711.2839547582466,597.2384841610099,713.7032968709948,600.1166912951138,716.1465689640372,602.9746163662189,718.6104533498576,605.814793566687,721.0917125988509,608.6398070184816,723.5871512031127,611.452305485304,726.0935654618386,614.2550290430444,728.6076792849523,617.0508493111766,731.1261335358005,619.8427611773733,733.6453088769864,622.6340225520988,736.1613284355257,625.4281282808474,738.6713009248996,628.2276668082812,741.175809326464,631.0320954635605,743.6770732639047,633.8394184267615,746.1755846469462,636.6491914798626,748.67163311829,639.4611527138468,751.1655090095005,642.2750409807284,753.6575032530092,645.0905958090041,756.1479072984216,647.9075573152479,758.6370130301078,650.7256661145731,761.1251126858672,653.5446632301368,763.6124982348189,656.3642904796386
731,659.8073024859933,508.76038261354404,661.3534159094088,512.1843429331369,662.5549953195109,515.7466671388083,663.7021049629849,519.3273505356285,664.9584349898311,522.8709016057476,666.3726135294294,526.3544546040329,667.9277323087484,529.7775395553208,669.5845323146344,533.152702019801,671.3034238617018,536.4967394098551,673.0557991340376,539.8233760934226,674.8221690169934,543.1426106287727,676.5862566850126,546.4630571905811,678.3296586297791,549.7943995719488,680.036536421009,553.1445899845796,681.7260985239488,556.5035684757952,683.4699930052602,559.834508895201,685.3527603551345,563.0886889802248,687.3773716963734,566.2567599079151,689.4886975394655,569.3679268138917,691.6218898185831,572.4641941536943,693.7351101324617,575.5741076743709,695.8191612871383,578.7036511840843,697.8985344896823,581.8363090027233,700.0219461851258,584.9391983308402,702.2358999803417,587.9780128050962,704.5541904936687,590.938001537829,706.9633081850528,593.8246412321885,709.4382992606332,596.6550766801399,711.9587017323533,599.445194520893,714.5078254762172,602.2091199935257,717.0715596307061,604.9595092652752,719.638469339295,607.7069369779233,722.2014808901632,610.4580005701694,724.7581469054271,613.2149621443783,727.3087893976644,615.9774977877963,729.8547341888374,618.7443637811513,732.3973223963653,621.5143148187005,734.937401464096,624.2865670209327,737.474630847405,627.0614273567212,740.0071531654382,629.8405836625697,742.5312282735281,632.6274112490861,745.0375739626608,635.4301843734627,747.5204024242465,638.2538114756954,749.9810421837441,641.0967978156347,752.4212551272508,643.9573381996219,754.8428401380105,646.8336668728061,757.2476278792032,649.7240553548041,759.6374760663847,652.6268097895928,762.0142651988264,655.5402678809901,764.3798936139157,658.4627963827984
732,662.0313758644348,510.390317587109,662.8557975875136,514.0587122273023,663.7678151942544,517.7062952310692,664.7768275610488,521.3282230856872,665.8919335046272,524.9188803440775,667.1212490731177,528.4720361877868,668.4509857593903,531.9889352759635,669.8503622217358,535.4787303226262,671.3264342594949,538.9367556020246,672.8848307174526,542.3584681888713,674.5196923986674,545.7443382492031,676.214999308839,549.1003877037725,677.9478910577662,552.4372107956768,679.7054456344656,555.7611131508025,681.5113859302242,559.058883787501,683.4340750035583,562.2896447181989,685.5477123945136,565.3985022235494,687.8254056795504,568.3897342041148,690.1772072399781,571.3233883823148,692.5087718591584,574.273100185617,694.7636184970731,577.2817455203918,696.928232316714,580.3559818755134,699.031591866885,583.4725708704111,701.1399742001586,586.5857385322763,703.3396636205719,589.6347819463195,705.6904468145522,592.5686128390331,708.1869652901127,595.37980287725,710.7696829712974,598.1122793988986,713.3845162678776,600.8141334828349,715.9898545422981,603.525125304076,718.5542194100963,606.2748467043239,721.0589365116244,609.0789930371067,723.5083228919127,611.9316359512005,725.925838713966,614.8113860916476,728.3393699234857,617.6944818217556,730.7686864666947,620.5642810191945,733.2202237082704,623.4151179113118,735.6950802336855,626.2457348315515,738.1925912964001,629.0563843853621,740.7117625277427,631.8476374652352,743.2519478690194,634.6197801627826,745.8141221896987,637.3716102048182,748.3983462749725,640.1027455090615,751.0029503888742,642.8144537919076,753.6262094401702,645.5081215122825,756.2664283730853,648.1851695991993,758.9219409931585,650.8470492034814,761.5911083922192,653.4952377770385,764.2723170246259,656.1312354648021,766.9639850386732,658.7565529916611
733,663.4169808998683,513.7627713465472,664.2654522656692,517.425214483399,665.0587968975311,521.1003665195351,666.0990367921764,524.7122580956744,667.4505969780383,528.2198496230385,668.9603077392879,531.6633925321162,670.4332244507984,535.122805730906,671.8477529813463,538.6065146485232,673.2215587256771,542.1065106562867,674.5950633678984,545.6066238751183,676.0203615606238,549.085903134211,677.5402944227393,552.524777590031,679.1979178360673,555.899261097659,681.0228827857266,559.1861379544156,683.0148081712238,562.3747165318397,685.1357409521605,565.4791716345093,687.3415734144664,568.524032805941,689.5928337462433,571.5355291230753,691.8545417136136,574.5392023949971,694.0946947305779,577.5589648515531,696.2981174252426,580.6056228428644,698.4733143390949,583.6725218036123,700.6500638164673,586.7383145109558,702.8715774522336,589.7717335675975,705.1903791232763,592.7312213639544,707.6441915864111,595.5795764137567,710.2279967663218,598.3108167192066,712.8832985830849,600.972860850719,715.5497807237583,603.623749481451,718.1824580971044,606.3081449841341,720.7560009617575,609.0492437247693,723.264993119617,611.8495630834545,725.7218009174853,614.695827497531,728.1500416187168,617.5665418223973,730.5767552050796,620.4385495467826,733.0234533406021,623.2935375008686,735.4979211762545,626.1244866504484,737.9993587076123,628.9316388826766,740.5233348444253,631.7185490702915,743.0651391178758,634.4892130244433,745.6205031432198,637.2473789470027,748.1851983803919,639.9968725395197,750.7561971373335,642.7404732592977,753.3327580365717,645.478851301372,755.9143776506828,648.2124608770675,758.5005550927798,650.9417589703811,761.090791800474,653.667205037821,763.6845913088904,656.3892607182088,766.281459015288,659.108389550279,768.880904898291,661.8250538617201
734,664.2117718899988,515.2313260040345,664.8083477479179,518.943443604166,665.392849113867,522.657609813431,666.1473223542947,526.3404129304521,667.2003003688318,529.9484897863459,668.5411925312715,533.4605908133235,670.0350508185065,536.9109414094468,671.5730082646704,540.3419854637375,673.1108047698352,543.7731021769775,674.6489838593999,547.2040465173285,676.2179872766314,550.6209561737065,677.8754255321811,553.9956958758459,679.6757466297746,557.2961881964663,681.6588111627013,560.4899968697371,683.8305694268279,563.5587703409113,686.1393017426325,566.526217144374,688.5098880999199,569.4447142302681,690.8697951071937,572.3718230550103,693.1646281234562,575.3501201281999,695.3718248680474,578.3939314700998,697.5197434704911,581.4799790176011,699.6731765873548,584.5621606755121,701.9001696257574,587.5914761735504,704.231934091992,590.5408366690298,706.659349399937,593.4120804027325,709.1580943453966,596.2215559409813,711.703417164516,598.9889606023182,714.2729930908674,601.7338893427917,716.8466743265369,604.474973789896,719.4054237849717,607.2299864754025,721.9328340173055,610.0137562494135,724.4191097115369,612.8343136465639,726.8631257302299,615.6915735226964,729.2710530878562,618.5793297538373,731.6545339492712,621.4873122847192,734.0285541945287,624.4030303239045,736.4088428167278,627.3136287851681,738.8099592446216,630.2070556429428,741.244882930941,633.0720695958726,743.725609728222,635.8974883429313,746.2635596268793,638.6715815624489,748.8716176716202,641.3798051342098,751.5572439735691,644.0111255909584,754.3139220735206,646.5679422732394,757.1337082092859,649.0550149109782,760.0090748738188,651.477640799199,762.9329394129664,653.8415311194518,765.8986660503048,656.1527049215413,768.9000473892988,658.4174019274468,771.931283444302,660.6419964978965
735,663.2603876150882,518.560039777891,664.4580746697126,522.1241115799129,665.7151874891299,525.6676582860609,667.0319333471764,529.1894802595,668.4084897664276,532.6883566276376,669.8453066485489,536.1629179339974,671.3625988322583,539.6029938163847,673.0247516487593,542.975020319189,674.9149732975368,546.224678843296,676.7192521822182,549.5213128653334,678.1645590313547,552.9913941100465,679.4874967846288,556.5109171071399,680.9676247594725,559.966280807932,682.7542919050481,563.2728146437337,684.841519795014,566.3990772119649,687.1256137634831,569.3852608804802,689.5238076558092,572.2809781518093,691.9717924970145,575.1348672258137,694.4162151095796,577.9918005818583,696.8158101061075,580.8864334597793,699.1571336003896,583.8283968285502,701.4546137355766,586.8047793473551,703.7426642868083,589.7884324772953,706.0631460199029,592.7468781831512,708.4485016127268,595.6532014210895,710.9017687333509,598.5024693736239,713.4031828777906,601.3096285769733,715.9247066632109,604.0987667958292,718.443348902472,606.8905043567648,720.9392224350235,609.7025940002814,723.3960237258686,612.548857039227,725.804398151989,615.4362071842414,728.1681761642702,618.3601993294302,730.5036967180829,621.3068394611162,732.835821948229,624.256171431733,735.1949946210123,627.1838693771265,737.6166492400088,630.059992567635,740.1311690913575,632.8551573962314,742.7436917989285,635.5590218014878,745.4300904011416,638.1896248714764,748.1580694435604,640.7771732777292,750.8931306652931,643.3572524077206,753.6152187664466,645.9510116815602,756.3235039264085,648.5591804894217,759.0183844310595,651.1811977025638,761.700266752685,653.816508784838,764.3695650479108,656.4645657912715,767.0267006773659,659.1248273346084,769.6721017474098,661.796758521544,772.3061912712794,664.4798420327103
736,669.4042114247293,519.5025931609787,670.1924911349269,523.1744506158451,670.4001139134582,526.9262754473857,670.3456232755104,530.6857573194127,670.6540881673636,534.4278330465775,671.6979246123351,538.0330570173292,673.3403096292673,541.4133435228791,675.1081144851929,544.7317879445942,676.7938370101278,548.0924744838836,678.3425938990549,551.5183350596277,679.7681022277139,554.9975216039186,681.1780535487123,558.4830996836688,682.6759383359754,561.9315599861279,684.3658881710161,565.2894053356359,686.3303841320536,568.4938920769979,688.5677838085185,571.5145998035653,690.9513794860367,574.4223769729159,693.3564656540814,577.3125088470895,695.7207556680186,580.2360711269754,698.0434508337504,583.1928162812238,700.3544756220865,586.1587124330591,702.6882908194608,589.1066774005055,705.0668872929789,592.0186098965365,707.4926520623444,594.8913720615141,709.9593807432042,597.7290540157236,712.4586238984878,600.538155362019,714.9821676119649,603.3254567747072,717.5225073184295,606.0974654366837,720.0729112560232,608.8602208032776,722.6271930578118,611.6193926008503,725.1795695510806,614.3803264263253,727.7245574651533,617.148070210975,730.2567414204722,619.9275294004448,732.7714415512494,622.7228131913193,735.266412061763,625.535721410078,737.7436032284088,628.3643027378894,740.2077589279519,631.2042509697668,742.6639671632322,634.0510775032812,745.1168763356027,636.9007478588628,747.5709321421849,639.7494305895802,750.0301666225838,642.5936428458264,752.4979336436976,645.430453787725,754.9759901508962,648.2582808002247,757.4638650642833,651.077473957851,759.9608407122662,653.8886100446392,762.4662051275235,656.6922727085606,764.9792517458601,659.4890518278746,767.4992790735992,662.2795429025723,770.0255903251397,665.064346470812,772.5574996842638,667.8440614822749
737,663.1895039635648,523.7960284029595,664.9976831183266,527.0926485554454,666.762681717507,530.4125782728086,668.4772508248346,533.7588198242269,670.1339276625329,537.1340853147414,671.7250444449194,540.5407328643292,673.2427546243958,543.9806966267413,674.6795571330437,547.4552208287417,676.080347949463,550.9444963505733,677.5772923752153,554.3933217116397,679.2508341263211,557.7597283318296,681.1003288721022,561.0329838849075,683.0803978638642,564.2291324592219,685.1482471525269,567.369329640448,687.2661865039324,570.4760271243017,689.4146311668967,573.5617165352653,691.5985598072675,576.6223627068099,693.8450642012808,579.6372953829159,696.1833072284646,582.5815502345366,698.6140653208054,585.4499688384344,701.1147939959068,588.2576859227541,703.6592016955362,591.0259351545374,706.2293143538436,593.7703573663753,708.8115483111885,596.5033861844134,711.3938761383464,599.236326390171,713.964834297863,601.9799582443858,716.5145252177701,604.7433554595186,719.0378388664865,607.530856324379,721.5350013201171,610.3418129429851,724.0101734173859,613.1721578454607,726.4684960462648,616.0171545158304,728.9159627798293,618.8714990836885,731.3590800126241,621.7295688289878,733.8040787634991,624.5860286918025,736.2556732893789,627.4368283328535,738.7170447377114,630.279189638784,741.1911253170385,633.110493097536,743.681223679493,635.9277172435319,746.1887220426192,638.7294656750117,748.7100078116991,641.5188179776462,751.2368919238266,644.3031026472304,753.7592187744614,647.0915144361909,756.2695701848618,649.890708988663,758.7660378529081,652.7022935383885,761.2497615353085,655.525143130909,763.7219409277745,658.3581091393712,766.1837893192333,661.200058047713,768.6365317522848,664.0498701377901,771.0814033072261,666.906438062418,773.5196431477111,669.768669023331
738,670.384694494855,525.5110244600025,670.5576597602602,529.2663072844011,670.6231236324766,533.0256956290522,670.8002114070671,536.7810729632763,671.2202074274433,540.5166373263513,671.9550912242371,544.202645827069,673.0773229749348,547.7891271946053,674.5910316507492,551.2289802371521,676.4241377672903,554.5107147423194,678.4626772920078,557.6696534902233,680.6171117880388,560.7510457668918,682.836565416178,563.7860244257245,685.0970337166434,566.790607491033,687.3857041634162,569.7737774672736,689.6928329633969,572.742702232651,692.0114086454719,575.7026990837841,694.3378231172966,578.6565394816986,696.6728494554669,581.6035753227126,699.0226121833291,584.5388697309628,701.395154247334,587.4557735968624,703.8005797725265,590.3456006511308,706.2494925628962,593.198652187196,708.7452716438968,596.010798731615,711.279561015534,598.788317897563,713.8378166094953,601.5437981060255,716.4052050175712,604.2907783381988,718.9677645441201,607.0422601810491,721.5122650970052,609.8104385782539,724.0288989830285,612.6039663751627,726.5140426403517,615.425545445231,728.9708242913922,618.2718609208655,731.4043414997826,621.1380986794901,733.8200125272009,624.0193980394414,736.2233026568533,626.9110357230028,738.6199257251965,629.8082034115487,741.0159390510505,632.7058755657658,743.41783259035,635.5986735304358,745.8326690511653,638.4806711125583,748.2683027299921,641.3451055814623,750.7333385541538,644.1842635748147,753.2361195022992,646.9901888508826,755.7799482110767,649.7589626492164,758.3557068246363,652.4980743733909,760.9577996661674,655.2121854197362,763.5836277034105,657.90334331054,766.2306688998641,660.5736415298354,768.8964539279712,663.2252305059902,771.5785629341198,665.8603088091511,774.2746213567746,668.4811151867754,776.9823074505213,671.0899083754601
740,666.3641258292722,530.3623701213531,667.3683463445645,533.9855222717674,668.5103634355293,537.5676500119276,669.7544735341693,541.1157526705739,671.1046318697199,544.6246393896548,672.5910318412026,548.078266453325,674.0234554942108,551.5544597947734,675.3681240173522,555.0657408912101,676.7659834928875,558.555876818956,678.3830985558067,561.9493945855031,680.2488243327721,565.2128472714171,682.3316575768755,568.3425016141941,684.5879559230345,571.3497324861952,686.9803517824865,574.250060952843,689.473465731981,577.0644357084514,692.0394289441549,579.8126421774816,694.6582979997551,582.510526532948,697.3158508586208,585.1703433589123,699.9997254696951,587.8036172158826,702.6984999117572,590.4216290612463,705.401147124431,593.0356455132903,708.0966026207425,595.6570718729763,710.7737427848715,598.2971882037816,713.4238111348649,600.9644656706251,716.0418689019284,603.6631662949982,718.6266893018369,606.3937185336607,721.1785017100187,609.1551447492707,723.6979847367431,611.9461011497463,726.1859615594154,614.7651816083238,728.6432956240404,617.61101413122,731.0708118848286,620.4823251783914,733.4691909485372,623.3780197851111,735.8391261940131,626.2970408897083,738.1826952661088,629.2372777357957,740.5065067715799,632.1931626196208,742.8230323180211,635.154765823754,745.1490332155103,638.1089250085469,747.5030759239131,641.0407641368434,749.902470480603,643.9355705053473,752.3599403838122,646.7812076223796,754.8852604943099,649.5667703150315,757.4792414579296,652.2885499895162,760.1222050663697,654.9628452318755,762.8038631291533,657.5983472215408,765.5200296706265,660.1982784572501,768.2666838889736,662.7659878886393,771.0399339327374,665.3049559534323,773.8360102940467,667.8187699135638,776.651255721801,670.311102421481,779.4821304717393,672.7856722708594
741,667.949158882501,534.0134023987823,668.0414494292371,537.7681526291896,668.8906800541554,541.4245583149076,670.2766577384984,544.9182177928835,671.7369465214549,548.3825627740717,673.0148014558491,551.9185663675074,674.2991797730965,555.4521875314307,675.7908861322713,558.9024275818273,677.6016286618142,562.1957259166952,679.7278379085901,565.2953690982894,682.0798237393574,568.22808087457,684.5888215863245,571.0280550610528,687.2040027604228,573.7293638725087,689.8856081185323,576.3648845346427,692.6005041162841,578.9661664770465,695.318724034402,581.5639822548782,698.0173080086421,584.1821661153014,700.6814935074304,586.8353249078658,703.3040078325882,589.5296707525853,705.8824937484177,592.2661828874329,708.4203606378151,595.0404226110861,710.9260504424537,597.8437774796678,713.411033205954,600.6655167771569,715.8865217901814,603.495594077665,718.3595161640609,606.3278517486622,720.8320458331635,609.160515086498,723.3024850165866,611.9950015510515,725.7686435234186,614.8332127438986,728.2284162515384,617.6769593774029,730.679321476646,620.5283507524434,733.1183156099827,623.3899354774065,735.5429273209097,626.2637154491694,737.9534614892373,629.1493151863339,740.3529152984826,632.0441373320133,742.7459977098848,634.944230301576,745.1379416496981,637.8452626163761,747.534420755697,640.742548378832,749.9414950781276,643.6310344041976,752.3656512434657,646.5051937425234,754.813931688778,649.3588227644668,757.2931630983603,652.1855919554782,759.8115036312687,654.9775545755293,762.3759973075046,657.7271786885925,764.9842926452941,660.4352968777594,767.6322699241477,663.1046356525998,770.3159403562692,665.7380947452334,773.0314486178603,668.338718768867,775.7750708345508,670.909671938772,778.5432087775332,673.4542159119462,781.3323893934544,675.97568136577
742,668.956317898871,536.2772080669868,669.2127199210706,540.0280287074804,669.7266564909655,543.7515609887696,670.6049128796758,547.4057012792833,671.8283976356271,550.9599156613519,673.3066633478616,554.4164297022973,674.9774081532853,557.7843358498528,676.8204591507108,561.0611484735941,678.8263744913158,564.2408996031842,680.9852466283938,567.3188815521768,683.2855541979872,570.2927050069359,685.709987056402,573.1663192593631,688.239086701921,575.9483486456162,690.8547152802298,578.6492530871976,693.5407512576635,581.2802159365831,696.2775212882203,583.8584327996368,699.0385394389699,586.4107153836787,701.7927078682674,588.9703725095612,704.5057324982282,591.5734924628024,707.1354482316364,594.2605429417026,709.6466901628116,597.0584842959672,712.0410634584787,599.9573043732029,714.3812233731201,602.9002625886144,716.7655068965914,605.8074372134445,719.2251762590107,608.6511610149212,721.7410558343291,611.4453393810385,724.2902134721629,614.209233340882,726.8488732835016,616.9643456444568,729.3986992391802,619.7276283897424,731.9249003059927,622.5125069076652,734.4131346365385,625.3313337611766,736.8513859193431,628.1934830076683,739.2354804355355,631.1009022000352,741.5758465405112,634.0436789678145,743.896073718301,637.0023806645761,746.2176282362899,639.9600330024517,748.5961181973331,642.8719025100083,751.075468929502,645.6983296410705,753.6468160876805,648.4414449916467,756.2715180394232,651.1336838427636,758.9112160306772,653.811253094785,761.5450107633509,656.4946281661494,764.1718356164494,659.1848267725537,766.7920676950216,661.8814472572908,769.4060869768402,664.5840908080046,772.0142760959145,667.2923613300967,774.6170201364178,670.0058653092951,777.2147064342829,672.7242116664115,779.8077243860483,675.4470116049173,782.3964639275242,678.1738797232516
743,668.6174005507806,539.4414833384162,669.122416958092,543.1666928520314,669.9065205962276,546.8429517480353,670.9906366745902,550.4421270700641,672.3600050002367,553.9428819197964,673.9881648679907,557.3311259970758,675.8563780369323,560.5932384639207,677.9434575116297,563.7199611989942,680.2210338444406,566.7109646846894,682.6556561814184,569.5757892308131,685.2143961077697,572.3304976375716,687.86816136738,574.9939206233192,690.5914399888469,577.5863251165298,693.3615377291804,580.1287070539968,696.1578030856655,582.6423170137533,698.960687835264,585.1485530212931,701.7504438110869,587.6693755406386,704.5068505308341,590.2265752935135,707.210541853735,592.8393916303792,709.8474403880731,595.5195611454851,712.4107791215943,598.2701657646597,714.9013164986571,601.0868820783891,717.3261054505762,603.9604273405151,719.6962088976642,606.8792751671198,722.0240599093688,609.8319555709277,724.321587790854,612.808307059301,726.5991019408937,615.8000094658687,728.8655885537615,618.8000790080783,731.1299636390851,621.8017434191324,733.4018604480297,624.7977154383225,735.6918350921758,627.7798838997777,738.0105183437807,630.739772664599,740.3669330990751,633.66969753528,742.7677945284994,636.5633013608092,745.2173759060967,639.4157702937714,747.7173826545791,642.224145805061,750.2671697421067,644.9874062919098,752.8620706179821,647.708364914623,755.4910505674284,650.3964385530666,758.1362908193962,653.0685312919352,760.7824159724933,655.7397484447007,763.4132603274447,658.4259965637044,766.0095411606278,661.1456431802737,768.5682600409559,663.900663481936,771.0913251798675,666.6883770939376,773.5807435005228,669.5061821517631,776.0386070243529,672.3515570187997,778.4670805729153,675.222060113451,780.8683907270569,678.1153281822769,783.2447922347411,681.0290926100429
744,668.6932364474608,543.0711692223952,669.6460601510621,546.7080816507901,670.7625430228958,550.298124239881,672.0543348794349,553.8287605793139,673.5456704416154,557.2796885112124,675.2599178057101,560.6253089793915,677.2096204528132,563.8392984940299,679.3849092831998,566.9052228017757,681.7558308024506,569.8227340393087,684.2836221554937,572.6056827402555,686.9313397332905,575.2750004541185,689.6659259962992,577.8554126308651,692.4584921758399,580.3730673912706,695.2840328065852,582.8537160993383,698.1196422186619,585.3228662114768,700.9429297472504,587.8060749854524,703.7313879623364,590.3282757100945,706.4634726253397,592.9113663313642,709.1239436367596,595.568113319948,711.7081707001091,598.2990985259318,714.2215794159181,601.0954389525506,716.675563751144,603.944113174397,719.0838934727877,606.8315215391998,721.4615880980883,609.744231742777,723.8236780509872,612.6696215359561,726.1832901118828,615.5970119572211,728.5488507658814,618.5195959098395,730.9236389062829,621.4346866283439,733.3071797782038,624.3426256395702,735.6973443344293,627.2451235462269,738.0916346259086,630.1442195395525,740.4877302200273,633.0418238182797,742.8848267825086,635.9386000291245,745.2851302685227,638.8327188488639,747.6939238532755,641.7197725840402,750.1177435876441,644.5942176813555,752.5635351831872,647.4499829344506,755.0375991525189,650.2812830570165,757.542375427808,653.0854481209815,760.075233801833,655.8642819579015,762.6263162686129,658.6264092671104,765.1810180815705,661.3851922194265,767.7358488706293,664.14385573314,770.2905159924393,666.9026708093504,772.8447268416675,669.6619083172278,775.3981886669629,672.4218389915379,777.9506084833952,675.182733340803,780.5016929854069,677.9448615549576,783.0511484604812,680.7084934123114,785.598677924505,683.4739007443555
745,668.7958841117166,545.995603304269,669.928095812617,549.5802239388512,671.2183510162849,553.1118197110151,672.6201859913493,556.6002022888691,674.2799053481109,559.972567423512,676.2736429759115,563.158398518099,678.548127508256,566.1512869801489,681.0168926814368,568.986530259762,683.6280358747501,571.6915272609555,686.3406272561085,574.2949908409512,689.1233564589263,576.8234716433639,691.9509741385026,579.3017272643702,694.8010117806548,581.7542040718016,697.6521250433509,584.2054320211867,700.4824188519433,586.6806336287735,703.2671733934726,589.2068723472132,705.9795166756734,591.8105925584099,708.5978681621556,594.5087400470161,711.1167224443699,597.300035529319,713.5419846369582,600.1730785525922,715.8909370264354,603.1089508740861,718.2044386145928,606.0729123026488,720.5234169782209,609.032583592464,722.8649423531277,611.9744531204339,725.2204392227692,614.9051537810391,727.5820368153084,617.8309426146365,729.9446224258155,620.7559338656472,732.3046080744572,623.6830228746746,734.6586693792395,626.6148775626933,737.0035151679593,629.5541070411923,739.340049254675,632.4999495724487,741.6806745893468,635.4425375772905,744.0473109048756,638.3642229619205,746.4590631351992,641.2487306045948,748.9423416311951,644.0717885994051,751.513538065996,646.8149824144036,754.164100534747,649.4816730607929,756.8588174058589,652.1038427300316,759.5612100304422,654.7181186599892,762.2357700264888,657.3607991664118,764.8491221257495,660.0639244913606,767.3796851798782,662.8446755912684,769.8395532075773,665.6882551683707,772.2451509901997,668.5779111668624,774.6011324964239,671.5081722627872,776.9117962661675,674.4743098242451,779.1816404501959,677.4718087846165,781.4153203508756,680.4963605820421,783.6176125267702,683.543849510542,785.7933521981066,686.6103571471758
746,668.803943144748,548.5901545326907,669.8443472383448,552.2019842862005,671.2227944268517,555.6985375388549,672.9484173552245,559.0372573700587,675.0112703412073,562.1788792613717,677.373922371046,565.1021279888242,679.9647131602932,567.8260256641219,682.7088849738756,570.3959247860945,685.5462144530778,572.8629089015936,688.4335536852383,575.2713229561036,691.3350389185429,577.6627164654681,694.2166982621762,580.0779076688309,697.0454322192538,582.5547535104918,699.7929611479512,585.1212718883075,702.4465868466559,587.7847552830453,705.0088718826034,590.5362919739672,707.4929630151145,593.3586944403669,709.9159431904334,596.2337908833069,712.2984732753201,599.1425387137153,714.6617092510584,602.0670024725318,717.0224793738657,604.9934590728604,719.388574746578,607.9156108253603,721.7612242495607,610.8324437006637,724.1390096760651,613.7450917823357,726.5197315737144,616.6553404995502,728.9007387850767,619.5653558282258,731.2792125401934,622.4774418754332,733.6521998041455,625.3939996852753,736.0166875272987,628.317451235466,738.3696230404782,631.2502068503118,740.7076730429578,634.1948413498037,743.0310211001165,637.1510916982304,745.3479678114463,640.1123652700654,747.6783429889853,643.0630673335055,750.049882812882,645.9807285934347,752.4941039950024,648.8376573065751,755.0378151326032,651.6062577501905,757.6892719001507,654.2718849441117,760.4191994395334,656.8572828852183,763.1869950272829,659.402205896788,765.9552747688676,661.9466052141627,768.6973878033932,664.5191566646898,771.4083292869727,667.1245402145321,774.0898231928685,669.7602258274018,776.7436785474367,672.423742214126,779.371776082683,675.1126805143513,781.976058500258,677.8246936857794,784.558521652826,680.5574947011258,787.1212066320923,683.3088537200814,789.6661674779692,686.0766175171905
747,669.0767502086192,549.7766977666289,670.2557968078194,553.346442116259,671.6634443821135,556.8321574317823,673.3280927890966,560.2024696843166,675.2668044115032,563.422733405968,677.4808341155799,566.460202120296,679.9446488717792,569.2991763976011,682.6030752604104,571.9573335993225,685.3921572336351,574.4785514610107,688.2587476551095,576.9115425670043,691.1607470367605,579.3023006219887,694.0619652487264,581.6940057583101,696.9306236631747,584.1245938484,699.7437929290985,586.6191268286024,702.4889603717471,589.1882838917398,705.1628639355691,591.83153518242,707.7662010084343,594.5443294910605,710.3008597127888,597.3214146682591,712.7699314905649,600.1569902347075,715.1791349399024,603.0436311901575,717.5388520185035,605.970893647104,719.8626272723443,608.926793618518,722.1653174277302,611.8991626652977,724.4617636272267,614.8763625189063,726.7667866955425,617.8469211508182,729.0957243761802,620.7987515509284,731.4582237031286,623.7237850049138,733.8503362448014,626.6246682923584,736.249312919516,629.5198863179002,738.6272223991265,632.4324051200334,740.9671976461644,635.3754819332523,743.2766634205359,638.3425874687122,745.590866284747,641.3059898271844,747.954585157732,644.2299455772901,750.3990543638778,647.0866714592642,752.9307535623057,649.8663856244069,755.5414208697372,652.5721104755659,758.2193837614391,655.2112911633144,760.9508079961088,657.7951539060972,763.718894040197,660.3397460848707,766.503502305084,662.866272479918,769.27428813575,665.407918009123,772.0110699391757,667.986134684836,774.7141296082012,670.5996895929036,777.3852032316278,673.2459303202806,780.0261179270502,675.9222740464173,782.6387799156896,678.6262089130477,785.2251636264175,681.3552938053638,787.7873018639439,684.1071567505368,790.3272480021623,686.8795185779294
748,669.5339630613912,553.7440883067956,671.1973801687515,557.1137292510136,673.2355941672099,560.2712443537704,675.5630684388301,563.2229033904987,678.0942321807397,566.0025543156959,680.7636769813394,568.6500695069899,683.525211245003,571.2016085233263,686.3438004358193,573.6901038431364,689.1910283936431,576.145837541261,692.0427660763798,578.5963410153317,694.8791180975988,581.0646176179993,697.6856445889823,583.5667273091344,700.4508261228666,586.1144248754746,703.1630682073014,588.7183691733106,705.8085812918036,591.390022654097,708.3706666495244,594.1417149568964,710.8334350915268,596.9825853489248,713.1916951823116,599.9108238718571,715.4566917926129,602.911876771219,717.657712079698,605.960264047434,719.8446884903678,609.0187762923046,722.0583836212755,612.0579770309689,724.3112228251804,615.0682863913366,726.5871218368392,618.0612183608788,728.8696804593417,621.0490788928219,731.1469186907518,624.040994347821,733.4147067656152,627.0400801904357,735.6810149869831,630.040284708672,737.9622163006093,633.0291688071546,740.2766752942546,635.9923473686914,742.6440554734702,638.913362556032,745.0851486562548,641.773001936211,747.6078561523113,644.560891147673,750.2071713163787,647.2775356264964,752.8710863996329,649.9309064776585,755.5868798941265,652.5311962978888,758.3392437731394,655.0927844450656,761.1113616262172,657.633005783482,763.8862130377122,660.1702440910149,766.6472555662389,662.722485938165,769.3771014246726,665.3080332323128,772.0617578214527,667.9404418821498,774.6948498330894,670.6244306339291,777.2790282859236,673.3555584432145,779.8176399351594,676.1291020550642,782.3140834404956,678.9406700058053,784.771946798816,681.7860344082935,787.1949727338424,684.6611304966713,789.5870283924512,687.5620507269153,791.9520425965285,690.485063964772
749,669.7708907407048,555.1601727103002,671.5935743622427,558.4463233502249,673.7663718069934,561.5130638479168,676.1999178474539,564.3781010685472,678.8168143832454,567.0772760705266,681.5634386867508,569.6446397652446,684.4018719019283,572.1103193936685,687.3011149076053,574.5043431477699,690.2306269628455,576.8613111227769,693.1563526960197,579.2229658591993,696.0439977718058,581.6309297908062,698.862551654999,584.1192762168747,701.5880975684042,586.709066868659,704.2108503545388,589.402915608408,706.7337687217068,592.1905528516006,709.1672575356448,595.05664970277,711.5218142258617,597.9879828303707,713.8083246551261,600.972734885399,716.038024352447,604.0001912017643,718.2223602103483,607.0605615090108,720.3729764622979,610.1447372222556,722.5019270508539,613.2439184814488,724.6213053213339,616.3496581096321,726.742785431176,619.4539615082766,728.8772990348139,622.5493120735077,731.0354734158342,625.6282022498588,733.2282835768148,628.6825049906847,735.4669627196562,631.703326694126,737.7619182359342,634.6815950632929,740.1205329911257,637.6096866824805,742.5472221777927,640.4815996127327,745.0441201273366,643.2926757065968,747.6112653671759,646.0397510762834,750.2436668832098,648.724380018712,752.9330904238003,651.3519121344189,755.6704911804063,653.9294466328672,758.4480342030752,656.4636916382461,761.2587641807039,658.9610930805175,764.0968374084719,661.4273873949696,766.9557870133373,663.8694642926794,769.825586946719,666.2987909941164,772.6920235161283,668.7320795256518,775.5299267276256,671.1985132913758,778.3158229505667,673.7235161919408,781.0493939280507,676.3050898539524,783.7336755454743,678.9378897310436,786.3719846537784,681.6167686691459,788.9678693253416,684.3367885801372,791.5250646255726,687.0932228285122,794.0474090768655,689.8815915599695
750,672.1932795071634,559.2544603639163,674.6909251530843,562.0639201555925,677.3584957397974,564.7131200279126,680.1386715939365,567.2442468952655,682.9853547069931,569.7005349391716,685.8624285352493,572.1212338412445,688.7441480380677,574.5364088439214,691.6133291847405,576.9664531293695,694.4579983054416,579.4251242750444,697.2659872698376,581.9255712947001,700.0233714820998,584.4816651035129,702.7154021673684,587.1064446267408,705.3291904273409,589.8091127199497,707.8582432542806,592.5912266859293,710.3019889936068,595.4485827660658,712.6637537563234,598.374089815407,714.948973744071,601.3597985682785,717.1650542508029,604.3972053300482,719.3209359304294,607.4776571669458,721.4269405527647,610.5924435497457,723.4954926587786,613.7322480397758,725.5431160382651,616.8857549849087,727.5885887111955,620.0406589747577,729.6491650105881,623.1857108853605,731.7381975530983,626.3119209288662,733.8663848106978,629.4115931461896,736.0434374941393,632.4771226756823,738.2785802255877,635.5005352259828,740.5806354951964,638.4732879628666,742.9580391427394,641.3860995465182,745.4188511991072,644.2287554971241,747.9702947410466,646.9903089093618,750.6167345317565,649.6609418926337,753.3553600638987,652.236976874885,756.1739635263058,654.725328993207,759.0524787372736,657.1442301398989,761.9654445363855,659.5216079463062,764.8841326235964,661.891970522847,767.7743443846351,664.2968905924297,770.6158157385456,666.7592001019484,773.4098298481445,669.2752446690056,776.1592922193472,671.839911169003,778.8673571943712,674.4482628961084,781.5373848073555,677.095548036679,784.1729024021419,679.7772002910446,786.7775712552396,682.4888330188288,789.3551581368415,685.2262281804115,791.909511520955,687.9853211986216,794.444542001238,690.7621826957604,796.9641982769313,693.5530051721682
751,672.597777997149,560.7803530862551,675.2615325056096,563.4332297798674,678.0539945018946,565.9506901659643,680.927625078294,568.3753352534185,683.84354374263,570.7490819488439,686.7689222995834,573.1111869817889,689.6795852765256,575.4913764470251,692.5599537193436,577.9081112423519,695.3997007392327,580.3724224201356,698.1894852864817,582.8931242052777,700.9193603323828,585.4785505625554,703.5786117305425,588.136521701112,706.1557647177567,590.8741235953929,708.6401678138966,593.6961417257914,711.0281048034693,596.6002549230038,713.3253461161064,599.5766818353321,715.5439517802909,602.6122245099453,717.6973457371384,605.6944086055069,719.7987121620124,608.8123239363595,721.8609794767692,611.9562565721023,723.8973556509974,615.1170340705922,725.9219427329512,618.2853821104022,727.9499136996876,621.451563435557,729.995996378434,624.606061153763,732.0738375598776,627.7397152668287,734.1962795607648,630.8433111675846,736.3767087501213,633.906412880387,738.6290403378962,636.9169921885415,740.9671697954093,639.8613740806987,743.4045878954529,642.7240267950983,745.9536302083777,645.4876746954567,748.6153856648407,648.1429461263843,751.37547518634,650.6959822642169,754.2070922413278,653.169582187855,757.0829898150699,655.5916473737691,759.9791354792789,657.9895019389498,762.8743299723952,660.388503487409,765.7499498412143,662.8109088976524,768.5921797688951,665.2723780211616,771.3943270103283,667.7793762240234,774.1580474271552,670.3286940034501,776.8976623350385,672.9039371611466,779.645994717684,675.4698624681391,782.4157756794652,678.0126205844571,785.2059726425953,680.5329605763731,788.0154235383569,683.0318214045,790.8429894829729,685.5101670732862,793.6875546463244,687.9689842171877,796.54802590873,690.409279854939,799.4233444601732,692.8320648418082
752,675.2958967474959,563.3118962059114,678.1674406796619,565.7386020366448,681.1401780990353,568.0404745229749,684.1829687053864,570.2491138513655,687.2632314905687,572.4053300602285,690.3434394735161,574.5616216014229,693.3817545746579,576.776361956621,696.3362894094543,579.1013888692684,699.1677486437947,581.5745357077305,701.84454495657,584.2141678665193,704.3540996785508,587.0133391634872,706.7070946119172,589.9455686519686,708.9309658692457,592.9770983456785,711.05983319187,596.0762244847191,713.1289233450153,599.2156552804515,715.1664598279297,602.3756841018444,717.1901254469121,605.5446196378065,719.2080004595748,608.7172469458021,721.2245686528621,611.8907052271061,723.2406319356202,615.0644842825325,725.2572874952461,618.2378869211891,727.2807039256917,621.4069800745401,729.3246501245458,624.5628591032386,731.4061900118294,627.6940439116772,733.5436184621136,630.7873053842446,735.7538717564877,633.8289134551546,738.0472928284506,636.8082820058295,740.4257983806484,639.7201762308998,742.8863495227204,642.5630893569538,745.42461435721,645.3368471245415,748.0365424586869,648.0413612917072,750.718651036548,650.6762976774409,753.4682697269651,653.2407079097156,756.2827968667622,655.7337148492519,759.1571690854487,658.1575029746834,762.0814560850829,660.5208753789839,765.0437808286792,662.8364294851175,768.0312952772623,665.1194267394535,771.0280818069406,667.390253054854,774.028182854986,669.6566987912194,777.0312071254077,671.9192699511339,780.0368124665694,674.1784113703159,783.0446582420606,676.4345690673781,786.054405139384,678.6881900802981,789.0657149754386,680.939722307019,792.0782504992981,683.1896143495851,795.0916751927857,685.4383153611969,798.1056530693131,687.6862748955646,801.1198484714785,689.9339427579313,804.133925657021,692.181769139828
753,677.9359667336447,565.3770673461087,681.0484739226496,567.4863920290713,684.1852719357472,569.5595200685542,687.3148945025303,571.6434354213143,690.4049039082714,573.7854918739819,693.4216614059477,576.029310610456,696.335082598846,578.4055817957852,699.1289953902115,580.9212552605487,701.7994660029974,583.5676665420547,704.3500386529267,586.3298869770249,706.7861449263735,589.1936267722632,709.113737679135,592.1462883398566,711.3382025301864,595.1774356945695,713.4634866136369,598.2789499603888,715.4918983133331,601.4446837689009,717.4267882535906,604.6684494600931,719.2789722561477,607.9404829922731,721.0700385302068,611.2464225202792,722.8316641887685,614.5681755328626,724.601094729578,617.8857676688799,726.4190323990114,621.1769627758868,728.32255248705,624.4193235081216,730.3345017820443,627.5954776439304,732.4593262130828,630.697251168132,734.6921134292631,633.7222584545185,737.0247799262456,636.6709579490594,739.4488511434728,639.5450126783843,741.9562441531689,642.3466959674989,744.5395064311983,645.0786045676421,747.1918669754555,647.7434977780682,749.9072149583988,650.3441992107192,752.6800507152536,652.8835343057985,755.5054116366755,655.3643091871799,758.3788141446897,657.7892885572294,761.2963136223684,660.1610408443477,764.2549655798216,662.4812599538275,767.2533671263809,664.7498762748704,770.2903288018018,666.9666123254797,773.3620984970299,669.1348786777444,776.4584659028657,671.267909251287,779.5566189905996,673.3983510044402,782.6355588640986,675.5564530740853,785.6941085613986,677.7433601763239,788.7333824611184,679.956980704014,791.7545482612248,682.1952547570689,794.7588212898004,684.4561545851258,797.747459170012,686.7376843561101,800.7217568478815,689.0378793231856,803.6830419798525,691.3548044614763,806.6326629202325,693.6865624048709
754,681.1703940157296,566.8456405735167,684.3877104936387,568.7914675753753,687.5749434837882,570.7859382368125,690.6755187847373,572.9120677463338,693.6450466568963,575.2174472486608,696.4652893681005,577.7032910718272,699.142680597624,580.3425863043976,701.6928044337405,583.1052147376412,704.1323929083674,585.966033988373,706.4748413039512,588.9069782665248,708.7261993342328,591.9182475596036,710.8877220950559,594.9946426328953,712.9594076338236,598.1322467800875,714.944056725893,601.3256409292517,716.8516804874986,604.565673452934,718.6984742020387,607.840799548404,720.5032031132567,611.139317822108,722.2841497960452,614.4507509249713,724.0585863488565,617.7656806032759,725.8434578900907,621.0749976328681,727.658118539013,624.3680524930392,729.5258075256914,627.631279665686,731.4718564917159,630.8483195831827,733.5212141095128,634.0004554233741,735.6966636165955,637.0668050053603,738.0135709596208,640.0276539032998,740.4701416073556,642.8737113889002,743.0518316941083,645.6068738714962,745.7411213440653,648.2343115150608,748.523609996016,650.7628997598564,751.3882749885208,653.1980381015352,754.3270585880884,655.5432200241316,757.3334913764274,657.8010494567006,760.4005746900017,659.9758176858259,763.517886945809,662.0780177020066,766.6706597186379,664.1267257165525,769.8403874168173,666.1491492508032,773.0045988704255,668.1801707884925,776.1370407077422,670.2597627830121,779.2211903402928,672.410278003416,782.2631520402732,674.6201758824332,785.2842361025943,676.8585611127132,788.2888539865064,679.1190032546679,791.2781789024207,681.3996332154377,794.2534216262177,683.6986059384373,797.215826309455,686.014099604695,800.1666663922763,688.3443146184443,803.1072407680323,690.6874722152326,806.0388701860077,693.0418127420309,808.9628899069644,695.405598565885
755,683.0937607911359,568.8444693928776,686.3336417354365,570.7524905286282,689.5486695133984,572.7019237145845,692.6923869358461,574.7639413769757,695.7146030083584,576.9997029359797,698.5727151461732,579.4414494066868,701.2364076679661,582.0938415958658,703.6896880145129,584.9420682750421,705.9377954724092,587.9551158562401,708.008590518632,591.0929928150599,709.9447394392483,594.3159281841675,711.7937965180407,597.5897561835152,713.6052419879214,600.884603873754,715.4122560117745,604.1818877176629,717.2258266006115,607.4755702325455,719.0394942686204,610.7691992910809,720.8446763473798,614.067484429191,722.6331498791789,617.3748554674257,724.403093132394,620.6921828950782,726.1684510039639,624.0119535676733,727.9678640334586,627.3133438660186,729.8380370769481,630.575091088803,731.8274394951716,633.7652187027671,733.9955515850181,636.8363996691603,736.3542979011551,639.7637018254713,738.8750412386369,642.5530209902322,741.5206218075211,645.2244003743408,744.2664197232124,647.7927744939254,747.0938255101569,650.2711070301009,749.988753991945,652.6702751406867,752.9403342161389,654.9994335280284,755.9399328301567,657.2664462705842,758.980581498074,659.4781211714653,762.0545852959076,661.643224834709,765.1528952288539,663.7734277940433,768.2663299741289,665.8814773217268,771.3889018799309,667.9759741135192,774.5169776842981,670.062243958815,777.6478557056366,672.1443071090707,780.7799700487975,674.2245098447942,783.9161393686863,676.2985908401644,787.0651922222293,678.3530408488873,790.2261092217727,680.389209572981,793.3853745169693,682.4279402896038,796.5406315609367,684.4728689835445,799.6919749109195,686.5238238096921,802.8395001868295,688.5806333466218,805.9833039601311,690.6431267133285,809.1234837207111,692.7111335645609,812.2601356210349,694.7844874488688
756,686.5327314196363,569.6185942860614,689.8022464888783,571.4750023405869,692.9800828832769,573.4836270903276,696.0100933587019,575.7083064888536,698.8420139514022,578.1799319674244,701.453977922539,580.8830898737782,703.8482483172992,583.781142133344,706.0379298227415,586.8369158449826,708.0354791518249,590.0217653270751,709.857886127223,593.3101310197511,711.5366047132546,596.6743153711005,713.1267007483029,600.0814711033589,714.7066837782801,603.4933517214333,716.3554261964969,606.872412801623,718.1067833281031,610.1994194858444,719.9500057011315,613.4765079265203,721.8504439978043,616.7208158883379,723.7767177904849,619.949877230102,725.704134405626,623.1782577832855,727.6235529768952,626.4114009400254,729.5472426389975,629.6420000766293,731.5028518325978,632.8533423893898,733.5226034174441,636.024656344003,735.6415433545587,639.1304246673689,737.8967315475035,642.138487451075,740.3204149059133,645.0122883831957,742.9156204679459,647.7322194823589,745.6591583540929,650.3027074995315,748.515974054194,652.7469100443986,751.4576054551482,655.0885012377225,754.4647103454217,657.3454753991545,757.5259457846118,659.5284990817516,760.6352376026979,661.6425358626624,763.7875266139608,663.6919272248049,766.9776103616807,665.6820001424692,770.1987184995553,667.6214909852749,773.4419274527146,669.5238281188615,776.6971692980208,671.405520664932,779.9562159470971,673.2806205140033,783.2129723547387,675.1596934398358,786.4626107157013,677.0510435327166,789.7005393585058,678.9623646998995,792.9258429162708,680.8949163074446,796.1394965510538,682.8467813472928,799.3425230750428,684.8160388704191,802.5359757645466,686.8007858404117,805.7209345145211,688.799136186461,808.8985021816136,690.8092195220587,812.0698011030161,692.8291795758147,815.2359634964516,694.8571821629112
757,689.2300723518869,571.3819032796973,692.3647421534171,573.4578254099362,695.4071162170048,575.6666142046533,698.3304924601158,578.0304029036596,701.1005785198728,580.5717816737128,703.6737437102719,583.3119548942385,705.9987052448564,586.2652968203481,708.0414501117286,589.4204021381476,709.8135927162764,592.7356016972974,711.3853445492437,596.1509795765489,712.8693166351096,599.6057000508137,714.3666752535745,603.0546138782346,715.9266318631052,606.4756504177325,717.5488738352074,609.8676107465658,719.2217265455081,613.234911501272,720.9445163309649,616.576931223094,722.722518246566,619.8898957688572,724.5617797931037,623.169233436949,726.4682126391266,626.4099667431609,728.4480423423337,629.6063695088924,730.5080566406721,632.7516676720642,732.6556107227198,635.8378263403765,734.8984523834536,638.8554061712549,737.2444007798741,641.7934961172782,739.7003082724888,644.6402615404977,742.2694572987913,647.3852403183653,744.9486141250496,650.0229673029799,747.7295505557232,652.5531977291869,750.6032075612549,654.9776422034096,753.5616744477459,657.2978637688141,756.5981676824588,659.5150194363415,759.7054871713754,661.6318060973275,762.8750662299744,663.6542335492028,766.097116697934,665.5920371601463,769.3613826225735,667.4579126743105,772.6578250723031,669.2663896565131,775.9759579318085,671.0348015797539,779.3044218683891,672.7837168992725,782.6310583158113,674.5361012738568,785.9443198127783,676.3136158092534,789.2370862270164,678.1288015567006,792.5072828448339,679.9843421430181,795.7558448712969,681.8775106224211,798.9841620088969,683.8050048289243,802.1937261740337,685.7635718001429,805.386118764804,687.7500096697177,808.562998747207,689.761167664773,811.7260915952321,691.7939444528165,814.877179076227,693.8452850773191,818.0180799044447,695.9121917703404
758,692.744747310663,571.6013697298223,695.7760619796819,573.8237493762432,698.5746204384595,576.3322878296855,701.0975924398234,579.1179073517833,703.3379437468358,582.1359856528816,705.3290211236539,585.3246226557472,707.1380512469863,588.6204640068495,708.8362755558886,591.9749799403568,710.4757079585662,595.3586824132178,712.0797442958481,598.759325234501,713.6599503802718,602.1711132057991,715.2277392687682,605.5886297393502,716.7976684510137,609.0051624980914,718.3862429905146,612.413056604688,720.0100381204564,615.8042930087025,721.684396284443,619.1708293914567,723.4223176970112,622.5049734720317,725.2329498684113,625.8001809469167,727.1193631530085,629.0525927055069,729.08446670681,632.2580589745522,731.1344732173391,635.4098703208178,733.2804080232305,638.4971092132288,735.5379832023496,641.5035874177457,737.9196321836224,644.4126833380368,740.4476459803566,647.1951832009014,743.1570377349676,649.8010631978887,746.0465360191134,652.2057446994176,749.074621643047,654.4340372892422,752.1900230538304,656.5389000297757,755.3573907975446,658.5649214732601,758.5504793636544,660.5502437424366,761.7505857295299,662.5242506663401,764.9503833456143,664.4987578732013,768.155483976035,666.4646395623149,771.3739626398626,668.4085164608133,774.6246175049188,670.2979556234785,777.9255533859492,672.09799890758,781.2777159185964,673.8008346920816,784.6599229923406,675.4433693089949,788.0493617098756,677.0709694527632,791.4246796484222,678.7275746615878,794.7666517228176,680.4503754055104,798.0697268716048,682.246626627774,801.3341730876535,684.1121830311719,804.5620363350482,686.0403663537608,807.7557657320226,688.0245939892133,810.9181330942581,690.0584489911315,814.0521792153471,692.1356940467675,817.1611653751456,694.2502738315088,820.2485037147707,696.396346091556
759,696.2241707599248,573.4568100492097,698.8877695611077,576.1093107530976,701.3448675390166,578.9542588697385,703.5880007173713,581.9708201482422,705.6066319815587,585.1419981894758,707.3909087443504,588.4507372802541,708.9423500832269,591.8750006870555,710.2953191744652,595.3827113003986,711.5138613631356,598.9396369065984,712.707644159789,602.5050232340373,714.0171566250789,606.0292373784381,715.511593262729,609.4789327542267,717.1636009143958,612.8563220050141,718.9099556907105,616.1860521819253,720.708748012606,619.4878059822465,722.5343284157229,622.7748428494631,724.3679693943249,626.0573944934247,726.2051204853739,629.3379814334664,728.0645961698892,632.605940104585,729.9905037814194,635.8350498567264,732.066023759127,638.9695288705834,734.3560341965912,641.9505872196485,736.8625864182958,644.7521339937742,739.5459590581949,647.385162451193,742.3681669564908,649.8690477018173,745.2991116121387,652.2238398421807,748.3137799699034,654.4705986005641,751.3926000673073,656.6287184446081,754.5194933018281,658.7166542617997,757.6823976125647,660.7496667998463,760.8741626728043,662.7370777871104,764.0925067897209,664.6811552576744,767.336624760997,666.5819114390973,770.6058317935453,668.4391850699838,773.8994367961079,670.2528393856944,777.2172464850156,672.0218255209234,780.5580012376626,673.7470948081418,783.9190959253407,675.4324094862804,787.2960488965781,677.0857418579852,790.6808145143755,678.7230391946215,794.0601848345242,680.3714218875136,797.4192052820151,682.0608175049734,800.7484782726243,683.808107726386,804.0538199585693,685.6002980593234,807.3393548015746,687.4285541136304,810.6067630327989,689.289018595223,813.8578164570683,691.1779226902279,817.0943822169528,693.0915497939272,820.3184079747313,695.0262335485913,823.5318966161694,696.9783728163399
760,699.2984365525622,575.3785329281479,701.8430595611146,578.145030524665,704.1236971436125,581.1325573873929,706.1006364572754,584.3291520158842,707.7811313392708,587.6914988226861,709.2310824841275,591.1601981883399,710.5445931665022,594.6831504097356,711.7935140446517,598.2296173658284,713.0156898645527,601.7854090397417,714.2381932918391,605.3410878885543,715.4874396679896,608.8874410175114,716.7895384996864,612.4146943726139,718.1706107312785,615.9117237768343,719.6577856347508,619.3648804763226,721.2776236611736,622.7577236415499,723.0512801207815,626.0726659839222,724.9851920685694,629.2967154268545,727.0758103530582,632.4214427074102,729.3125434652464,635.4433568045297,731.6791210184542,638.3647828129804,734.1545891854889,641.1946397484109,736.7092378121808,643.9533638212956,739.3238390753694,646.6553308648844,742.0014247472228,649.2949018493808,744.7348817575781,651.8765434205335,747.578364086816,654.3356626953411,750.5953902392899,656.5778245437134,753.7784546875371,658.5779280734291,757.0479100019132,660.4346124697169,760.3439416324363,662.2439035857802,763.6368198481372,664.058922123972,766.9152534976954,665.8998977450256,770.1842890957922,667.7575255603883,773.4505166413625,669.6200888799827,776.722034622596,671.4733314481936,780.0081717999966,673.3005204351463,783.3058478992905,675.1068013393402,786.6315974542961,676.8606727532604,790.0120776584422,678.5062463464444,793.454657767919,680.0178152849456,796.9234283931128,681.4686713712623,800.3847599499082,682.9371183757461,803.8235910953867,684.4575132434658,807.2437945173914,686.019389951677,810.6484919947143,687.6147982402472,814.0403565089961,689.2373215548286,817.4222104396362,690.8806161434705,820.7969900140592,692.538396085119,824.1677119882378,694.2044139025901,827.5374431268909,695.872435668643
761,701.524723151307,578.2432224302033,703.4976480667169,581.4428734098777,705.238746528406,584.7747292676719,706.7875700299785,588.2004489588228,708.1832489490477,591.691549321449,709.4682683986798,595.2250174363231,710.6938781193899,598.7796158567136,711.9137999292531,602.3361784038378,713.1755739972601,605.8780636987709,714.5168456421309,609.3905430751313,715.966019807683,612.859822528136,717.5390704427515,616.274687047171,719.2380025107991,619.6287065272563,721.0555660640769,622.9199748591172,722.9831010820863,626.1480924366724,725.0130578175467,629.3128227400204,727.1393896889151,632.4136343505199,729.3573144368409,635.4496158670275,731.6630279878991,638.4194794120772,734.054785972512,641.3204881390818,736.5345790511494,644.1465808241134,739.1095987408492,646.8861301765577,741.7877618085313,649.5248653670732,744.5743316997646,652.0487946898976,747.4708515036718,654.4456908689876,750.4768031559053,656.7037719048435,753.5912611211616,658.8095919576368,756.8136286942406,660.7461159015968,760.1321966667481,662.513122432766,763.5020635184636,664.1807860191855,766.866492214912,665.8593301619665,770.186151928324,667.624621979682,773.4549479093796,669.482483214389,776.6886883252353,671.4008555777741,779.9207293869172,673.322098438754,783.1951825841202,675.1697553249052,786.5499175050701,676.866800610193,789.9914630768927,678.3801173932515,793.4858947193775,679.7678457966176,796.9866312326564,681.1397157208235,800.4519520184074,682.5983365321733,803.8565977968399,684.193212150739,807.1926109620782,685.9271642919338,810.461163266424,687.7852462455556,813.6651011616801,689.7527276525459,816.8085835781723,691.8154884562182,819.8967841595382,693.9601810656018,822.9356308644944,696.1742923501461,825.9315917551922,698.4461310182886,828.89149643976,700.764777316712
762,702.6167456988255,581.279469241883,704.2758848038944,584.6531078777849,705.7769826000775,588.100164387635,707.1587737859352,591.5968903127631,708.4628489927005,595.1234321270499,709.7389113902199,598.6602450580589,711.0323201784038,602.1907334966149,712.3703843391097,605.7045278932607,713.7570326341967,609.1994341280034,715.1906890199527,612.6753242831433,716.6689536969203,616.1324811803357,718.1918136349135,619.5702232918102,719.7663727426872,622.9845727347717,721.4140844585694,626.364168999153,723.1630046553298,629.6924188309081,725.0419118971179,632.948924640507,727.0780942908098,636.1092899245152,729.2991585211032,639.1423485878291,731.7162480181387,642.0215310516959,734.3180005329334,644.7351389195081,737.075960705889,647.2900268326163,739.9627281681583,649.6986042768154,742.9552557650318,651.9745907861364,746.0339073501575,654.1327867922294,749.1809793793186,656.1900504906966,752.3801117608339,658.1654867619799,755.6166785472143,660.0790493944452,758.8772798038596,661.9514172882612,762.1498119239042,663.8028764351907,765.4257976245774,665.6482225072365,768.7034652251299,667.4905789154512,771.987373848579,669.3217783308289,775.286124624198,671.1260766351253,778.6088323102781,672.8858199536323,781.963706594641,674.5833729353207,785.3560897910987,676.204624382519,788.7864157098501,677.7439832601018,792.2483399012364,679.210981391352,795.7289959212773,680.6330744010099,799.2111939396832,682.0513972476444,802.6707689200226,683.5237443903541,806.06788884437,685.1343835734331,809.3848267226506,686.9043865387773,812.6223719705215,688.815862646437,815.7837626165108,690.8509200119945,818.8740128085462,692.9925454647182,821.8994609075942,695.224847241737,824.8673829471113,697.533135526705,827.7856854569253,699.9038877952597,830.6626363927281,702.3246856998335
763,705.0294964626669,584.2655695063543,706.1855627533945,587.8430221883713,707.2092799800025,591.460844868373,708.1943837993845,595.0894685813737,709.2536797290031,598.6969255235488,710.4867630579038,602.2484546399199,711.8609474247476,605.7482160163271,713.2683295028193,609.2348519566183,714.6376628275168,612.7365874682224,715.9874695837063,616.2459179082199,717.3716346414162,619.7417814114648,718.8499780199822,623.1987194255663,720.4751442531025,626.5889050893834,722.2845542716816,629.8842407308682,724.2960648264458,633.0601416387642,726.5061816974667,636.1012387557294,728.8938184075286,639.0051721805004,731.4333869712823,641.7773597224767,734.1022911404677,644.4253729488457,736.8819211169326,646.9569998698469,739.7568824991057,649.3798958814156,742.7146605597194,651.7010256532017,745.7452028856297,653.9263571609675,748.8404856517933,656.060753930186,751.9937766964689,658.1085118831767,755.1982655302,660.0752237588089,758.446163838325,661.969436321942,761.7289971859259,663.8024847009361,765.0381483863854,665.5876247149868,768.3652854941865,667.3390439042333,771.7025678479124,669.0710700905477,775.0443026247667,670.7944940794243,778.3885701945434,672.5129977983376,781.7376830319973,674.2220355583902,785.0958147791948,675.913272761268,788.4675255218438,677.5772580288772,791.8573679276835,679.2039615289098,795.2703983760892,680.7813987494093,798.7098065793689,682.300441930214,802.1707630038683,683.7698099022849,805.6379303826557,685.224499166729,809.0907649481672,686.712811287835,812.5221629654915,688.2499108455187,815.9331124056766,689.8318796183597,819.3248324054885,691.4546759033484,822.6986818529638,693.1143145407395,826.0561417533905,694.8068714076004,829.3987986533051,696.5284848584629,832.728329213332,698.2753545307471,836.0464707798205,700.0437662408541
764,705.79194801273,587.2949828043728,706.6987251012175,590.9438170477863,707.5226680443877,594.6123702465616,708.3765318322949,598.2739186507391,709.4232174716705,601.8845917897406,710.7075276122085,605.4177424966251,712.1575476425005,608.8867126177195,713.6719765121052,612.3281937259828,715.1970997884505,615.7649630798513,716.7264103231586,619.1998688780618,718.2899066948044,622.6193040158105,719.9308978363656,626.0021388244935,721.6870266880316,629.3265262422419,723.5907380542649,632.5684967574414,725.6665013830439,635.7029342477895,727.9221745298444,638.7104830210984,730.3470788319322,641.5833818006307,732.9252706184013,644.3196244476702,735.6423745841828,646.9180290041359,738.4863012081565,649.3770196256212,741.445864009912,651.6955910929321,744.5087064657407,653.875980934862,747.6604309245159,655.9259048847508,750.8856490156523,657.8582630287818,754.1688645451892,659.690477960124,757.4942274659472,661.4451602585086,760.844527054204,663.1518444828605,764.2042807215988,664.8398714470459,767.5617322480216,666.5324676900469,770.9087768821125,668.2455435530525,774.2509081313849,669.9681993834361,777.5821213387651,671.7118009840459,780.8900004298383,673.4993376394233,784.2138361019717,675.2569804872041,787.527151084201,677.0342807021623,790.8433151819734,678.8060262190196,794.2521992621614,680.3907847918495,797.7610583147437,681.7403452744546,801.3031237637394,683.0017129044527,804.8145494693523,684.3454831553904,808.2691083033891,685.829300875856,811.6773569892825,687.4169818280775,815.0761435751548,689.024950501907,818.4910220835404,690.5984363787567,821.9217894892024,692.1369774053386,825.3667914399782,693.6433816634137,828.8244547556006,695.1204983280378,832.2932819896037,696.5712092348672,835.7718452650337,697.9984217537504,839.2587901426525,699.4050364383668
765,707.769405599615,589.0969608741252,708.5631528695849,592.7717949313598,709.2612218463275,596.4663899759103,710.0828947523792,600.1346194396831,711.2853811950816,603.6948374998575,712.7909952220488,607.1397039649485,714.352473607912,610.5600121736634,715.7702340739967,614.0420561062238,717.0338653240314,617.5830969179347,718.202493435307,621.1568082132343,719.3792277229802,624.72782414172,720.6932760948594,628.2501770480582,722.2548821989669,631.6693369826537,724.1149417502545,634.9354163717489,726.2643613074318,638.0190249619462,728.6580193085597,640.9174782398084,731.2509979099536,643.6393955335069,734.0046551935512,646.1989082144102,736.8875171817682,648.6121673195461,739.8745525586683,650.895378922636,742.9457969345494,653.0641182970849,746.0853684644102,655.1328016189743,749.2807275550698,657.114293712268,752.5218301330546,659.0200988232563,755.8000690338146,660.8613375617571,759.1073274531018,662.649967604898,762.4358392666372,664.3987607230187,765.778158271763,666.1210404384394,769.1271418322265,667.8303353869509,772.4762289176622,669.5394278148053,775.8208996188531,671.2571441295954,779.1596183343277,672.9864012270768,782.493779933394,674.7244306684291,785.8259243623993,676.4663255723335,789.1620463653196,678.2005821793704,792.5144455702421,679.9030909895979,795.9027543781727,681.5327545549034,799.3468129571611,683.0406560974336,802.8556959184541,684.3906332944281,806.4225854585414,685.5792317601467,810.0193087289676,686.6750539713972,813.5658434522951,687.9209437190719,816.9998652229767,689.4498798329274,820.3105333897331,691.2306429652622,823.4969863259436,693.2255146914553,826.5644408648868,695.3991878863518,829.5221334333016,697.7201990292599,832.3816272857755,700.1613114519756,835.1556083236325,702.699280747603,837.8571001295953,705.3143510623521
766,707.773917741304,593.8025768971875,708.4818945932673,597.4952889984504,709.2229710688592,601.1814229782285,710.0940489764091,604.838749932271,711.1677416166017,608.4415245012832,712.4565567741626,611.9731804474953,713.9175157521947,615.4374434060377,715.483745684033,618.8555918150597,717.1008475440476,622.250041167476,718.7290537026834,625.6391895610565,720.3665409404693,629.0238452789864,722.0767851298515,632.3721192580116,723.9598503903708,635.6257674864256,726.0730652092345,638.7346020634642,728.4145995666046,641.6754517410194,730.9509810336291,644.4501873138072,733.6612784677178,647.0553554083556,736.5352358438045,649.4787132584394,739.5599180705608,651.7112410121177,742.7082834504306,653.7660272032672,745.9408848066776,655.6860092684993,749.2245843844886,657.5174574318514,752.5385325386225,659.2936644835424,755.8727644311997,661.0315297168269,759.2206426250126,662.742976984287,762.5756504773849,664.440416620749,765.9305201025804,666.1381290398205,769.2774609233101,667.8514060601897,772.6095317449997,669.5934081663329,775.9239374619044,671.3687913879608,779.222694466965,673.1730988274699,782.5118835834985,674.9948038448092,785.8010947693854,676.8164679336321,789.105032314017,678.6112322953538,792.4432887756054,680.3411506284494,795.8387680474455,681.9554385670123,799.3125938876306,683.39288365237,802.852265653966,684.6602638697183,806.4239699324119,685.8350666078262,809.9933120323743,687.0170289429415,813.5423965178735,688.2583221116247,817.0557093917836,689.5972618303842,820.522133028326,691.0532964025108,823.9410809649637,692.6176271042655,827.3139001143809,694.2791374191094,830.6428347940818,696.0269619156307,833.930871828625,697.8506010550841,837.1815960498143,699.739984387805,840.3990622180606,701.6854917335111,843.587680941453,703.6779496578846
767,708.0811421479342,597.5722733895415,709.039956641598,601.2079381194712,709.9938068675452,604.8449082616789,710.9507604755757,608.4810605813974,711.940270639331,612.1084545536952,713.0104368450166,615.7127765769137,714.2034899571581,619.2781957806469,715.5487675994223,622.7889085618943,717.065375687186,626.2289894892568,718.7654467630845,629.5821178195432,720.6579250559035,632.8304505672013,722.7476283261152,635.9554911803059,725.0321444533241,638.941067496198,727.498749611075,641.7781246601377,730.1271653784655,644.466094090253,732.8952355860047,647.010138306656,735.7836413853709,649.4167916057203,738.7766343975774,651.6921452957491,741.8614356388128,653.8414509336108,745.0277280461297,655.8688371970553,748.2669149374502,657.7776445369992,751.5706466068098,659.5724788713766,754.9298340837119,661.2613242681336,758.3327399375739,662.8603913570852,761.7634404841327,664.3990641932332,765.2016646620426,665.9209021484694,768.6258266724969,667.4740264734619,772.0173153877472,669.0971411391807,775.3658282809607,670.8071387093285,778.6740563137654,672.5939078601476,781.9552715290629,674.4299090211414,785.231009561356,676.2756884703824,788.5272347412068,678.084525429069,791.868842916954,679.8077988084963,795.2845817416826,681.3783165914558,798.7804889725477,682.7614701776578,802.3278691219558,684.0075928083639,805.8815421034467,685.2358751957894,809.4163115263236,686.5174102741278,812.920087184345,687.8812680947104,816.386992705709,689.3363848395733,819.8294724431314,690.8485189210778,823.2545187643477,692.3997456917322,826.6632014196578,693.9866141240855,830.0566237566981,695.6058651518672,833.4359804605589,697.254275165817,836.8025464778174,698.9286577000549,840.1576665080796,700.6258635112833,843.502745088718,702.3427792605697,846.8392351691518,704.076329060937
768,708.858117835031,600.2670511557845,709.679372571825,603.9362123244235,710.4343462496738,607.619567475129,711.2344096063104,611.2931928135608,712.2031243817198,614.9258428397108,713.3432201708074,618.508494915229,714.6167365191933,622.046048049425,716.0008772732376,625.5418245891258,717.5061080307471,628.9870768690662,719.1769856202718,632.354798494592,721.0758803834942,635.598961634251,723.2323424194377,638.677711156447,725.6350535515312,641.5685822461879,728.2474894941357,644.2716739225921,731.0359572381451,646.7929981612087,733.9738481752167,649.1386647918198,737.0414497621534,651.312037673905,740.2215355123869,653.3173937493524,743.4909352887523,655.1738714821787,746.8174832884083,656.9262549629682,750.171887718069,658.6248555528267,753.5355698194153,660.3050395705186,756.901572663731,661.980572163072,760.2674301548093,663.6563966791846,763.631586447784,665.3356328923068,766.9919951314799,667.0223540401545,770.3461555847547,668.7214622729724,773.691118207681,670.438600905802,777.0249856946363,672.1771815708556,780.348802719147,673.9349080186901,783.6682869570793,675.7008096230142,786.9927362058581,677.4573348423237,790.3335963513906,679.1823967580057,793.702758120066,680.8514246058824,797.1103915663748,682.4403220123374,800.5623403038595,683.9303993353863,804.0595247056839,685.3109412093053,807.5960719899089,686.5874451977204,811.1565708968778,687.7957786498537,814.7183649061267,689.0003078210965,818.2528528813789,690.282263744946,821.7401857960465,691.6875708847954,825.1978027751803,693.1647347257028,828.6342776155893,694.690453393977,832.051140915955,696.2596133806136,835.4500903676613,697.8672194098806,838.8329891102435,699.5083418069189,842.2018404337458,701.1781187121205,845.5587641154909,702.8717540045001,848.9059622220752,704.5845353695647
769,709.5451680240867,601.6742843942957,710.2667536597846,605.3607051466314,711.2820806311948,608.9807877635479,712.4372503789035,612.5586278344455,713.7380929570675,616.0861428829733,715.1490752566563,619.5712647474107,716.5783039571564,623.0489987020721,717.9581093836415,626.5465796114426,719.2994198414187,630.0591656023349,720.7065944605584,633.5455874638594,722.3403982689638,636.930735351482,724.3110294546609,640.1305373646,726.6110431629288,643.1031885985849,729.1605217224037,645.8654728580018,731.9069305265607,648.4323749275771,734.820910081757,650.8074681134915,737.8791104085456,652.9939147945597,741.0573898552319,655.0020409188804,744.3320795299061,656.8490182323459,747.6813004271353,658.557366079692,751.0857242884833,660.1530794503134,754.5280368918942,661.665503628186,757.9916951567897,663.1285003474716,761.4604409383946,664.5794246594733,764.9196027219558,666.0530056469116,768.3572579409893,667.5760202634326,771.7654089413861,669.1639155628695,775.1399664933614,670.8219999954118,778.4820739488773,672.5445994594286,781.7986043045823,674.3159994872619,785.1009330376238,676.1137717846394,788.4013517088836,677.9150530208278,791.711845701117,679.6977255788715,795.0441863117393,681.4391590152246,798.4111413368587,683.1125543726043,801.8286088225594,684.6799431325071,805.3084547706168,686.1031650449718,808.8471681642427,687.3732938389147,812.4208080301765,688.5421080613503,815.9989495373068,689.697193736735,819.5672198089563,690.8824142246787,823.1256073396632,692.0969879401149,826.6745711508596,693.3388321583149,830.2146174677897,694.60587698721,833.7462955210846,695.8960665999678,837.2701934663826,697.2073599374974,840.7869344363876,698.5377309326168,844.2971727337668,699.8851683051198,847.8015901673355,701.2476749758486,851.3008870622124,702.6232810198395
770,710.0760251330128,607.3936583854392,710.5805797732339,611.1195600656572,711.1693610666108,614.8325156052277,712.1271783802559,618.4656540742653,713.5060004785713,621.9621064789975,715.127515732075,625.3541674286837,716.8042894615753,628.7195505318122,718.5104018008724,632.0701136536687,720.3099747879692,635.3711609692912,722.2881142983676,638.5678529638735,724.5151659761079,641.595836144739,727.0024998057589,644.4138546766774,729.7192529729608,647.0118103127996,732.6198386546534,649.4031578963205,735.6667511418284,651.6053432571299,738.831318925819,653.6350638327717,742.090105611366,655.509998834186,745.422477496112,657.251011282862,748.809622858704,658.8830945378858,752.2354489452242,660.4324887059383,755.6859936641711,661.9261256339943,759.1485479972948,663.3917595035541,762.6108092461797,664.8580843127742,766.0605908828294,666.3534820009734,769.48716430532,667.9012547085587,772.8830014010786,669.5153179241462,776.2455832690587,671.1975723824785,779.5770098058188,672.9407471011657,782.882732999963,674.7322270623148,786.170188153805,676.5570425467878,789.447539564521,678.3999588100169,792.7235149186826,680.2453222423625,796.0077230154695,682.0759776989635,799.3117763896412,683.870511756746,802.6508497799293,685.5988649394299,806.044288502529,687.2175452187223,809.5104428331086,688.6734399495786,813.0480353604871,689.946411013472,816.6257413477535,691.1027083578947,820.2019822968335,692.2635295753727,823.748283995405,693.5125385348377,827.2468089499964,694.8893741502297,830.6794248611128,696.423008720752,834.0408577789877,698.1070756704721,837.332202265642,699.924426151834,840.5564990553655,701.8583287349547,843.718331281492,703.8928302878122,846.8234483786366,706.0129457868169,849.8784438230554,708.2047169274241,852.8904470773996,710.4552422992123
771,712.1637832660081,611.735500314222,712.6932927712874,615.4579989300779,713.256988916331,619.1754271329501,713.914186439471,622.8773482510983,714.7258303906151,626.548221417085,715.7858011314702,630.1545519577921,717.2140598770476,633.6300956209785,719.0733202342002,636.8955444508886,721.2863426618276,639.9332920199452,723.7666230710626,642.7578146641623,726.4528157034792,645.3876495405999,729.3073977036246,647.8338986144646,732.3039173338614,650.104233705572,735.4207440762013,652.2065013304089,738.642852516238,654.1435908529685,741.956955230472,655.9188529391002,745.3443521160285,657.5501853376155,748.7815223905862,659.0741658553757,752.2465143594618,660.5339733996218,755.7205083543714,661.972287646375,759.1874087706722,663.4275836603748,762.6363108888154,664.9249847535982,766.0629549678854,666.4726460500539,769.46868240288,668.0658307413762,772.8571485007883,669.6954238839135,776.2310233359543,671.3550256534961,779.5932475778761,673.0381157552865,782.9459880769009,674.7400203192935,786.2897356874762,676.4595306481311,789.6298664186173,678.18606190524,792.9782457102593,679.8965118087951,796.347523109556,681.5653726962676,799.7445119175017,683.1770311873772,803.1734118256703,684.7195913611348,806.6350896701897,686.1871106155879,810.1261999442465,687.5832232278273,813.6392266646604,688.9233099401399,817.1645163271429,690.2308582939486,820.6906390002838,691.5361634537767,824.2038984523964,692.8756079082464,827.6901441048971,694.2837707345905,831.1459675387258,695.76507066492,834.5846555040271,697.2858565417312,838.0217389087527,698.8102719719069,841.458761211424,700.3348251634005,844.8958524207799,701.8592229961072,848.3331425275207,703.383172283321,851.7707614246635,704.9063797488616,855.2088388295784,706.4285520003261,858.647505348104,707.9493929189163
772,711.386436091716,615.369473849427,712.2148340721474,619.0370263945126,713.0835147976945,622.6952647250671,713.9956911404246,626.3428014853904,715.0873383368203,629.9399456997728,716.5114216229027,633.417614331615,718.330421777929,636.706061132126,720.4850580743771,639.7856562646546,722.9056449992386,642.6614834610187,725.5400476837666,645.3431304206333,728.3534160811462,647.8365663991468,731.321388949022,650.1439295336368,734.4263482791731,652.2634472709697,737.6487911203519,654.1998659837134,740.9646220752907,655.9719594753817,744.3468540177149,657.6141060894137,747.7714136763587,659.166297240644,751.2177067144123,660.6697491076934,754.6702039356777,662.1589255485294,758.1201418604634,663.6540181305849,761.5648551902367,665.1611074102626,765.0036941236566,666.6815524819589,768.436008577875,668.2166671912549,771.8606728470738,669.7687716279294,775.2772377251811,671.3386253046797,778.6876497710018,672.9218072777145,782.0954108447335,674.5106901478781,785.5036540321723,676.098538471428,788.9135635309789,677.6828049093275,792.3256103878743,679.2624626462789,795.7397103665058,680.8376783990395,799.1544275943347,682.4115558207646,802.5654886077104,683.9933365192605,805.9682531829083,685.5928770985621,809.3628078963554,687.2097788800777,812.7612303670766,688.8184935909903,816.1939661402705,690.3522644847716,819.688415874681,691.7390893771934,823.223857863249,693.0189143396833,826.7381509239228,694.3554423986725,830.2136129202495,695.7898850466144,833.6526272818656,697.3097663864561,837.0610295338118,698.8971458637519,840.4405684573994,700.5451034695689,843.7929719034106,702.2476018843853,847.1202510733386,703.9987097764292,850.4246589779492,705.7926170411372,853.7086518423249,707.6236409636505,856.974853899442,709.4862247312317,860.2260125474725,711.3749522049061
773,710.7225439017586,617.8527502655982,711.4168677264058,621.5467390297715,712.4712619038476,625.1543051991109,713.8179585536761,628.6640855978575,715.3638756783907,632.0911503404769,717.0729265693278,635.4397809829647,718.9815530085433,638.6784333353085,721.144026158319,641.7527632678934,723.5970054730878,644.600119871692,726.3356678577823,647.1740503699298,729.3062879471731,649.4770757101833,732.4479056273551,651.5415541538456,735.7103885266895,653.4097687575128,739.0570793261139,655.1229945810203,742.4608812767922,656.7200377533827,745.9021067893257,658.2349371541706,749.3655157086099,659.6985122719775,752.8383219057328,661.139690189053,756.3092156818465,662.5854611918508,759.7688980035294,664.057826138585,763.2112748955212,665.5701884464876,766.6337228814734,667.1271209715028,770.0362201596977,668.7271911902722,773.420189601119,670.36609455618,776.7888396762586,672.0362771520545,780.1471417601529,673.7271849778308,783.5012897780593,675.4263245409711,786.8585965277642,677.1192080194762,790.2282063702877,678.787436553412,793.6181877716235,680.4138413609976,797.0297132453396,681.994576492661,800.452562298344,683.5506859763517,803.8760769198667,685.1053328351716,807.296146242713,686.6675455612965,810.7174561929454,688.2270355856624,814.1491147804326,689.7635847100337,817.6021591901439,691.2513621353608,821.0868033917806,692.6634172734072,824.6076660089996,693.9825703609688,828.1545844363284,695.2301720916851,831.7067656879983,696.4627871123937,835.2402118660084,697.7479128485363,838.7367398902468,699.1301668627177,842.1918733168521,700.6129151036034,845.6064085906962,702.1869493331519,848.9818560245903,703.8431868825055,852.3203332691843,705.5727699834005,855.6244646923064,707.367124848088,858.8972887727082,709.2179917430562,862.142159605362,711.1174590340262
774,712.4442611136423,621.6010119945254,713.4325124314371,625.2287043676198,714.5233892920228,628.8267330953004,715.7982085210068,632.3632574785609,717.3487818726358,635.7872172878347,719.2254098985837,639.0436043683577,721.4114402192247,642.1010673974298,723.8662210386715,644.9475983135255,726.5480992854893,647.5815320311386,729.4234278590507,650.002995441504,732.4663280371732,652.2103287112229,735.6555593444413,654.2004886126377,738.9673016603964,655.9796628538013,742.3724902157887,657.5731747732527,745.8416629144537,659.0225897196734,749.3502020289543,660.3742608094525,752.8779116088162,661.6752517299302,756.4083362528494,662.9688812976445,759.9305874053825,664.2845668001091,763.4378510038977,665.6396650242426,766.9249517374607,667.0457972325985,770.3867696196376,668.5130363800889,773.8190681901201,670.0480408234982,777.2205080726453,671.650279209616,780.5932269154529,673.3121628779401,783.9428798275583,675.0201048522408,787.2786480844247,676.7550421734641,790.6132833710406,678.4921591816136,793.9640147996565,680.1979441128556,797.3473455525594,681.8380374712959,800.7649332600678,683.405541651939,804.199026642383,684.9366769105723,807.6322177713578,686.4698345519411,811.0606138989818,688.0136871406828,814.4903486379337,689.5545602340056,817.9293996712587,691.0745021495438,821.3857256818977,692.5546897130844,824.866739161791,693.9757745475937,828.3771055065987,695.3226914035542,831.9107280312203,696.6074830349405,835.4471091536806,697.8846909413188,838.9611562450302,699.2220054116708,842.4492521144058,700.625637973338,845.9121594253272,702.0903312572362,849.3509104379657,703.6108893556994,852.7667755530262,705.1822004187667,856.1612330273707,706.7992515199949,859.5359404426848,708.4571368923442,862.8927083339962,710.1510604524369,866.2334535573409,711.8763769686166
775,712.5386838356314,625.2849263890787,713.6290093868356,628.8825007993249,714.9945363062079,632.384620582817,716.6533482109139,635.7575584772695,718.6044123399261,638.970276819643,720.8291752078308,642.0000213552371,723.2956327573404,644.8366777884684,725.9737192818859,647.4746079360914,728.84016074995,649.9065998436558,731.8784947751259,652.1200599617611,735.0755092706926,654.0973843927106,738.4091830423229,655.8346747940093,741.8459341588346,657.3587214450439,745.3471186583054,658.729019034339,748.880467098404,660.0145525465484,752.4195905353901,661.2841818032799,755.944422360174,662.5928528816335,759.4427068980697,663.9708488508113,762.9115155342142,665.4214609020078,766.3525394603429,666.9368463186227,769.7690726654507,668.5066996417687,773.1644916737478,670.1217372692028,776.5422888765659,671.7733316659755,779.9061571342634,673.4531280008139,783.2603223935694,675.152227259552,786.609749347286,676.8606540273963,789.9600713310804,678.5673236092654,793.3174636948745,680.260030929272,796.6886173486591,681.9251382307709,800.080787288369,683.5469557339159,803.5009388267923,685.1088554253724,806.9492063049448,686.6076839863028,810.415934807015,688.0634035736797,813.8863106999407,689.5104260386516,817.3521155280824,690.968357201812,820.8149141753737,692.4334202509812,824.2826829032566,693.8866603895184,827.7638178688641,695.3075578670881,831.2602229315453,696.6904609082779,834.7660206942286,698.049412821182,838.27208624538,699.4076747378335,841.771281346969,700.7835314431231,845.2629435706484,702.1783961399216,848.7474810700928,703.5909665965418,852.2253216409096,705.0199472868395,855.6969110779233,706.4640495318465,859.1627115847168,707.9219914779839,862.6232002275138,709.3924979471808,866.0788674333522,710.8743001711273,869.5302098050306,712.3661486404083
776,712.9357386911844,628.3569703116107,713.7642121330047,632.0235854651321,715.0506499810685,635.5526064453948,716.8353208361763,638.8588740403825,719.0047629089564,641.9277186504842,721.4598965585437,644.7738396320536,724.1478625369575,647.401486927141,727.0358490368088,649.8077077613272,730.1015775488246,651.9829522946095,733.3246520581217,653.9175592383631,736.6773899983824,655.6179814075115,740.1236696106602,657.120519694053,743.6283584580281,658.4819222205699,747.1615558564014,659.7678957058349,750.6990483885305,661.0420657453665,754.2244047733284,662.3493596818604,757.7298014062868,663.7092508827827,761.2143347344066,665.121755763933,764.6791422892036,666.5819923377553,768.1247909782005,668.0868854118703,771.5512875014774,669.6348926550936,774.9582513012398,671.2254273238774,778.3452186129125,672.8581148970942,781.7136968880628,674.5286287131287,785.0674394552008,676.2285509354084,788.4116120211133,677.9472351321738,791.751501986799,679.6742321270566,795.0926471728922,681.3987978046233,798.4409397569364,683.1094350986046,801.8025390005795,684.7937522311219,805.1834479619909,686.4389369895007,808.5883685125251,688.0338013348533,812.02065010706,689.5688655793531,815.4832818206394,691.0341314729357,818.9796459047787,692.4169120025314,822.5111163012836,693.7073672402108,826.0724549892177,694.9130824888063,829.652403884865,696.0625308616475,833.236346291272,697.1995109673171,836.807668766432,698.3753719997769,840.3478780916721,699.6414980641138,843.8381598694951,701.0391078259919,847.2691983686133,702.5766524847568,850.6691926379247,704.1820618207998,854.0581532264395,705.8106462522888,857.4377013572317,707.4586771013868,860.8089892362912,709.1235428876789,864.1732089979863,710.8026476828711,867.5315862154802,712.4934096744638,870.8853685786864,714.1932691503147
777,714.2019282645601,630.9401044926733,715.4560114654639,634.4839546697021,716.9902170387072,637.9153048434341,718.840703284816,641.1867209219663,721.0078860228496,644.257252837238,723.4952723144517,647.0742591584175,726.2855406273867,649.591539804747,729.3331070369595,651.7909937874252,732.5742856569378,653.6945812030151,735.9511257409329,655.346612507913,739.4148052254236,656.8087941603435,742.9273542232361,658.149932634262,746.4617811895237,659.4325480944765,750.0012752803688,660.701155065803,753.5347307278213,661.9864559255074,757.053319923275,663.3118504609931,760.5492512671809,664.6958534412837,764.0187055116887,666.144943445461,767.4622059162602,667.654705775928,770.8830244017836,669.2152122934564,774.2851754008957,670.8160329006869,777.6725866369683,672.4478289504275,781.0491576310712,674.1019509060878,784.4189364772924,675.7698735661118,787.7861681041238,677.4429353448998,791.1549993230785,679.1127723788927,794.5289219993742,680.7722939596782,797.9108127500836,682.4155111602317,801.3031753184923,684.0369921540174,804.708338053482,685.6314084884582,808.1282588328135,687.1939098691068,811.5642751818791,688.7206844076841,815.0169943824017,690.2092968713481,818.4864659780841,691.658433285404,821.9727098841436,693.0667380200595,825.476037062224,694.4319833043072,828.9968584547094,695.7514522356047,832.5344712099542,697.0252308472067,836.0839629092017,698.265569832402,839.6366406414597,699.4967726129086,843.1798509628645,700.7548677689389,846.6962973900805,702.085757569086,850.1795622273097,703.5012504034656,853.6303373360943,704.994234915279,857.0498512842984,706.5575218065466,860.4397486325041,708.1840577073062,863.8020296477087,709.8669606281998,867.138993828349,711.5995396182333,870.45318851424,713.3753011138155,873.747350747173,715.1879667528548
778,715.188046617189,633.639262401209,716.7503761947189,637.0583608896061,718.5838836921043,640.3396550413327,720.7049028508976,643.4426663004608,723.1015589488399,646.3381519830511,725.7490665820803,649.0062510370037,728.6251723737553,651.4261356847916,731.7119048665701,653.5707314758408,734.9850217461421,655.4184519003676,738.4050752407304,656.9785097771869,741.9206962211562,658.3105439591911,745.4908020757923,659.4897491893347,749.0865940353825,660.5885958992429,752.6861160482159,661.6752307749516,756.2693244396016,662.8142861052233,759.8202545047756,664.0500537065446,763.3292128976957,665.400360698147,766.7939357271729,666.8605253389367,770.2188647203016,668.4118520654924,773.6125409795545,670.0305056954697,776.9853928528349,671.6921779760393,780.34751390373,673.3754810771586,783.7066344150013,675.0647690909785,787.0670467424168,676.7514849910272,790.4311047532155,678.4309165108892,793.8002749571351,680.1000669514813,797.1757322448045,681.7564645530779,800.558553554492,683.397768233863,803.949829100462,685.0215290149301,807.3507076670937,686.6250758859932,810.7624215227341,688.2054339852066,814.1863199778672,689.7592113046454,817.6238915493641,691.2824912094643,821.0767813384207,692.7707112314429,824.5468512407085,694.2184040332971,828.0362320012188,695.6188911934705,831.546215386961,696.9668984944109,835.0751508885854,698.2645155832419,838.6173229202346,699.52560158878,842.1639995378291,700.7739872136937,845.7022088945681,702.0461025403466,849.2225450136888,703.3668575920952,852.7248761142578,704.7346543147121,856.2099680414619,706.1458076785253,859.6787204913717,707.5966702795831,863.1321526418986,709.0836390786433,866.5713893535923,710.6031595035977,869.9976480801973,712.1517272110115,873.4122265681879,713.7258878028044,876.8164776938376,715.3222638077584
779,714.458878122089,636.793787317801,716.640325538123,639.8549535814318,719.0479562780707,642.741993266807,721.644040960593,645.4609330884603,724.4163158880478,647.9999223218736,727.3605479902423,650.3371628988201,730.4746878601647,652.4424014173319,733.7485514225002,654.2895510451992,737.1509281779254,655.8882459104717,740.6403540667146,657.2877692086788,744.1789181600047,658.5586639417314,747.7366737842906,659.7751007372962,751.2903392640069,661.0033961729623,754.8246534191434,662.2861910265428,758.3316026043759,663.6419788440506,761.8091899067733,665.0714162914227,765.258702072234,666.567368206697,768.6825854234557,668.1211136680296,772.0837051304642,669.7240998388966,775.4650764645997,671.3683533811958,778.8298121767717,673.0464014962374,782.1813247047204,674.750718468972,785.5234744444755,676.4733324766006,788.8605131606662,678.2058318023605,792.1968314211854,679.939718836472,795.536779274466,681.666600452611,798.8843318302592,683.3786873019301,802.2428480747218,685.0691579548736,805.6150291121696,686.7321931436459,809.0033626880611,688.3620545416723,812.4103878394553,689.9524571455363,815.8388492970306,691.4960827387838,819.2917821075729,692.9841292853456,822.7723558990139,694.4062788487475,826.2818861111517,695.7553725852642,829.818348547767,697.0322422967569,833.3759034982749,698.2491846981595,836.9466706193749,699.426867769553,840.5223019551996,700.5897280262808,844.0954004415769,701.7603379491096,847.6607139545032,702.9544237166513,851.2138720802872,704.1841810802241,854.7530960173877,705.4534890673142,858.2789186333082,706.759568443195,861.7920462830207,708.099426900814,865.2932697276512,709.4700973730648,868.7834552244176,710.8686406819554,872.2635359537767,712.2921468418275,875.7345038285205,713.7377351694054,879.1973914306599,715.2025775427801
780,716.60064479156,640.2563227451727,718.6935698091144,643.3781209271758,721.096953370583,646.2673441515022,723.8043472535251,648.8737303046544,726.7735343783464,651.1779183925764,729.944143379129,653.1969383689018,733.258206791457,654.9715129856404,736.6723595306137,656.5455921504672,740.1559312259536,657.9598867094527,743.6865740874543,659.2525396055262,747.2470759092735,660.4607670554362,750.823037075399,661.6225842797598,754.4011038947474,662.7779210770303,757.9680575125838,663.9670222193992,761.5106245808216,665.2267472455843,765.0166943651903,666.5846150549976,768.4792874253374,668.0497863838527,771.8987514035821,669.6130731694694,775.2813079785722,671.254788550928,778.6354626808277,672.9538464497199,781.9700234788771,674.691085746661,785.293951716248,676.4486042253552,788.6161087561323,678.2094717785725,791.9445097905988,679.9584993145739,795.2847803711322,681.6847381050306,798.6402553969424,683.3812240623831,802.012994941927,685.0431125963039,805.4048065005909,686.6657100878042,808.8175204016652,688.2438563661001,812.2531066192092,689.77155013981,815.7132472916129,691.2427643659122,819.1985934201393,692.6532207607534,822.707849510795,694.0031000447348,826.2382824322943,695.2966081981615,829.7863937393729,696.5408362242243,833.3484769361179,697.7445095021009,836.9210082973985,698.9168312832999,840.5009987961532,700.0661876605562,844.0852708764633,701.2021335889449,847.6694369518822,702.3384122858706,851.2470417357458,703.495147656703,854.8101759398492,704.6956392819553,858.3537188821504,705.9527799774955,861.8779635016325,707.2630636256162,865.3838306331622,708.6217687210855,868.8724311183893,710.0242263243821,872.3450426980588,711.4658304650429,875.8030879495379,712.9420438368048,879.248113523864,714.4483993997834,882.6817613636167,715.9805194977761
781,717.9589240570805,643.7881527057333,720.562373112278,646.499164024384,723.408508017476,648.9540014136525,726.4742102460021,651.1286341852054,729.718157831617,653.0277153660056,733.0922643528122,654.6854014762848,736.5546766620241,656.1504603767833,740.0737272177637,657.4742345368306,743.6266075844999,658.7046700570096,747.1956381056228,659.8876087426892,750.7670891117393,661.063240775141,754.3297918246491,662.2650641392025,757.8736443044223,663.5212804875887,761.3890139207016,664.8550149887428,764.8683575538091,666.2800378485274,768.3075885377787,667.7993281879387,771.7067481117492,669.4063203057127,775.0699100310273,671.0874144751239,778.4039888740124,672.8255349067257,781.71716469194,674.603214584861,785.0172821772917,676.4050407153808,788.3113575723062,678.2178973511355,791.6057258286626,680.0302214158759,794.9064361238283,681.8309613279101,798.2197875848329,683.608316600452,801.5527201718606,685.348644724772,804.9115494974593,687.0384126229892,808.3004711270431,688.6669621845859,811.7206337310769,690.2288241333112,815.1711488783712,691.7224356262797,818.6500391664998,693.1487193551792,822.1546911377386,694.510494052225,825.6820882299688,695.8122417543697,829.2290833240694,697.059626199673,832.7924909534381,698.2593485019482,836.3688844721254,699.4198174931631,839.9543115718214,700.5520959941504,843.5442792127427,701.6699116059106,847.1347800951794,702.7860149292817,850.7232485471891,703.9086337783947,854.3089111094733,705.0401814338513,857.8912537257946,706.1821951180068,861.4701830676419,707.3348615481555,865.0459050006783,708.4974402089389,868.6186381480534,709.6691720861062,872.1886069335789,710.8492999400955,875.756041077014,712.0370682500449,879.3211750963047,713.2317231342473,882.8842478163845,714.4325122492355,886.445500486254,715.6386887898548
782,719.6288071310568,645.7152857809069,722.3351218317556,648.3223867378722,725.3664370670261,650.5418033951988,728.6501372806955,652.3697282972172,732.0714947572231,653.9280740523483,735.5479289364333,655.360160660344,739.0588643010212,656.7055759485089,742.5970412404287,657.9776856088812,746.1549087563695,659.193740014524,749.7220364651816,660.3824260205728,753.2859287086802,661.5807497509734,756.8335055527857,662.8264141776552,760.3504938117736,664.1557796325707,763.8217535958454,665.6001433936435,767.2341139475317,667.1785347119741,770.5826811666838,668.8881763930522,773.8731804284816,670.7072585209795,777.1201389541853,672.6031089529764,780.3415906932356,674.5420652799546,783.5564073453813,676.4920229832243,786.7819596536239,678.4241430452939,790.032488246377,680.3138895152703,793.3186946408456,682.1408150439514,796.6498667284521,683.8843078382514,800.0311017597164,685.5285456898092,803.4598146845143,687.0714135071523,806.9244284443985,688.5320210557078,810.4108881491499,689.9398044329944,813.9052137375494,691.3279942973342,817.3951774871875,692.7270964668444,820.873775141215,694.1542194626276,824.3478993516264,695.592217178404,827.8374488527279,696.9921978386094,831.3618795400167,698.3016829192131,834.9246545053251,699.502950258581,838.5154909312265,700.6177709830175,842.1246113766814,701.6720018285134,845.7459886361539,702.6833869889285,849.3751285576278,703.6665908432045,853.0076842801373,704.6371173506597,856.6377863635548,705.6167601321584,860.2606417262427,706.6228599830823,863.8760137280246,707.6555319478705,867.4842166070624,708.7129844350578,871.0856011219344,709.7934336471166,874.6805515767944,710.8951045393932,878.2694829062532,712.0162314282165,881.8528378294116,713.1550582806619,885.4310840793582,714.3098387157838,889.0047109517033,715.4788380566914
783,721.8512724302344,646.7340192945718,724.5077085135364,649.394925825951,727.3287087568801,651.8770644309699,730.523497225635,653.8503996728693,733.9480500252511,655.4000907484647,737.4697542828736,656.7159753993918,741.0462021695398,657.875717422429,744.6519195334798,658.9414607525515,748.2682328454093,659.9708550196306,751.8789671281627,661.0195613956699,755.467795258805,662.1406488525413,759.0169639802044,663.3812211749031,762.5096554354454,664.7726300859183,765.9350223670864,666.3224354057884,769.2921396988041,668.0151951775931,772.5898521068314,669.8211455135382,775.8410382840701,671.70970751422,779.0602828093146,673.6522998082787,782.2628096274608,675.6223711090695,785.4636120406872,677.5952471934718,788.6755483603389,679.5499241750831,791.9091585550697,681.4684995860284,795.1735385942336,683.3341874997708,798.4778102840298,685.1281896716233,801.832026633261,686.8268435650762,805.2425353783847,688.4093315987083,808.7072922533097,689.8693118758056,812.2143726742288,691.2246671163209,815.7491699664605,692.5061863885887,819.2983045714765,693.7475465686529,822.8507369414459,694.9794584092633,826.3985222311466,696.2246776550146,829.9396786118966,697.4886275296136,833.4779788463991,698.7605612045969,837.0213444829153,700.0182863899571,840.580103738083,701.2316431725227,844.1676277835876,702.3567819679399,847.7930666175023,703.3526197695667,851.450643922982,704.2237277406431,855.1189275207304,705.0489966307507,858.7823219505817,705.8956002357958,862.4333147104843,706.7941366332476,866.0702649146765,707.7479313379281,869.6933271225436,708.753212472451,873.3030153599769,709.8055225251701,876.9000149657523,710.900434363284,880.4851635001461,712.0335615731491,884.0594321627485,713.2005648703848,887.6239079603738,714.3971550409636,891.1797645832366,715.6191280960793
784,723.350322625432,649.1046263084746,726.6442517901716,650.9161331972447,730.0487572995906,652.5107641248023,733.5282977525543,653.9349122287742,737.0524845675972,655.2451907365823,740.5979663096066,656.4969191190089,744.1494650909848,657.7315202676539,747.6989012497075,658.9720317906572,751.2410360252862,660.233220967063,754.7708403019931,661.5284838110429,758.2819763195538,662.8734674700421,761.7655665226907,664.288155604283,765.2070545513012,665.8021556225507,768.5875437014138,667.4476214151667,771.8905962556263,669.2434092375325,775.1142631121543,671.17823549269,778.2713660885354,673.2200993952436,781.3853393877757,675.327306629229,784.4834555680907,677.4578127762994,787.5907593456203,679.5748701837425,790.7295931843463,681.6448044563684,793.921495378841,683.6317416689742,797.1867206885327,685.4954839163922,800.5349378540121,687.2054736537098,803.9587260741803,688.7588163368016,807.439673846654,690.1797832142229,810.9573237094695,691.5075715613904,814.4948428796755,692.7816273263822,818.0421222292898,694.0282868488472,821.5955840571947,695.2572138997311,825.1564189173532,696.4646001157518,828.7272199278754,697.6421636415453,832.3108850376884,698.7799445484941,835.9101246411905,699.8674102421915,839.526718017006,700.8956640659142,843.1599545413123,701.8634832375282,846.8068550180722,702.7785308600965,850.463288597435,703.6547707046651,854.1249399428236,704.5089829345834,857.7875797420714,705.3589547027867,861.4469885154347,706.2227071149491,865.1004595613525,707.1112332354,868.7478900324066,708.0242433193584,872.3896662552269,708.959556994552,876.0262754432853,709.9147677725629,879.6582440302321,710.8874781613287,883.2861326740297,711.8752998123834,886.9105313655126,712.8758531938529,890.5320546414456,713.8867668571205,894.1513347331352,714.9056840297043
785,726.9988074876368,650.3174697621218,730.3568400174642,652.0078737122924,733.7935389508223,653.5324497241628,737.2887391903153,654.9178428072452,740.829391756255,656.1827899910814,744.4011618127441,657.3572673239702,747.9868632825281,658.4886829065206,751.5695677333192,659.6295148852586,755.1325090118436,660.8304214200779,758.6572393710546,662.1388907722084,762.1231877976999,663.5955840576569,765.5122453053298,665.2230262172195,768.8147224591136,667.0197822512442,772.0342067077694,668.9615456804279,775.1848495672212,671.0133372040732,778.2857196934804,673.1397387301334,781.3572221802901,675.3084167698772,784.4197456808404,677.4897770572425,787.4932591113028,679.6556009219463,790.5960709704162,681.7791768144483,793.7443795633984,683.8346000441064,796.9529866175179,685.7944003276325,800.2371728484655,687.6244748409578,803.6057530393878,689.2938957330084,807.0546369239153,690.7905194568644,810.5664175480098,692.133266391706,814.1216283868284,693.3567617426347,817.7036901671742,694.4995091098515,821.3002066034768,695.5960308770632,824.9031959057234,696.6711291550857,828.5089910649876,697.7367852662587,832.1160383356048,698.7981965920507,835.723516972462,699.8581412198363,839.3307188919081,700.9190270866338,842.9375759711195,701.9810847674803,846.5468588670207,703.0348571344095,850.1660434453779,704.0539777854813,853.8067142536341,704.9930894892548,857.4778085037404,705.8046998062571,861.1744102356138,706.4914194005662,864.8831746475942,707.1097888968636,868.5912205952869,707.732480781912,872.2958952436229,708.3749285929727,875.9972795955138,709.0360720141514,879.6954705741476,709.71485279658,883.390580144473,710.4102146200573,887.0827343512753,711.1211034074307,890.7720723645309,711.8464675545192,894.4587455343506,712.5852580813028,898.1429160881869,713.3364305746007
786,727.1989565974542,650.1070759530348,730.5137561509182,651.8804085590988,733.9284593776365,653.4532018710286,737.4177761936741,654.853086368029,740.9604628174791,656.1121952486332,744.5366224677657,657.2732253627248,748.1264905921737,658.391354274786,751.7105121327352,659.5279997066793,755.2700647109674,660.7388042941312,758.7849174925041,662.0734044289187,762.2330879067181,663.5715572306134,765.5955355418167,665.253157242668,768.8620100999016,667.1144193663916,772.0341595755642,669.132482001609,775.1258882883366,671.2719565479298,778.1601631181416,673.4923362015265,781.1628981886174,675.7552743376248,784.1607059893358,678.0247489509901,787.1799034249641,680.2656317904708,790.2459099002447,682.4418960223279,793.3822485777044,684.5153070586376,796.6003735916765,686.4592627745311,799.8983839668427,688.2643818208657,803.2678023857513,689.9324734429385,806.7000783925149,691.4671282133343,810.186602408905,692.8742805107969,813.718428958417,694.1636327635216,817.2865666945132,695.3489309140406,820.8826633527402,696.446615514366,824.4996960139362,697.4733125292742,828.1317779801753,698.4455162464521,831.7736901714426,699.3802794236491,835.4216161696933,700.2913173705037,839.0743569469398,701.1828502402802,842.7331358952525,702.0492459533916,846.4003442077452,702.8791899560857,850.0786056063254,703.6586050536936,853.7702217685178,704.3719689053598,857.4754410117655,705.0109558103151,861.190717317408,705.5888296197022,864.9087344397184,706.1489393609597,868.6211119045996,706.7450125420411,872.3209376236103,707.4144683374728,876.0062517959082,708.1597058036249,879.676615479765,708.9754414922584,883.3321693899439,709.8552077743618,886.973390270288,710.7925635595491,890.6010511855493,711.7811267191055,894.2161823620893,712.8145946665038,897.8200184209487,713.8868051770598
787,731.4252947467212,651.9866091226985,734.9207535658088,653.3711294129793,738.4665685524111,654.6214817231457,742.0434351917545,655.7803502408569,745.6341670828244,656.895696579307,749.2225712915092,658.018482669558,752.7938473349243,659.1944412768844,756.3344310117257,660.4596049591975,759.8312307421843,661.8409950843193,763.2705566799017,663.3596436314158,766.6359333082895,665.0355626918883,769.9037655733533,666.8941873758899,773.0505039998504,668.951078408236,776.0669966989859,671.1948683499112,778.9749261185608,673.5780798513391,781.8242484936525,676.0313614299815,784.679109104198,678.4781669372279,787.5967997088001,680.8494743903394,790.6061790146939,683.103095359226,793.7117196543953,685.2222304094258,796.9073045882277,687.202991971639,800.1855985116257,689.0436486680483,803.5401099216981,690.7414294964007,806.9660544385076,692.2899654002664,810.4584403401453,693.6821612259769,814.0090571717707,694.9184811960153,817.6039202251053,696.0198655052075,821.2281098806953,697.0208931948138,824.868872890135,697.960075594802,828.5168100101378,698.8710736844132,832.1664615340239,699.7751911262601,835.8168043872474,700.6765121539366,839.4699067748589,701.5665671465756,843.1293997678666,702.4299243170806,846.7992833808889,703.2478890879078,850.4838014488616,703.9969786696686,854.1867255903522,704.6486290901873,857.9071375925745,705.1919931078745,861.6356854961044,705.6770264232543,865.362349683795,706.1761781324244,869.0810062805565,706.7317747123557,872.7916918453545,707.338463813265,876.4982522226475,707.9699498804091,880.2023253618613,708.6158689392365,883.9041714022563,709.2744347105963,887.6040621077004,709.9439008916759,891.3022846292279,710.6225238248112,894.9991390100724,711.3085622942518,898.6949357127564,712.0002771953789,902.3899929818862,712.6959320779482
788,733.5756619853987,652.7131402115145,737.107361954628,654.0026456724178,740.6805465458009,655.172583950912,744.2802470651532,656.2584861972681,747.8900840500404,657.3103677394148,751.4914373339058,658.390775039303,755.0616849534676,659.5693570807665,758.5707306347799,660.918457157148,761.9850212228863,662.4914032110316,765.2800694182674,664.3010305614144,768.4569053181983,666.3113923267908,771.5362564255038,668.468526063834,774.545251929449,670.7229863693066,777.511208612416,673.0338939734362,780.4604790750448,675.3660992666195,783.4144659185782,677.6923201541637,786.3893225787045,679.9917648045245,789.397869860385,682.2469070695379,792.4520433747078,684.4397963564646,795.563765870434,686.5501320115807,798.7448313811415,688.554271598578,802.0066954747346,690.4238003266398,805.3590869339429,692.1253675724917,808.8053388413495,693.62750559124,812.3332602461436,694.9265930358074,815.9213056605573,696.049604672386,819.5484723563037,697.0395013422656,823.200998086292,697.9316075625914,826.8695701437389,698.75544292025,830.5473286242838,699.5373649748099,834.2291807567165,700.2998195462144,837.9127210960854,701.0540823826735,841.5980391433593,701.7996043049935,845.2869047028563,702.527344495633,848.9818069448412,703.223728691755,852.685344480831,703.8725203622072,856.3993699251595,704.4581694714045,860.1239311123187,704.9725741579671,863.8570302572225,705.4209807772537,867.5956454924172,705.8210040325164,871.3372109285489,706.1925462863545,875.0793789973225,706.5580017536251,878.8199616408596,706.939306764213,882.5585300087333,707.3398841399646,886.2951126264056,707.7585838579068,890.0297547126747,708.1942566963028,893.7625170832562,708.6457546754257,897.4934750557463,709.1119313978351,901.2227173588831,709.5916422949559,904.9503424958775,710.0837639591621
789,737.9666735430337,653.3086032061891,741.5660677362857,654.3956374381539,745.1693427493368,655.4697818042653,748.7640335445643,656.572219400935,752.3371230995671,657.7425693687521,755.8726378511452,659.0216056786496,759.3479648907924,660.4555854639768,762.7295537951214,662.0977830556839,765.9812943143949,663.9836492708538,769.081677994999,666.109469685091,772.039219121351,668.4303965003141,774.8870809887621,670.8850933371963,777.669128350301,673.4143752401567,780.4347674738868,675.9616483316094,783.2347372355512,678.4710182491593,786.1113613467825,680.8919137922268,789.0858407136694,683.1913796862946,792.161403917836,685.3537613007351,795.3315016957308,687.3750323738808,798.5878043868688,689.2543066285344,801.9215442554014,690.9925558022263,805.3240963370649,692.5919703859493,808.7872829653039,694.055520459546,812.3034641528953,695.3867817342992,815.8656163316098,696.5896928924321,819.4673702819767,697.668309362476,823.1026792529078,698.6278671603604,826.7651729406709,699.4779285169354,830.4482960526259,700.2338165938759,834.1461753765107,700.9140385449612,837.8540195971613,701.5378087797741,841.567997196192,702.1240573281791,845.2850135749567,702.6907698381181,849.0031374981745,703.2501782096366,852.7219075681206,703.8052730916936,856.4421900400503,704.3501271926634,860.1651404684847,704.8764173611622,863.8916095101986,705.3771640611958,867.6219352401362,705.8483081071159,871.3560430366542,706.2884697077737,875.0936969272581,706.6974292006157,878.8345403947012,707.0761153746862,882.578147345843,707.4264436950754,886.3241149762007,707.750571831203,890.0720832425401,708.0506971518835,893.8217344494035,708.3290227676225,897.5727894934964,708.5877553544296,901.3250040326412,708.8291034557074,905.0781646048789,709.0552762141774,908.832085422707,709.2684699398915
790,740.7950501991835,653.7982013670512,744.4190497724335,654.8000917929503,748.0210442016689,655.878110522501,751.5849843129848,657.075591470807,755.0933286125075,658.4269661589456,758.5260928541777,659.9598798358495,761.8609301832689,661.69529739808,765.0773122145947,663.6413973776239,768.165220718242,665.7857027131411,771.1308022826508,668.0965239556053,773.9943368132546,670.5329040180119,776.7793146745877,673.0588660031914,779.5124019676949,675.6409918184289,782.2262545265808,678.2433723423125,784.962091209378,680.8225622145803,787.767181985707,683.3260134682426,790.6810054696275,685.7016923150081,793.7236655118691,687.9097706361779,796.8922086288445,689.93303189026,800.1739627390396,691.7670462776763,803.553975999465,693.4130583878274,807.017832026933,694.8745174065557,810.5520933387992,696.1565116620948,814.1435977147825,697.2682942817037,817.7790180644683,698.2271183464827,821.4459146632393,699.0578582545477,825.1340267959392,699.7890145239688,828.8356720472808,700.4484969288981,832.5454959179585,701.0604408070043,836.260282438665,701.6415487061836,839.9788105467737,702.1982230615333,843.70097270836,702.7300463330354,847.4270679855075,703.2335546404652,851.157549187536,703.7034266436674,854.8929448535857,704.1324217600805,858.6335868737968,704.5128972836729,862.3790571806343,704.8424898195555,866.1282254424624,705.1270915869976,869.8796251821387,705.3807493074919,873.6318961462987,705.6212608416274,877.383624917442,705.8700214441905,881.1328435402327,706.153793900205,884.8767737716731,706.50018963305,888.614116155934,706.9116899149765,892.3444088351724,707.3828903915494,896.0674483986601,707.9083786863484,899.7832645007874,708.4827615204149,903.4920940812333,709.1006827611367,907.1943557404328,709.756835081513,910.8906171140244,710.4460066156286
791,742.9799651903519,653.4790412622573,746.6239260810734,654.4047078264515,750.2175496295948,655.5090671264282,753.7371891096069,656.8299298240005,757.1609425958055,658.3823369617803,760.4752495247012,660.1566034882823,763.6749878232478,662.1302034136032,766.7598078294557,664.2791486122233,769.7315211602594,666.5821087024153,772.5985379000264,669.0143302778183,775.3771855403414,671.547195905099,778.0903916973955,674.15015880884,780.7645972592339,676.7932457743143,783.4317277801329,679.4434867984849,786.1304344096546,682.0614785665526,788.905526699556,684.5980919504254,791.8032387021045,686.9932076112873,794.853492994956,689.1902746097905,798.0563092718654,691.1583570948668,801.3866544861339,692.9023117250497,804.8146047292375,694.4460456908204,808.3148810306526,695.8183091427549,811.8694716040668,697.0432614538364,815.4669888977062,698.1358628839009,819.1002791374522,699.1029489416168,822.7635653733313,699.9494179819856,826.4514277594886,700.6815492601361,830.1585157032623,701.3093094339536,833.8796304324807,701.8479585339968,837.6104558883236,702.3148587611397,841.3477239739018,702.7272091140279,845.0890626352223,703.1009591045578,848.8327265852547,703.4507312543142,852.5773866453545,703.7897057420656,856.322186756957,704.1271323132015,860.066810591053,704.466509555689,863.8114627208265,704.8055739863635,867.5565582427093,705.13969887291,871.302569952397,705.4633750241159,875.0499742625061,705.7704782240924,878.7992397574542,706.0539055477437,882.5507309584372,706.3060841463825,886.3048331126993,706.515591739985,890.0615192546588,706.6719934308352,893.8199912802534,706.7772238373043,897.5794931075034,706.8352076757716,901.339417139602,706.8498895254098,905.0992923113986,706.8252207975927,908.8587715666524,706.7651497693226,912.6176180601873,706.6735782905465
792,747.4531637388587,653.6069668802396,751.0521880390952,654.691020081264,754.5378270677738,656.0973909356003,757.8860080432048,657.8059153381691,761.0933203848647,659.7667101003865,764.1676112158738,661.930535452123,767.1240051330626,664.2531580354217,769.9820401298508,666.6960070240901,772.7632223203069,669.226149640222,775.4898727904085,671.8150562156823,778.1846848150574,674.4371356881919,780.8705580386895,677.068383920022,783.5706528316432,679.6850146125605,786.30862514034,682.2619230781421,789.1082613901907,684.771589718421,791.9914258732911,687.1846815504696,794.975935806491,689.4710426541876,798.0752714486192,691.5989007547456,801.2991711313982,693.5324903275374,804.6482636569509,695.2398696549484,808.1099225775564,696.705715717803,811.6609469395349,697.9398426587808,815.2776129375308,698.966394999513,818.9400282822685,699.8160152015795,822.6332029884828,700.5205765501029,826.3466056651546,701.1097808460372,830.0729721614827,701.6108834683162,833.8073494184605,702.0485878880639,837.5464807494558,702.443785423966,841.2885829899584,702.8098538886943,845.0328231709174,703.1533857273918,848.7788224673146,703.47718329873,852.5263243289473,703.7831090890054,856.2751091307874,704.0728988822955,860.0249568997468,704.3486026707888,863.7756463802538,704.6126182601097,867.5269831425037,704.8672771560168,871.2788628256147,705.1138101938899,875.0312564283386,705.3523926028371,878.7841696200501,705.5826561319163,882.537607020141,705.804209757413,886.2915786887293,706.0165126222681,890.0462874081976,706.2153208594636,893.8018542139654,706.3971991114443,897.5581698790206,706.5629012678887,901.315121997922,706.7134934930037,905.0726110458039,706.8500430103176,908.8305494824726,706.973617712332,912.588860848724,707.0852858422712,916.3474792744137,707.1860996610228
793,750.221850777297,653.4905522031175,753.7380029910047,654.8185477228393,757.1126987797126,656.4734906764388,760.3280839364268,658.4204478708864,763.3859138257546,660.6070975069347,766.300750388152,662.9814310723486,769.0943759944126,665.4975504461155,771.7924016250452,668.1161170470385,774.4217952274204,670.8037158545862,777.0099511250498,673.5311163389135,779.5842761608432,676.2715968684371,782.172116949376,678.9992966911516,784.8009994097678,681.6873956426209,787.4985952435384,684.3064043704197,790.2927723399183,686.8218965828817,793.2102314216731,689.1929818364995,796.2710302974821,691.375519635039,799.478266312302,693.336351306905,802.8181962226815,695.0616161295384,806.2668985974423,696.5579553019943,809.8000974188523,697.8425244245723,813.3965010162372,698.9381846327633,817.0388263779382,699.8703106339007,820.7138034224134,700.664393802893,824.4115817269977,701.3447868765751,828.1250838250779,701.9336241897175,831.8495802626036,702.4485313914079,835.5821939463135,702.9009623575325,839.3211476736269,703.2976688440484,843.0651359323417,703.6437074796902,846.8131137983537,703.9435161432554,850.5642303951523,704.2011500047787,854.3177884215604,704.420414325234,858.0732165269656,704.6049544446392,861.8300487626551,704.7583334822875,865.5879085139056,704.8841112387898,869.3464953784737,704.9859417617454,873.1055736546806,705.0677252063306,876.8649639400253,705.133712687353,880.624532098905,705.1887257801152,884.3841730140829,705.2385706726317,888.1437988867427,705.2895243447131,891.9032668681474,705.3508559462713,895.6623343412316,705.4330467521237,899.4208662915753,705.5369030928523,903.1787840944983,705.6610280283581,906.9360317231399,705.8040238446865,910.6925741815434,705.9644928989597,914.4483959279713,706.1410382463342,918.2034990482088,706.332268793965
794,754.3931951740504,655.0940366059694,757.7944072976894,656.6944856312957,761.0514596324061,658.570864858351,764.1435716304842,660.7083714441084,767.0668219352301,663.0718995586177,769.8325122645138,665.6183518064166,772.4655447106167,668.3020677573469,774.9999301764195,671.0793496161734,777.4728157867702,673.9116552907734,779.9221871601977,676.7643660304886,782.3859908499803,679.6045938042344,784.9018144876427,682.3987424456906,787.5063528035059,685.110194485688,790.2334006555826,687.6981055916393,793.111621975904,690.116353811207,796.157122735517,692.3198729256866,799.3663851510554,694.2771109701147,802.716595216975,695.9821004632897,806.1805919615616,697.4424437766943,809.7332508075458,698.6718422380532,813.3529385373206,699.687502779338,817.0212222254984,700.5110774324519,820.7231039387461,701.1679393701339,824.4470530077818,701.6859035635756,828.1847250985874,702.0938647484247,831.9304156245097,702.4206852746078,835.6805367707365,702.6923853085916,839.4330101704538,702.9295955907434,843.186742801571,703.1460555395597,846.9411924840003,703.3497319340894,850.6961041884506,703.5447144329146,854.4513588342941,703.7329809365253,858.2068814493904,703.9158270986896,861.962606032984,704.0944790927792,865.7184690766021,704.2701979050258,869.474409560354,704.4442545908797,873.2303966087222,704.617303196673,876.9865195691588,704.7873708971703,880.7430142288438,704.9489888886042,884.5001858617145,705.0939305286943,888.2582811454041,705.2123411260512,892.0173617598709,705.293213130517,895.7771784421357,705.3229526103253,899.537004057768,705.2941557637341,903.2960245162511,705.2109201162882,907.0536322568626,705.0783001819855,910.8094188187945,704.9013592723556,914.5631540542403,704.6851530846325,918.3147649181261,704.4347183731971,922.0643114391747,704.1550295713797
795,758.0648079131695,656.3404591137356,761.2107613127473,658.3983063680363,764.2159426472346,660.6570525923537,767.0873869152176,663.0837523602189,769.8332736073289,665.6518046950824,772.4609171991403,668.3408080814398,774.9747787079655,671.1365139040006,777.375720449367,674.0298073498649,779.6710312242476,677.0076757165937,781.9016313142167,680.034504327089,784.1599096616185,683.0405607069158,786.577559920482,685.9190680830222,789.2455919332824,688.566026792185,792.165778855233,690.9323577928001,795.282210943927,693.0341777814256,798.546918959826,694.8978936553115,801.9282804877245,696.5407851352836,805.4042015574548,697.9729997530303,808.9567770936857,699.2030481384746,812.5697995611496,700.2424984838759,816.2286225128947,701.1073801847153,819.9207716087569,701.8170509297371,823.6362180920937,702.3928728668988,827.3673194382735,702.8570074660806,831.1085368436346,703.2313838309797,834.8560702274276,703.5364787292652,838.6075221161824,703.7890952699316,842.361564699035,703.9998761050371,846.117463815137,704.1745495261368,849.874733854334,704.3167752046554,853.633003683399,704.4295937837253,857.3919808098661,704.5157499876907,861.1514331521159,704.577881883157,864.911179339599,704.6186281409758,868.6710825403918,704.640725278753,872.4310462850342,704.6471326319434,876.191011784307,704.641211516325,879.9509553071679,704.6268537796733,883.7108836935942,704.608876542951,887.470822679765,704.5933574186531,891.2307868960479,704.5871798640685,894.9907176578325,704.6024729203261,898.750380654726,704.6497359726568,902.5095277771351,704.7279947321283,906.2679703636251,704.8349145230361,910.0255731477064,704.9681584332458,913.7822498806815,705.1253899592563,917.5379589040423,705.3042750205833,921.2926987056902,705.5024833898785,925.0465026396475,705.717704200706
796,761.870260562141,658.5375213580834,764.7455109963471,660.9589164171413,767.4325615283956,663.5878953741401,769.9500994839365,666.3799933013611,772.3349494746194,669.2865762024802,774.6368571377628,672.2594857377783,776.9123130873727,675.2527573049784,779.2227671222637,678.2190059115653,781.6193293383791,681.1159530298089,784.1329323472486,683.9118255903358,786.7742221068563,686.5873030095021,789.5493128138247,689.1236163756392,792.4644105126234,691.497506229848,795.5267189272464,693.6778830250362,798.7405165381072,695.6278059528746,802.093508489584,697.3272472246389,805.5618004049304,698.7773012467757,809.1188000821069,699.9940798648032,812.7417002605309,700.9982627788261,816.4120275323091,701.8127241659519,820.1154780377044,702.4606439080992,823.8413356109664,702.9645118290719,827.5818564609816,703.3450347774065,831.3317686492333,703.618379171331,835.0873467153868,703.798371389569,838.8459095442608,703.8992390531912,842.6056567982206,703.9371094997648,846.3655967953873,703.927114218817,850.1253030711396,703.8831614856543,853.8847182423501,703.8186143416443,857.6440203704659,703.7476809249886,861.4035062451485,703.6875199652513,865.1633171517594,703.6541801139139,868.92326972769,703.6580860552905,872.6829831702827,703.7008375832933,876.4421838829095,703.7765105714536,880.2008296918649,703.876189696598,883.9590348126507,703.9913712215447,887.7169493544468,704.1157084027686,891.4747434071248,704.2436478178967,895.2325979286071,704.369792417202,898.9906668269372,704.4893622063347,902.7490706884001,704.5978416617502,906.5079547996341,704.6880542055723,910.2672782976706,704.7576149464104,914.0269094429341,704.8079155327777,917.7867371427371,704.8404186434103,921.5466710883453,704.8565878521374,925.3066400525154,704.8578869622974,929.0665900913955,704.8457602950954
797,765.1016646420652,660.4429671281237,767.772127437122,663.0887997949983,770.2551894750104,665.9112864571129,772.5422372316123,668.8948320864698,774.6302721111039,672.0210330056375,776.5492633030162,675.2541278513254,778.4275618745103,678.5112741428484,780.461167490348,681.6726012982772,782.7991515523407,684.6152058348753,785.3990086746779,687.3299890787945,788.203019948338,689.8337191945701,791.1769754224122,692.1331688324422,794.300783884197,694.2245180328644,797.5624845440061,696.0934534081741,800.9478049248759,697.7278366939377,804.4375134360873,699.1257507167318,808.0094695409019,700.2980132893749,811.6431547374892,701.2625209806274,815.3214271950203,702.0403691809007,819.0306565469922,702.6544134660384,822.7604916327841,703.1280321790355,826.5035740603098,703.4826121787477,830.2549044491524,703.7359603349956,834.0110908200932,703.9030810282185,837.7698267918721,703.9975837092227,841.5296026882457,704.0328152283278,845.2895402641395,704.0217373026302,849.0492364009102,703.9769366819808,852.808622177419,703.9107260569152,856.5678357480432,703.8352475669849,860.3270985859012,703.7622976821557,864.0866136282704,703.7040348387774,867.8464418888724,703.6725228257897,871.606394944069,703.676640210864,875.3661137071696,703.7188590041009,879.1252444313182,703.797712492654,882.8835242557702,703.910125051012,886.6408525901198,704.0509031728044,890.3974286194092,704.2106124945218,894.1537779904863,704.3756068074706,897.9106195971223,704.5288671981973,901.6685712918783,704.6515620288048,905.4277568901433,704.7268431277157,909.187625477273,704.7514194385635,912.9475451520975,704.7350077744845,916.7071342141297,704.6823102009245,920.4661263116425,704.5969587611953,924.2243497373227,704.4825888298649,927.9817168383195,704.3428339454081,931.7382123440425,704.1813003217123
798,767.6855715419655,664.6912048040144,769.859969521989,667.7580881050985,771.8899055393396,670.9227804339151,773.853891257706,674.1290379660035,775.8567515677767,677.3109922960907,777.996074205537,680.4024859629388,780.3180881974442,683.358951252758,782.8319323831618,686.1540433273004,785.5390061425443,688.7622243557122,788.437860293667,691.155351809058,791.512755441062,693.3176689308413,794.740276304846,695.2449321701203,798.0961348593764,696.9390635487129,801.5578144390848,698.4051025074596,805.104592407974,699.651508262174,808.7172332710848,700.6920555617152,812.3784676088754,701.5465215761733,816.0739771775446,702.238365899794,819.7930933445391,702.7898409683779,823.5283772151222,703.218726381424,827.2744969890839,703.5398608713596,831.0275345210785,703.7667050948452,834.7846275362718,703.912212878088,838.5437773747685,703.9886992323436,842.303670817384,704.0078266951955,846.0635265409774,703.9807513492075,849.82297008317,703.9183425600194,853.5819276351964,703.8312123640474,857.3405387551082,703.7301129157564,861.099076370206,703.6262923039067,864.8578396711281,703.5310626422947,868.6169867300966,703.4525420402756,872.376523896254,703.3958008970517,876.1363552472976,703.36428650478,879.8963152571786,703.3615935348213,883.6561512947261,703.3918791399169,887.4155219078218,703.458244294169,891.1740964247589,703.5602791160514,894.9317534371991,703.6919833057185,898.6886751559624,703.8433357065652,902.4452593508913,704.0028953866403,906.2020022807221,704.1586474354258,909.9593155353535,704.2999257941592,913.7171758511925,704.4258370790391,917.4754663119155,704.5381940586708,921.2340975349521,704.638521595758,924.9929949789437,704.728337623269,928.7520968444956,704.8091604267828,932.5113522367002,704.882508401321,936.2707193610693,704.9498979235746
799,768.9859723714653,667.4359826152358,770.9682725930439,670.6309108312545,772.9291919900993,673.8390498896018,774.9375132773035,677.0176018976031,777.0666391306909,680.1162149187178,779.3607040963765,683.0945711399302,781.8308815715895,685.9285204610233,784.4704047870543,688.605423471633,787.2745794268686,691.1092289590791,790.2427113063793,693.4161066958382,793.3732734920569,695.4969975900372,796.657489649414,697.3256662417597,800.0747837499512,698.8917298643012,803.5997998672849,700.1976921687022,807.2069552659652,701.2563560259293,810.873054007986,702.0889228822278,814.5788977914823,702.7223366519075,818.3100049197385,703.1851370306962,822.0561258587146,703.5054275069492,825.8104118853419,703.7099904875442,829.5685921164402,703.8238178595186,833.3282388539458,703.8705788407719,837.0881966158535,703.8723724665307,840.848086664722,703.8482368388126,844.6078693055777,703.8106499735773,848.3675819808718,703.7665613541827,852.1272744467587,703.7207663535971,855.8870066675702,703.6783890168058,859.6468120733346,703.6431427811597,863.406686779675,703.6162875118566,867.1666110939492,703.5976156108798,870.9265662681729,703.5868075741541,874.6865357872107,703.5838122977062,878.4465036131298,703.588496600971,882.2064528683469,703.6011617432348,885.966357488385,703.6233449780277,889.7261632887835,703.6583732681787,893.4857690004566,703.7105135692075,897.2450061950134,703.7844862554482,901.0036196441188,703.8851823993384,904.7612522430106,704.0174231592795,908.5174448803507,704.1855992075059,912.2717026058294,704.3924972416888,916.0236187747819,704.6382444536566,919.772989196356,704.9202144600238,923.5197323413453,705.235204649165,927.2638511469297,705.5800134177639,931.0054245724033,705.9514444871584,934.7445991318621,706.3463098884689,938.4815772066975,706.7614607398789
800,770.8644945877423,671.232047528147,773.0008257293279,674.3261357902181,775.0835515283181,677.4564633639206,777.1276727047563,680.612228796347,779.2654455789319,683.7048109614736,781.6215626985786,686.6334595182524,784.2209297114786,689.3487527141137,787.0235835632677,691.8540016679337,789.9941655229866,694.1578557490764,793.1116727479204,696.2586706958127,796.3635076826823,698.1447989583834,799.7400613040179,699.7971118806609,803.2298973303286,701.1941983797232,806.8147678889909,702.3254041733649,810.4717529309446,703.1962076403316,814.1777552366045,703.8276126251934,817.9133530013665,704.2514948527279,821.6646480220811,704.5028491462424,825.4227892829537,704.6146025599393,829.1826584460929,704.6162845886146,832.9416842754781,704.5344713520188,836.6989849071573,704.393438516682,840.4547711963411,704.2162316751243,844.2098530573163,704.024547275086,847.9651732575178,703.8376215126829,851.7214075403176,703.6701895532377,855.4788881930439,703.5337462674299,859.2376316648815,703.4385977003851,862.9973109336568,703.3943786737212,866.7572309006798,703.4057826053498,870.5166482633122,703.4688913050396,874.2752023624437,703.5717220812161,878.0331036010207,703.6964275874385,881.7909900784485,703.8215859008882,885.549486605854,703.9265427568848,889.3087524213378,703.998721599063,893.068502953081,704.038654591277,896.8284291152567,704.0565537106006,900.588385003978,704.0673213378274,904.348289303065,704.0889543653245,908.1078354265917,704.1438174983034,911.8659394034738,704.2604878122105,915.6212144370817,704.447344935311,919.3726897160496,704.6993278094245,923.119672503723,705.0111511813856,926.8617216299313,705.3775243908437,930.5986237547506,705.7931757102415,934.3303690096606,706.2528698491531,938.0571267088991,706.751419340248,941.7792194493607,707.2837053694732
801,772.5530739081864,674.303423524234,774.2611288019575,677.6529377037751,776.0925217914139,680.9362923915561,778.122738694462,684.1001165930326,780.3887235467623,687.0992902287074,782.8892906481603,689.9059078534915,785.6076671458321,692.5020699420704,788.5326457212846,694.8628852573386,791.6524370654221,696.9593007412716,794.9508160345835,698.7614927105376,798.4035114369728,700.2468050472291,801.9771571081493,701.4119898665618,805.6332366753734,702.2861410173906,809.3390425832208,702.9190510420084,813.0717516224447,703.3687997805791,816.8178976749942,703.6894408647454,820.5708374782155,703.9181872553315,824.3274903567938,704.0749645004155,828.0862361079958,704.1694916166198,831.8459664274669,704.2095036453229,835.6059110031433,704.2025713402643,839.3655810413148,704.1560970897635,843.1247176844732,704.0773039392859,846.8832450806879,703.9732956052476,850.6412271484463,703.851076116791,854.3988281130478,703.7176044556546,858.1562751612042,703.5798499467757,861.9138219047211,703.4448542397462,865.6717114671625,703.3198124378358,869.4301363638,703.2121553181408,873.1891928934723,703.1296405318278,876.948827030694,703.0804524336303,880.7087682893299,703.0731263037181,884.4684812629835,703.1146383477299,888.2272354699463,703.2090566473602,891.984253436664,703.3572596986911,895.7388239839329,703.5581803941476,899.4905799465382,703.80629326223,903.2399439155641,704.088439567101,906.9883313814796,704.3833552799332,910.7375721373862,704.6671347195469,914.4894295882852,704.913592941085,918.2443659562394,705.1075386722596,922.001556734656,705.2514542790719,925.760235330852,705.3492254789369,929.5197788612736,705.4047563451821,933.2796964198773,705.4219570427148,937.0396168169214,705.4047344602254,940.7992760523902,705.3569854770335,944.5585039263485,705.2825567018376
802,774.2262450775687,677.000679504727,776.0944970753008,680.2629735634237,778.1794615102244,683.3909962178432,780.4772315429591,686.3662476033935,782.9719715609548,689.1784355143072,785.6499172333008,691.8167507547192,788.5013937079813,694.266418153773,791.5197407804494,696.5071204839555,794.6991359828454,698.5125216017199,798.0306609680292,700.253261738695,801.49849395812,701.7033921848383,805.0779101732224,702.8509222749263,808.738471822173,703.7058017445407,812.4511222234654,704.2961276826119,816.1930409102536,704.6592327297072,819.948614807505,704.8344978593469,823.7083092729982,704.8609215400778,827.467227517493,704.776057282219,831.2236861533478,704.6145319199331,834.9777858167278,704.4047395111533,838.7302851623172,704.1678740532805,842.4821000389463,703.9203488553048,846.2341749864307,703.6768172354484,849.9873939849612,703.4516999322309,853.7424073018435,703.258999935096,857.4993881515903,703.109674730133,861.2579865483397,703.0090541648628,865.0175665887726,702.9564922190135,868.7775098970689,702.9485981395217,872.5373275115212,702.980837980698,876.29668395238,703.0481959372156,880.0553933786435,703.1452951499671,883.8134054460003,703.266509204115,887.5707859824182,703.4059974374935,891.3276819405546,703.558014700596,895.0842549259771,703.7178310969482,898.8406222326199,703.8824162241204,902.5968555477165,704.0500334353449,906.3530048693606,704.219523500244,910.1091252375495,704.3896543929619,913.8652722176411,704.5591963182478,917.6215520933556,704.7257623567579,921.3780933395285,704.8863214920079,925.134894019654,705.040692629153,928.8919273471156,705.1892953671235,932.6491684677923,705.3325494373737,936.4065943210462,705.4708746553462,940.1641834994549,705.6046908984947,943.921916108329,705.7344180881769,947.6797737720902,705.8604717453677
803,776.2784682249879,680.3398593524618,778.1403052388057,683.6060103069855,780.1925656830725,686.7557676326851,782.4469754544796,689.7640184668084,784.9113493868019,692.6026138022579,787.5951377109732,695.2343883912237,790.5054077037283,697.6128381151038,793.6415320514558,699.6837646342248,796.9901102533712,701.3892523927391,800.5114940788668,702.7017706528096,804.1502888941436,703.64326539115,807.8551442514173,704.2797886502464,811.5937570555503,704.6753127480546,815.3476490972591,704.8838412931688,819.1068688189879,704.9503869824368,822.8665781303769,704.9135353992563,826.6249661478257,704.8056709122853,830.3816872957941,704.6497760674154,834.1368679031433,704.4602125116376,837.8907323674832,704.2460802706107,841.643671530591,704.0162497265692,845.3962310172499,703.7802798132225,849.1490479453646,703.5484561235356,852.902761502332,703.3316992686774,856.6579034288168,703.1414108245235,860.4147118140654,702.9876672637106,864.1730326722455,702.8770062439221,867.9324081237668,702.8113080607706,871.6922960618633,702.7895120899917,875.4521938687118,702.8098486365282,879.2116629631097,702.8702817375864,882.970346614011,702.9681461181895,886.7280122375395,703.0994993445022,890.4845793617009,703.2592925633717,894.2401096014918,703.4418974596609,897.9947749955766,703.6415372653322,901.7488315499764,703.8523417534482,905.5025934835771,704.0683409373974,909.2564056291991,704.2834636537351,913.0106144691539,704.4915312133564,916.7655378425983,704.6862428468587,920.5214257071831,704.8613121574839,924.2782953980355,705.0138759627118,928.0359521951115,705.1456637139139,931.7942198668082,705.258725902733,935.5529528702018,705.3551146935537,939.3120330106419,705.4368828403733,943.0713660801231,705.5060829168605,946.8308784856662,705.5647668216303,950.5905138992642,705.6149839831168
804,777.6643585306036,686.0419926929098,779.5721873132607,689.2775335212147,781.9701179155147,692.1688933108384,784.7001381436792,694.7525417243019,787.6292879890063,697.1084289144935,790.7420519045548,699.2153812581339,794.0372812551307,701.0230151887688,797.4987842281132,702.486827007464,801.0901734796049,703.5952903517937,804.7663299235526,704.3797941787358,808.4909670904392,704.8889249299384,812.2399062268184,705.170651768776,815.9983221840458,705.2679078653814,819.7577913840067,705.2188240531251,823.5141916956327,705.0573469327687,827.266247174613,704.8142555345855,831.0145458129386,704.5184222826517,834.7607559356156,704.1970510825859,838.5068061343593,703.8738075065955,842.2542100613817,703.5667206828646,846.0038219239374,703.2879584430499,849.7558958503612,703.0446299976949,853.510310302038,702.8406236906083,857.2667911552771,702.6791424360399,861.0249490523147,702.563154577565,864.7842767559038,702.4949879127283,868.5441717769216,702.4754361627747,872.3040211994049,702.5027762121961,876.0633058294932,702.5736403737753,879.8216368241262,702.684162049074,883.5787368577344,702.8307476210464,887.3344347942917,703.0097476707481,891.0886896322828,703.2168733903336,894.8416103820741,703.4469539686193,898.5934367294378,703.6942730374542,902.3444860697942,703.953130660925,906.095124449557,704.217886510298,909.8457396171126,704.4829715940574,913.596705765739,704.7430347971683,917.3483551058347,704.9930332094413,921.100908258706,705.229063031054,924.8544208187844,705.4493086536911,928.6086823127719,705.6564315178676,932.3627473122935,705.8670612218078,936.1159176108988,706.0930648812048,939.8681571369026,706.3340338725905,943.6194770222475,706.5889240957273,947.3699000050234,706.8566918538031,951.1194595459967,707.1362940813314,954.8681989059895,707.4266891427325
805,779.6124696228641,687.7919658567913,781.7968787603429,690.8506195851903,784.2757587003738,693.6754796341706,787.0343773947881,696.2279466477538,790.0356720994661,698.4903525488962,793.2381707742301,700.4579727483615,796.6035970280064,702.1320502177409,800.0988919049863,703.5149052187817,803.6948743930737,704.609890385983,807.3646017463593,705.4247805654476,811.0831509353659,705.9765393339178,814.8293336935232,706.2919435226801,818.5872596967467,706.4037767490597,822.3465215829659,706.3455694981291,826.1011981972387,706.149239170572,829.848712966532,705.8446312460787,833.5888641431302,705.459563129767,837.3230466023059,705.020109199068,841.0536594908789,704.551188282319,844.7836564100631,704.0773712998166,848.5158796030908,703.621489099131,852.2523824643293,703.2022386018286,855.9940911606975,702.8324404414892,859.7411941076199,702.5221771120899,863.4933447784744,702.2807139273463,867.2496951224367,702.1174722730563,871.008816883462,702.0420107615203,874.7686452934504,702.0602053304453,878.5269084378539,702.1706757095379,882.2818991379457,702.3629701749595,886.0330481666023,702.6199045784861,889.7809031739998,702.9213538696337,893.5269106124302,703.2450874319353,897.2730218272299,703.5676128955855,901.0209354663676,703.8683696202486,904.7713220629739,704.1364810233783,908.5239617842428,704.371001735668,912.2782206439032,704.5780783806033,916.0334477427187,704.7668622158455,919.7890807734447,704.9474290708014,923.5445136421939,705.1320835826898,927.2991056680793,705.3330708171035,931.0527090198851,705.5517543448,934.8053146231373,705.7869457985379,938.5569290579075,706.0374571979172,942.3075734253589,706.3021011487176,946.0572822022623,706.5796911548557,949.8061020969158,706.8690418413346,953.5540909084709,707.1689690957919,957.3013156843306,707.4782986627448
806,782.7068360423825,691.0365435205182,785.030331212223,693.9914237167156,787.6074219456647,696.7271983808769,790.4692075602367,699.1625625235218,793.6116222870917,701.2224378913581,796.9859137971218,702.8764013761586,800.5225005932261,704.1480348637743,804.1695151896893,705.0568146033648,807.884182775926,705.6314648710294,811.6324697737651,705.9182246955356,815.3915424242662,705.977548718144,819.14964289351,705.866391689153,822.9023460949957,705.6344370336092,826.6490961299038,705.3200102494422,830.3907157339892,704.9492147251545,834.1284653989052,704.541114492295,837.8641648877276,704.1145851332773,841.6000424063957,703.6896244985049,845.3382771182739,703.2860029951959,849.080353912417,702.9198200433952,852.8266284815464,702.5994772752689,856.5767924247847,702.3284682824102,860.3303113331918,702.1088025693339,864.0865899721105,701.9429603839368,867.8449481948007,701.8341276002283,871.6045602135404,701.7851752187892,875.3644730440528,701.7971377999628,879.1237491179642,701.8676002040075,882.8816366134254,701.9919029010355,886.6376223888884,702.1644872030332,890.3914219199022,702.379535163555,894.1429744687716,702.630827906735,897.8924268952521,702.9117800948883,901.6401230789634,703.2153070017343,905.3865293488251,703.5343864606037,909.1320733551812,703.8634455151551,912.8770713932873,704.1986658395398,916.6217864617606,704.5370347896695,920.3664650132566,704.8758079088699,924.1113144255316,705.2126861552874,927.8564730815723,705.5461079735248,931.6019196267124,705.8762813191928,935.3475281321964,706.2046126770983,939.093254006119,706.5316024172864,942.8390918856564,706.8573065448937,946.5850472693378,707.1816564277207,950.3311256175377,707.504583007445,954.0773323119997,707.8260172184989,957.8236726520156,708.1458899878593,961.570151919373,708.4641314263026
807,782.6662044582406,695.674124133187,785.5457000852223,698.088964982778,788.6669590913352,700.1824171826947,791.9864870494307,701.9448456852348,795.4661708581698,703.3652919365037,799.0665655504928,704.4444625765199,802.747927409211,705.2041227216845,806.4767628139133,705.6810152638033,810.2287552761134,705.9176591907298,813.988180436222,705.9564748060227,817.7460068555848,705.8361732016584,821.4977928662347,705.5902394901649,825.2420676497102,705.247864200159,828.9793075832653,704.8353769153191,832.7112828197236,704.3774995398907,836.4405466341616,703.8979506911674,840.1700002487404,703.4198858481527,843.9023228150186,702.9648446505737,847.6395020410732,702.5517297832429,851.3826392831462,702.1968304897252,855.1317968946637,701.9127079632442,858.8860457033601,701.7065983733564,862.6438183443564,701.580047358366,866.4034098198274,701.5312812296636,870.1632396569186,701.5565967078096,873.9220020687266,701.6501319359833,877.678794176129,701.8038858256401,881.4331334381898,702.0091601093886,885.1848732152811,702.2575695720909,888.9341348234822,702.5410171078581,892.6812608380899,702.8514803038596,896.4267623269457,703.1810017174137,900.1712637313457,703.5217207154814,903.915395164413,703.8664879413368,907.6596853046748,704.2095255177915,911.4044994158064,704.5467900434455,915.1501053128724,704.8751379165288,918.8967311059907,705.1916265435291,922.6445726389313,705.4933672971715,926.3937687140727,705.7777668151515,930.1445601389754,706.0402554882792,933.8967509437896,706.281972185134,937.6497624610321,706.5106178664352,941.403398854979,706.7287708915957,945.1575466025741,706.9379451114577,948.9121030555065,707.1396549837154,952.6669746080405,707.3354154025742,956.4220748637657,707.5267415511395,960.177322799382,707.715148814882,963.9326409189403,707.902152896581
808,785.5371897487654,698.3454640830023,788.484049044544,700.6765338659814,791.7182889578667,702.5882369154953,795.1863861555019,704.0331115093775,798.808885292133,705.0333001130698,802.5131019661017,705.6716731212482,806.2552207335964,706.0308127452329,810.0121173102181,706.17255511536,813.771728379413,706.143564293146,817.5279806154798,705.9799822489628,821.2780231499544,705.7083339469907,825.0208057129134,705.3499042727244,828.7565637947507,704.9242057411352,832.4865890342359,704.450732912744,836.213019050804,703.9496552536663,839.9385982949161,703.442268202334,843.6662917545931,702.9507155381464,847.3988562011168,702.4977960911264,851.1383480346132,702.1064530532167,854.8854895261834,701.7972090330653,858.6392214758756,701.5825106830779,862.3972452267807,701.4645626359741,866.1570340614859,701.4368004704438,869.9165812925528,701.4890748629008,873.6745539458632,701.6102997310257,877.4302310055155,701.7893243002948,881.1834118471065,702.0148922071755,884.9343409445102,702.2753645140426,888.6835906642128,702.5590648832138,892.4318263989057,702.8558918811486,896.1795253039672,703.1594304216364,899.9268668501041,703.4673505149484,903.6738701318611,703.7793595393154,907.4204793457014,704.0960643004554,911.1665956379953,704.4185454095779,914.9120923529803,704.748142070704,918.65680024303,705.0865790466252,922.4005751787844,705.435183674825,926.1434708336828,705.7931117155437,929.8860360176046,706.1544845763603,933.6293098180352,706.508418439179,937.3743471886629,706.8431322723809,941.121637142717,707.1515828757089,944.8709752481283,707.4340677124242,948.6220191343502,707.6929362150458,952.3744709084763,707.9305432957701,956.1280728489302,708.1492469591615,959.882603011584,708.3514066200038,963.6378707905548,708.5393818936143,967.3937131623904,708.7155163760326
809,789.2763754328016,700.6887250644652,792.4964879437097,702.6255620409346,795.9374979924507,704.1342243145998,799.5503846381364,705.1659325539972,803.2601829980332,705.7678772429482,807.0096168939097,706.0373993917367,810.7690104688395,706.071489419514,814.5265258167232,705.9413603127409,818.2782699043324,705.6943794062727,822.0233612524394,705.3609097164847,825.7620606451022,704.9618473758645,829.4955025518937,704.5161138081609,833.2254230918711,704.0417252611521,836.9539868614204,703.556754798143,840.6835805226417,703.0797958613065,844.4164946515923,702.6296519506215,848.1544422278611,702.2235627855722,851.8981312558278,701.8744763114215,855.647311265393,701.5904806454222,859.4011331527275,701.3765238703562,863.1584260831927,701.2362695980995,866.9177609434424,701.1703671416445,870.6776782977357,701.175497193381,874.436966686195,701.2450145319576,878.1947856017204,701.3713137716019,881.9506464849306,701.5466025014065,885.7043702438019,701.7630030473376,889.4560510590602,702.012415523386,893.2059946446398,702.2867705857268,896.9545162900403,702.5799383122871,900.70175940878,702.8890222041572,904.4476068979808,703.214577904844,908.191796422315,703.5586666532055,911.9339751616266,703.9239616897964,915.673709731176,704.3134672710496,919.4105080235203,704.730189013198,923.1440154080886,705.1754300176142,926.8742224037964,705.6475403325962,930.6015132187525,706.1421667963988,934.3265254056786,706.6536860496523,938.0499928148313,707.1763438442669,941.7742838914107,707.6930737256497,945.5018257766868,708.1857825774446,949.2325595550399,708.6537160699584,952.9661549171733,709.0982465988177,956.7023075101276,709.5207517953824,960.4407375300989,709.922613239052,964.1811882696292,710.3052153407679,967.9234246269256,710.6699444062971,971.6672338235992,711.018163476441
810,791.4527078651037,703.0415272383887,794.937599014695,704.4526496437867,798.4791701560516,705.7139655327182,802.124656188833,706.6222003371165,805.8666395949739,706.9382195594345,809.6142200575154,706.6599312131792,813.3454740899082,706.1961284702481,817.0756438497002,705.7237223594658,820.8031272814941,705.2305268734362,824.5303995361395,704.7357283054388,828.2581002710507,704.2441693062685,831.9868713264351,703.760807183346,835.7176661634337,703.2933437816646,839.4513792723526,702.8498314562447,843.1889108589078,702.439808515839,846.930973858224,702.0735440240418,850.6779502338591,701.7616844726265,854.4297176551484,701.5142124282826,858.185476285862,701.3374968535874,861.9439306865943,701.2326652404781,865.7036853668967,701.19724805344,869.4634924288835,701.2273338349169,873.2223170183421,701.3186358139261,876.9793418158894,701.4666416182511,880.7339569730054,701.6667544797971,884.4857419474638,701.9143938501414,888.2344490284789,702.2049849071097,891.9799862689838,702.5339643430267,895.7223997401447,702.8967912119886,899.4618767703918,703.2887576828654,903.1987961401148,703.7044290520541,906.9337661723855,704.137289306463,910.6675814778042,704.5800137230607,914.4011527074372,705.024794794338,918.1354377681157,705.4635331136764,921.8713303107418,705.8883454306055,925.6094946492034,706.2926568661245,929.3502791458432,706.6719425632336,933.0937605168083,707.0236015263439,936.8398829262928,707.3459007393384,940.5885026559491,707.6377160474009,944.3394090359681,707.8984958030411,948.0923384820591,708.1283410994997,951.8469452631722,708.3289602351375,955.6028876582915,708.5028217075201,959.3598765750176,708.6524055297904,963.117671116188,708.7801950332021,966.8760737082836,708.8886746733297,970.6349251743887,708.9803284384926,974.3941000821735,709.0576231321469
811,795.5243979701268,704.5523065230175,799.0219754944459,705.9276647100489,802.6457611702639,706.9233114296609,806.3641405951184,707.4605288875649,810.1216207818184,707.494922051323,813.8626661472152,707.1302049021905,817.5718803501904,706.5166440912934,821.257297725333,705.7720497946821,824.932412132288,704.9777602700633,828.6107577682251,704.1986352421465,832.2996527258138,703.4712517763633,836.0016126199914,702.8136804205177,839.7169778208001,702.2367786557159,843.44549207569,701.7522573460518,847.1859847646781,701.3713132375458,850.9361949176036,701.1026022917804,854.692855322638,700.9481237141772,858.4524095483619,700.8998837039994,862.2120731264533,700.9419351024858,865.970240775704,701.0569069297555,869.7262551827546,701.2287710408231,873.480028762868,701.4442806111183,877.2316062308354,701.6952053946426,880.9809154686791,701.9780199333037,884.7277478658601,702.2919494956402,888.4718376947819,702.6370503347277,892.212883605861,703.0137156160646,895.9506182955909,703.4219346978298,899.6851032645459,703.8589151132198,903.4170820812233,704.3168448798581,907.1480882043791,704.782653513098,910.880060056154,705.2406366509764,914.6150610229378,705.6731290712863,918.3548970761099,706.0614312186387,922.1004763164646,706.3895495133127,925.8512819048508,706.6512307580781,929.6058889122658,706.8513765895764,933.3627145488384,707.0047872719516,937.1204875545252,707.1332869621953,940.8782599454098,707.2617989219367,944.6347399725447,707.4230567000184,948.3877957730142,707.6501041449482,952.1361547725936,707.9447884711635,955.8790769899631,708.3020267937115,959.6160765136482,708.71671747494,963.3468997826972,709.1837668951359,967.0715028614945,709.6981098126714,970.7900284781316,710.2547236357025,974.5027833831931,710.8486372782983,978.2102086585464,711.4749804914605
812,794.897927687248,705.4718805156567,798.4952892422291,706.5650549978798,802.1714028519251,707.3383805713646,805.9232938048027,707.4259028561297,809.6158730772813,706.7388598043002,813.2550067263132,705.793404966745,816.9267143918073,704.9865134373129,820.6395253872147,704.3945428904085,824.3652603209013,703.888430858772,828.0934558751248,703.4006381384011,831.8229897145955,702.9232163849362,835.5554457983216,702.4692356097074,839.2913530869682,702.0446327386271,843.0314690428215,701.6589468867804,846.7763982609843,701.3233402976666,850.5262685835554,701.0485668657993,854.2805486832946,700.8427695561204,858.0380410861908,700.707760034637,861.797376049818,700.6412714611013,865.5573040719686,700.6393715845444,869.3167797027374,700.6980700169958,873.0749533228521,700.8132735492335,876.8311637167919,700.9807866411946,880.584929924036,701.1963108775361,884.3359425613182,701.4554393218998,888.0840541554901,701.7536540563117,891.8292618512035,702.08639696298,895.571691256942,702.4490860965844,899.3115764030364,702.8371572692918,903.0492273191289,703.24620598283,906.7850096380357,703.6719962224266,910.5193845508326,704.1099699399814,914.2529502449557,704.5547964542981,917.9864212041292,705.0004183129881,921.720535782127,705.4406079057809,925.4560414282073,705.8688161786272,929.193685172121,706.2779131467621,932.9341332591771,706.6604824939676,936.6776854465776,707.0113510993416,940.4242203284167,707.3287960677701,944.1732226961718,707.6156872671314,947.9238054826031,707.8811940541239,951.6749036855001,708.1393541915439,955.4254234842832,708.405747211909,959.1744775422999,708.6920004753462,962.9219164259298,708.9986840547517,966.6677766477197,709.3240906824893,970.4121202765435,709.6665141866889,974.1550325542044,710.0242502091754,977.8966180066925,710.3956117893546
813,799.6803622406978,707.4023800662694,803.4193544258347,707.763174852553,807.1736938204994,707.6046752633551,810.8945139658757,707.0704015882235,814.5758802026887,706.3070952772151,818.2339142209768,705.4376712089041,821.889299678733,704.5570600716297,825.5569722735751,703.7293853547274,829.2432656190608,702.9892209621798,832.9480873427877,702.3482659646229,836.6688298941472,701.8072998228305,840.4022290196622,701.3618777630065,844.1452625431733,701.0062721100253,847.8953732370899,700.7351654698824,851.6503950769048,700.543577012054,855.4084886174054,700.4265741527081,859.1681113210411,700.379107623803,862.9280025255135,700.3960646808367,866.6871605500021,700.4725268262475,870.444799520851,700.604068385595,874.2003206448583,700.7864161027561,877.9533168336891,701.014991952188,881.7036000105963,701.2845113535,885.4512008348648,701.5891224057259,889.1963691901072,701.9223581437758,892.9395443004196,702.2773189235999,896.6812617748576,702.647349242461,900.421946909621,703.0276827964059,904.161909188616,703.4150638864473,907.9013991689825,703.8069803603742,911.6406723316638,704.2009611812114,915.3799727990923,704.5946826465109,919.1195291439739,704.985965241651,922.8595491717233,705.3727888583151,926.6002132773287,705.7533313258805,930.3416724120199,706.1259733407836,934.0840420372406,706.4893550517835,937.8273973828666,706.8424358160988,941.5717712189951,707.18454537952,945.3171551831014,707.5154128402703,949.0634742296763,707.8355216127304,952.8106120522173,708.1459018315923,956.558367163491,708.4487459999142,960.3061110234495,708.7517300934484,964.0535010539595,709.059059115863,967.8005397954933,709.3706421504261,971.5472402627174,709.6862670364076,975.2936161564451,710.0057216607277,979.0396818273088,710.3287939600624,982.7854519389379,710.6552753644805
814,800.4692126343065,707.459700030504,804.2228121283988,707.2613793219901,807.9545526158028,706.8051392678827,811.6643043823574,706.1935760341981,815.3590235565655,705.4963855619925,819.0436169706255,704.7473702550269,822.7224611174472,703.9705389508669,826.4009513420045,703.1920294701033,830.0856571541324,702.4436070001282,833.7828602999679,701.7598702258009,837.4970576659412,701.1759434741195,841.2290532361409,700.7198544895299,844.9755076176809,700.4037880797164,848.7307301766975,700.2182186523578,852.4899176246263,700.1478839190579,856.2496761438962,700.1776679522004,860.0077805455645,700.2938978282743,863.7629011692675,700.4838375749837,867.5144055350466,700.7355141772467,871.2622061902294,701.0375221856025,875.0066436159241,701.3788111590469,878.7484006055266,701.7484006646349,882.4884570106152,702.1348622076656,886.2279794919274,702.5264693093725,889.9682098225641,702.9112386615957,893.7103060617172,703.277376060981,897.4547054061483,703.6191444782427,901.2009886091441,703.939650997511,904.9481970968272,704.2491840560974,908.6953947702345,704.5588481053777,912.4417448974235,704.8785779390563,916.1863140465617,705.21847781013,919.9279055844148,705.5896434291498,923.6652057160939,706.0017417506158,927.3982328972007,706.4509732317035,931.1284990518066,706.9226568138098,934.8594501622274,707.3888283381754,938.5966886219137,707.8010727904217,942.342916777144,708.1208089724116,946.0962398618539,708.3429408603195,949.8531934757976,708.4925868947277,953.6117455313207,708.595378999189,957.3709396339473,708.6716711817927,961.1301867605921,708.74537483013,964.8889962278387,708.8386270735244,968.6472155838718,708.9532435240783,972.4047752382497,709.0877791442945,976.1616285708849,709.2407883444448,979.9177502506761,709.4108258423572,983.6731334333153,709.5964691474974
815,807.258192089768,705.1600421723073,811.0148399935407,705.0129314625777,814.7603175857605,704.686273269936,818.4913085680755,704.2216073641415,822.208616895447,703.6572882694289,825.916233835277,703.0321363329242,829.6198714140951,702.3837157966062,833.32552670571,701.7469795862594,837.0386544753009,701.1555935366517,840.7635185813783,700.6437351236237,844.5012651678403,700.2368173990563,848.2497103151028,699.9444449807411,852.005100942526,699.7613782418085,855.764068031507,699.67898118637,859.5239421739243,699.6886557912497,863.2826664586702,699.7826651593485,867.0386597041219,699.9542598705839,870.7907586351638,700.1966734693735,874.5382874988403,700.5018497472531,878.2811429307422,700.8599428569074,882.0197729322429,701.2598449956321,885.7550340586597,701.6901445761052,889.4879494540965,702.1403755587646,893.2194940470087,702.6018457257824,896.9504856943132,703.0677704839449,900.6816909640546,703.531979540552,904.4138632052616,703.9883401575551,908.1477009239643,704.4308530266918,911.8837322710502,704.8544310520549,915.6221747469696,705.2561642365879,919.363002162512,705.6350462976864,923.1060595664873,705.9912259117788,926.8511711831848,706.3251172240028,930.598160797941,706.6372313858969,934.3468572741804,706.9281321344444,938.0970965926534,707.1984203308293,941.848722482538,707.448732216695,945.6015853322143,707.6797639113179,949.3555393443561,707.8923368888387,953.1104479657453,708.0873282002623,956.8661846460184,708.2656703783833,960.6225931944747,708.4292679427388,964.3795428353403,708.579939111792,968.1369385577983,708.7190518929942,971.8946986142056,708.8479573394769,975.6527522752692,708.9680069516157,979.4110383754374,709.0805524522377,983.1695038550552,709.1869456340662,986.9281023007768,709.288538268367,990.6867925693962,709.3866788085965
816,810.8786110204833,705.1343816322458,814.61561324312,704.7216552720618,818.3352450517517,704.1734915390032,822.037713746673,703.5189650033204,825.7268649178342,702.7927898532737,829.4107230037188,702.0400813037094,833.0997123276197,701.3130990532927,836.8030439254776,700.6636126027163,840.5250750553266,700.1321510901051,844.2640802004462,699.7377188287526,848.0152101828468,699.4831347205431,851.7731766950373,699.3669028635805,855.5328919347966,699.3873565353795,859.2895702821218,699.5403452638781,863.0394568594719,699.8136546546831,866.7807993762806,700.1866314595084,870.5140980414872,700.6333540662523,874.2415244740267,701.1268958974745,877.9662908833352,701.6402138816794,881.6915980560236,702.1495795138859,885.4197038560668,702.6380008871844,889.1514975548407,703.0973710576229,892.8869708334043,703.525792969712,896.625692611156,703.9248919447143,900.36709224081,704.2980754496082,904.1106112608473,704.6493838442289,907.8557466361752,704.9830390435613,911.6020465319847,705.3033693876949,915.3491117659047,705.6146293145154,919.0966323902927,705.9203615293455,922.8445090536013,706.2216978204417,926.5928515995969,706.5171779216665,930.3418919950302,706.80365863126,934.0918772763177,707.0774790278156,937.8430275561751,707.3348276448346,941.5955183003305,707.5718016850625,945.3494631580983,707.7844652359847,949.1049002928553,707.9688584506896,952.8617836228511,708.1208969457299,956.6199374601192,708.2373121354145,960.3790443101847,708.317294228254,964.1386854742391,708.366718869128,967.8984534873682,708.4058221688738,971.6582224760501,708.4448334850742,975.417984545948,708.4845052174837,979.1777333636982,708.5254121753064,982.9374620289243,708.5681292030416,986.6971628103983,708.6132311849598,990.4568268821466,708.6612930470213,994.2164440555744,708.7128900323871
817,813.1961515246855,698.971682004043,816.9559739559037,698.938359394278,820.7158817541082,698.916802047048,824.4758425496447,698.9089394631168,828.2358028778805,698.9167069935555,831.9956850919791,698.9420466477267,835.7553842232896,698.9869076482503,839.5147647894972,699.0532466976549,843.2736575541495,699.1430279197436,847.0318562451687,699.2582224371644,850.7891142444918,699.400807545385,854.5451412660892,699.572765442412,858.2996000452704,699.7760814733308,862.0521030684031,700.0127418492668,865.8022093788617,700.2847308019325,869.5494215020968,700.5940271376967,873.2931825400742,700.9426001594504,877.0328734927153,701.3324049305452,880.7678111925283,701.7653742077663,884.4986916716463,702.232165713905,888.2306490329859,702.6902352693863,891.9653180706148,703.1256636951465,895.7022410730112,703.541305414689,899.4412931825278,703.9373417579678,903.1821537275483,704.3159247388215,906.9245303209228,704.679222295328,910.6681752493835,705.0292148821438,914.4128585945286,705.3679221038695,918.1583759729024,705.6972825361595,921.9045824945101,706.0187118500988,925.6514722275416,706.3320734733704,929.399209200126,706.6351248388011,933.1480678809905,706.9239517845097,936.8983168757127,707.1941012195525,940.6501701925773,707.4409347531008,944.4037666551853,707.6596129166105,948.1591465284881,707.8450938109706,951.9161632003986,707.9937248191811,955.6744458707456,708.1059708145605,959.4335264759377,708.1874552023613,963.1930077943715,708.2480187191699,966.9525725579163,708.3033059046919,970.7120682693762,708.3630949465891,974.4714834157162,708.4277524745632,978.23081409324,708.4971484192157,981.9900568899541,708.5711527051454,985.7492088720468,708.649635254761,989.5082675703617,708.7324659917185,993.2672309668562,708.8195148440202,997.0260974786214,708.9106518866198
818,817.3371575319891,704.279275299478,821.034749342977,703.5986789505188,824.7036232874377,702.7768663814577,828.3482319041294,701.8529141309344,831.9822031124149,700.887705023452,835.6266259567471,699.963111500173,839.3027418267285,699.175265366633,843.0186725766672,698.606154591745,846.7647496543087,698.2913595556507,850.5233906429357,698.2133612327775,854.2811693826671,698.3315243443135,858.0309783762134,698.6049984429129,861.7704091953844,698.9964124124685,865.500261188619,699.4709849225276,869.2233357702901,699.9963298892495,872.9427180266391,700.5472929833171,876.6606009377906,701.1082997731858,880.3781584110324,701.6714614171334,884.0963208961131,702.2306109583541,887.8160140263143,702.7794755678636,891.538148916634,703.3115116736809,895.2635555500184,703.820108251334,898.9929392873091,704.2986334374582,902.7269831626934,704.7392636503747,906.4659834234712,705.1355994206417,910.2095592343359,705.4861245266119,913.956659058788,705.7968026915228,917.706233002683,706.0761233905073,921.4574481613082,706.3325207167585,925.2096738071431,706.5737190390564,928.9623885204368,706.8072046512698,932.7151694635932,707.0396261112427,936.4679138364472,707.2726375618179,940.2209032096368,707.5016575392016,943.9746030555168,707.7186897256678,947.729258739461,707.9184774531776,951.4849572119439,708.0975670579884,955.2417507141806,708.2519153204329,958.9997227176551,708.3740311415751,962.7588806740853,708.4508302758421,966.5187328929233,708.4774235385914,970.2786710830753,708.4640752916506,974.038531021507,708.4351585002286,977.7984739095648,708.4240196009165,981.5583617546016,708.4471352945286,985.3179091575147,708.5028718665021,989.0768861764338,708.5889326498802,992.8351184307676,708.7030185476713,996.592482864234,708.84283089858,1000.3489018924445,709.0061079293619
819,821.5389559959306,700.6069739892747,825.2715805223761,700.1543557195421,829.0071734629823,699.7269738336698,832.7465597017967,699.3342325323256,836.4903187340462,698.9857325012246,840.2387060706233,698.6913051602011,843.9915664473623,698.4610307399456,847.748238788432,698.3052344137501,851.5074542965332,698.2344536806669,855.2672310492178,698.2593694515089,859.024771113312,698.3906932259572,862.7763693390959,698.6390038979506,866.5173512236087,699.0144882047736,870.2428761474675,699.5209286048861,873.9502343562522,700.1469456013467,877.6413381208861,700.8629664041028,881.3213946807565,701.6339717347004,885.0026253763094,702.3992239302436,888.7038452808645,703.0601615790184,892.4271002677455,703.5828274230911,896.1639141056694,703.9989354605827,899.9060002677354,704.3651315054931,903.6494922213619,704.7167732981379,907.3924097605977,705.0744602315008,911.134180613155,705.4439552385903,914.875262859289,705.8203694184151,918.6165405844956,706.1948316028845,922.358939867994,706.5578881377774,926.1033774468107,706.8992243583904,929.850598802884,707.2084223823429,933.6009402903028,707.4770684131521,937.3541496225779,707.7021139882748,941.1096510155538,707.8850339865085,944.8668292419732,708.029555350452,948.6251815675776,708.1394838601589,952.3843101680363,708.218658358741,956.1439066334297,708.2712916005376,959.9037544231629,708.3011475146604,963.6637094941358,708.310783516488,967.4236721260536,708.3035887126955,971.1836315631102,708.2945884250423,974.9435513501468,708.3103705891729,978.7027165336183,708.3849051071986,982.4586476087406,708.5562344460649,986.2081372135765,708.8352027878841,989.9489664338392,709.2131427083583,993.6796463526136,709.6809066778482,997.3993381540615,710.2293490712166,1001.1077771065709,710.8494159364346,1004.8051829731011,711.532264001791
821,827.8377708173514,701.5198184821509,831.4621914288609,700.5195225534807,835.1172945469418,699.6389612234565,838.7889620269494,698.8289842322567,842.4556679393487,697.9970190392801,846.1636332381091,697.3847733392421,849.9176521315028,697.37258191286,853.6601868775122,697.7325828198219,857.4140226884276,697.9463069947308,861.1566258167421,698.301187354916,864.8804587308924,698.8203058599667,868.5879463153723,699.4454891304499,872.2757070931644,700.1783068884337,875.9470469338622,700.9896815380098,879.6090164974627,701.8425121873385,883.2711265412264,702.6947357594287,886.9426148196665,703.5054601075432,890.6286868705142,704.246905056384,894.3300225392306,704.9079045055223,898.0450116192494,705.4872999763635,901.7713096984439,705.9889148751195,905.5065800093447,706.4187373662949,909.2488274865526,706.7829401425007,912.9964046563088,707.0875457534363,916.7479690667366,707.3384153992913,920.5024416182428,707.541275522411,924.2589700636804,707.7017421099566,928.0168964305468,707.8253476611256,931.775727852386,707.9175615826465,935.5351094461942,707.9838216364067,939.2947986763351,708.0295996904717,943.0546440542756,708.0601646113839,946.8145628695855,708.079863394973,950.574516315268,708.0912700084174,954.3344849383748,708.0953320088116,958.0944545516276,708.0923046352839,961.8544118967301,708.0822338705357,965.614343709839,708.0651048216042,969.374236777331,708.0409223424342,973.1340784658341,708.0097569728306,976.8938578590897,707.9718088095898,980.6535672321521,707.9274574834558,984.4132022719133,707.8771933553386,988.1727613950607,707.8215356979024,991.9322452531833,707.7610037891568,995.6916565172991,707.6961168833978,999.4509996624986,707.6273941982289,1003.2102807526109,707.5553549068175,1006.969507224955,707.4805181347559,1010.7286876426234,707.4034013904338
822,831.4671040106143,703.4712391988433,834.7630440069707,701.6630518620173,838.1775938721754,700.0910619480333,841.71511693609,698.8211878618572,845.3665617254859,697.9331812793004,849.1001264812618,697.5134963598539,852.8553953594778,697.6261624257143,856.5900270218152,698.0607328258484,860.3216363471032,698.5214586922235,864.0390363364843,699.0844930960765,867.7421055933577,699.735951642239,871.4367339343379,700.4337809247728,875.1249081563536,701.1650143012428,878.8099067396104,701.9121186607148,882.4947902180434,702.6597914382475,886.1824336916113,703.3937070400473,889.8755801061153,704.0993603747427,893.5765765922434,704.762536535703,897.2870955740891,705.3700833237322,901.0076228699893,705.9129252042734,904.7374575940179,706.3876180027625,908.4751540137852,706.7958562869397,912.219196527856,707.1411405224507,915.9682081145911,707.4275484678757,919.7209977928183,707.6593384872044,923.476559037262,707.8408695806236,927.2340602359856,707.97656170183,930.9928319617193,708.0708660227459,934.7523522692904,708.1282463045416,938.5122310312684,708.1531672007349,942.2721938602308,708.1500893097449,946.032065995934,708.1234668936662,949.791756244478,708.0777454681291,953.5512414464395,708.0173871317224,957.3105533546941,707.9470036198144,961.0697651038527,707.8714315669993,964.8289759756756,707.7958158650987,968.5882920127108,707.725659113437,972.3477992007457,707.6667221451704,976.1075416091385,707.6256923650102,979.8674645773011,707.6079219730328,983.6274240646216,707.614424759187,987.3872750106526,707.6438505982267,991.1469042886735,707.6942437743472,994.9062315016198,707.7636470934749,998.6652059275259,707.8501033383307,1002.4238034465196,707.9516561627942,1006.1820234622137,708.0663506950373,1009.9398858265473,708.1922338832165,1013.6974274355416,708.3273638208467
823,833.1032655113147,698.8767262279197,836.7913992967408,698.1495286713999,840.503228601737,697.5498138481828,844.2341052615119,697.0979459701907,847.9917181460424,697.1546570982839,851.7460628743179,697.3600169942732,855.4958225884011,697.6321603003478,859.2281014286652,698.0855247213241,862.9439234695461,698.6592528844534,866.643339515417,699.3308202370417,870.3279532872186,700.0795939439181,874.0017123123844,700.8800535367109,877.6687897150165,701.7106526396873,881.3339060297324,702.5498821495964,885.0018605933063,703.3765912852837,888.677080884407,704.1703048708878,892.3631070124359,704.9121192792394,896.0618999930207,705.5873000638451,899.7736684873794,706.1870026264587,903.4972550773787,706.7083272984185,907.2307603722818,707.1531386219451,910.9722014529642,707.5254191407856,914.719795568172,707.8296643813165,918.4720065353142,708.0704738765135,922.227533833292,708.2525091846453,925.9852988644632,708.3804386864231,929.7444271326815,708.4589015645493,933.5042285513717,708.492501322157,937.2641781307051,708.4858014765948,941.0238971038997,708.443311443289,944.7831347698846,708.3695058547779,948.541749504675,708.2687617761956,952.2996973876136,708.145555993171,956.0570488944628,708.0052757076758,959.814031884047,707.8554051387373,963.5710192152976,707.7056449494762,967.3284352649931,707.5671308679091,971.086584500443,707.4503234468639,974.8454955359227,707.3614423825184,978.6049863621029,707.3018864809103,982.3648041414333,707.2685566742455,986.1247479596677,707.2550360521209,989.8847154776162,707.2579748188193,993.6446416663321,707.2759448141784,997.4044785286468,707.3075327749854,1001.1641934224165,707.3513252934299,1004.9237674642433,707.4059091627429,1008.6831939309167,707.4698716141611,1012.4424766610551,707.5418004578669,1016.201628422543,707.620285817004
824,836.7303876844811,696.4001972073536,840.481783652165,696.6537785345093,844.2302805671137,696.9470396786652,847.974855338145,697.2866557293286,851.7142295574101,697.6793383568634,855.4468312762145,698.1318152341889,859.1707581163728,698.6507983007765,862.8837433478293,699.2429393867244,866.5831270888972,699.9147720214326,870.2666056347547,700.6690053125681,873.937119139435,701.4841928651122,877.5995926516896,702.3348488300182,881.258493668444,703.2007734588362,884.9187549728618,704.0609178754468,888.5851342640514,704.8945419213428,892.26200697598,705.6804780058001,895.9527337997524,706.3984031690629,899.6588222120907,707.0321181566824,903.3799557646059,707.5703648043152,907.1144636465076,708.0061620850291,910.8595893132339,708.3387102779886,914.6119560130383,708.5763448416349,918.3686559891121,708.7316430209697,922.1276066546773,708.817312447064,925.8874466436531,708.8448776661708,929.6473479406425,708.825301614657,933.4068926629309,708.7693658016524,937.1659736790115,708.6877549688948,940.9247067613375,708.5913021570492,944.6833408295279,708.4910303526286,948.4421216407395,708.3964583432959,952.201161981443,708.3128607142572,955.960446911953,708.2410880854233,959.7199122667564,708.1794593805841,963.4795018245692,708.125914197167,967.2391662829626,708.0778876330792,970.9988586361708,708.0320823575818,974.7585264301437,707.984321160564,978.5180916061976,707.9291377798679,982.2774150871087,707.8595406458339,986.036244031942,707.7671926251251,989.7941636023393,707.6434024028599,993.5506566463661,707.4821051237876,997.3053189502226,707.282644905495,1001.0579535580712,707.0480705730279,1004.8084559837076,706.781537678827,1008.5568021297729,706.4861999484715,1012.3030401134756,706.1652053859533,1016.0472820824842,705.8216936585801,1019.78969478924,705.4587815200063
825,839.9113901932794,697.1760959716883,843.6596420554865,696.8833525009863,847.4174315231699,696.7670018405039,851.1760863152522,696.8469810236438,854.9238814029901,697.1423502798917,858.6462832569632,697.6682670841171,862.3346267645794,698.396989612466,865.9910110403315,699.2726336088654,869.6178301885616,700.263966129866,873.2249791291471,701.3249547487356,876.8290719311065,702.396332610687,880.447483694403,703.4180876748577,884.0909659370892,704.3462196112329,887.7603321751455,705.1660369282779,891.4517689439557,705.8800379342666,895.160742060347,706.4966118341513,898.8835285172751,707.0235130057118,902.6170594628009,707.4680489192091,906.3588282057616,707.8369869232002,910.1067984622786,708.1365497468355,913.8593146249657,708.3725624313637,917.615037896503,708.5505350378428,921.3729005994117,708.6756055367777,925.1320638001464,708.752424705396,928.8918736359318,708.7851139352057,932.6518217857572,708.7776933547555,936.41152935902,708.734235568004,940.1707343536586,708.6588137083863,943.9292750060109,708.5553690572953,947.6870746606165,708.4277540040374,951.4441286831759,708.2797622017298,955.200493085918,708.1151617547833,958.9562747588094,707.9377387481911,962.7116228828688,707.7513490356008,966.4667198496294,707.5599574071574,970.2217726276274,707.3676992117199,973.9770030161989,707.1789488934467,977.7326331316592,706.9983445849562,981.4888760105641,706.831003441282,985.2459004141851,706.6822920304784,989.003807237133,706.5579725718896,992.7626423672972,706.4661164090719,996.5221708503584,706.4092271077525,1000.2820520046563,706.384754718295,1004.0420108891659,706.3900065437552,1007.8018364694137,706.4222866527239,1011.5613758315652,706.4788992164433,1015.3205283228466,706.5571509685025,1019.0792396664906,706.6543528750192,1022.8374954754008,706.7678404800264
826,842.8247921041118,697.163069498305,846.583408108756,697.0684097219287,850.34079081303,697.1900442968182,854.08855442068,697.4903204598339,857.8224856149,697.9300159255724,861.5364694730213,698.5148837389755,865.2270608385925,699.2328824526264,868.8914467052292,700.074573877318,872.528767630952,701.0266123432094,876.1439957726758,702.0596739268643,879.7511345647864,703.1207700487809,883.3695999717788,704.1423596707282,887.0122528308651,705.0737206797882,890.6824599197487,705.889650332208,894.3770788132845,706.5868066916903,898.0909817263752,707.1727775532621,901.8193798410629,707.6582448995266,905.5584052576431,708.0538112437313,909.3050828892722,708.3689498997824,913.0571313558171,708.6121281577365,916.8128049078493,708.7910068221133,920.5707792190263,708.912551483383,924.3300628442933,708.9831375178175,928.0899278326616,709.0087106298029,931.8498590700756,708.9948820658691,935.6095155311484,708.9470566122457,939.368700770262,708.8705376066504,943.1273334963446,708.7704033867014,946.8853750029436,708.6500750885224,950.6427535828263,708.5105783690078,954.3993205972141,708.3507292013988,958.1548719122011,708.1685906406159,961.9091755605931,707.9623442276668,965.6619821307069,707.7304596473101,969.413059909974,707.4721119233009,973.1623299826365,707.1887129169642,976.9101740028262,706.8869930115247,980.6575211380591,706.5791397689402,984.4056826221873,706.2814147202623,988.1559672267789,706.0119144683135,991.9094165682814,705.7912127489069,995.6662837378221,705.6401767558032,999.4255790545004,705.573075714091,1003.1854604875249,705.5866683043735,1006.9443588020317,705.6741849667897,1010.7011054881981,705.8287978711685,1014.4548964422528,706.0436736210479,1018.2052527039449,706.3120118357316,1021.9519801594626,706.6270711020466,1025.6951274742469,706.9822052391771
829,852.6761911899192,696.3068547399434,856.3861260130512,696.9164665425858,860.0648837919756,697.6920692009759,863.7045720460885,698.6344359853626,867.3090155301571,699.7041854458465,870.8858335795545,700.8631833507734,874.4447409081358,702.0762160464319,877.998762402478,703.3035331054623,881.5632237619618,704.5000857925712,885.1516139153971,705.622598568854,888.7717524959487,706.6378475733177,892.4252677877666,707.525317860243,896.1103426746332,708.2708093949775,899.8223294322248,708.8680198928668,903.5547378168377,709.3206790641531,907.3008004421042,709.6418286432364,911.0549703806332,709.8483722228641,914.81330088522,709.9563200089686,918.5731312413166,709.9801481089355,922.3327621163204,709.9330832095632,926.0912115069581,709.8272021877335,929.8480306230238,709.6737478318498,933.6031702489138,709.4834109024697,937.3568779522465,709.2665577994043,941.1096077722506,709.033335572026,944.8618996152923,708.7931480619571,948.6142433181044,708.5537736519751,952.3669861242073,708.3207487756097,956.1203098696552,708.0972848427804,959.8742938875498,707.8852075539455,963.6289566628398,707.6855105163571,967.3842451472149,707.4979390096595,971.1399858795448,707.3196354571638,974.8959081185425,707.1451855082848,978.6516957640404,706.9678709194131,982.4070383339736,706.7813875377041,986.1617221347406,706.5820891521039,989.9157664687468,706.3710734272352,993.6694389322898,706.1535256401497,997.4231673413274,705.9369481175962,1001.1774212963513,705.7297221390484,1004.9328644067832,705.5454446773292,1008.6896671919312,705.3913484792606,1012.4475306008708,705.2657082193194,1016.2061828801061,705.1663843098466,1019.9653973054935,705.0912333987442,1023.7249885756221,705.0381105890871,1027.4848091460103,705.0048711620949,1031.244745530544,704.9893718465377,1035.004714566479,704.9894904168211
830,855.8145243816008,697.0633601268097,859.4793318291114,697.9018224167269,863.0999237266386,698.9150459190088,866.6796718086991,700.0646167997572,870.2273032281038,701.3100872861362,873.7566701275816,702.6065723071598,877.2836568330629,703.9095388143661,880.8249333736345,705.1730155639118,884.3960813192865,706.3490879772844,888.0077285224766,707.3937823986283,891.6622527807228,708.2766016275876,895.3534052933669,708.9910243713684,899.0720230000953,709.5453687957985,902.8094478741405,709.9546058353559,906.5588073496006,710.234726775168,910.3149812868108,710.4008680742273,914.0742736004343,710.4671428652285,917.834118280681,710.446675684728,921.5928370011268,710.3516570975693,925.3494401184039,710.1934093897678,929.1034693925977,709.9825476690784,932.8548731138292,709.729097749037,936.6039047451296,709.4426023149958,940.3510412921279,709.1322455370268,944.096916336806,708.8069830389115,947.8422628709667,708.4756768926524,951.5878585262182,708.147205581752,955.3344710891932,707.8305726233059,959.0828187148984,707.5352443352574,962.8333170261633,707.268659673161,966.5858837554283,707.0329505696685,970.3399419915157,706.822246310798,974.0948094001893,706.6264191683264,977.8499573694793,706.4360298763442,981.6051054908223,706.2456427998399,985.3601901127546,706.0540075268824,989.1152159489105,705.8612236207874,992.8701903782123,705.6674410514665,996.6251031896343,705.4724683014605,1000.3799366398054,705.2759733692469,1004.1346680936747,705.077539240128,1007.8893383859473,704.8779503335172,1011.6440424140094,704.6789972511887,1015.3987990059888,704.4810386949889,1019.1536118335475,704.2841497116956,1022.9084845042066,704.0884053511093,1026.6634205568903,703.8938806670449,1030.418423457424,703.7006507174997,1034.17349659403,703.5087905647868,1037.9286433500388,703.3183768033692
831,859.8961442025658,697.8444542276901,863.4667758691455,699.0216779050946,866.9939138519136,700.3239029631027,870.495918134212,701.6925632794837,873.996931425612,703.0637677027244,877.5208938539619,704.3746219503797,881.0834447197524,705.5763282924546,884.6887723297482,706.6427572085126,888.3323481104848,707.5701670507574,892.0074926300323,708.3633962583915,895.7081630175105,709.0275171470514,899.4290189726764,709.567305241831,903.1652097827036,709.988188313219,906.9124165512477,710.2961239116846,910.6669038004052,710.4969011120153,914.4254681285706,710.5957001021128,918.1853416565791,710.5973758911114,921.9441652299963,710.5079141090423,925.7001682273922,710.3366065400428,929.4523759183029,710.0957766131228,933.2006328857332,709.7995316909231,936.9454203663454,709.4621073803709,940.6877038176816,709.0978722233457,944.4288006943314,708.7216050922422,948.1701559848495,708.3479233559738,951.9129900822151,707.9893941399251,955.6580411201405,707.6548577730691,959.4056781759348,707.3507025164072,963.1559933540044,707.0816106468465,966.9087891247964,706.8496713302059,970.6635898067542,706.6527783646113,974.4198403233908,706.485718963359,978.1770280738184,706.3411582586155,981.934725878949,706.2104551054473,985.6926758361785,706.0871853167553,989.4503770475872,705.9566684287948,993.2071224013513,705.8011319878228,996.9627586000863,705.6207523411472,1000.7172910829784,705.4186703654163,1004.4707795736098,705.1980235160829,1008.2233301545275,704.9619451632927,1011.9750732980228,704.7133542756826,1015.7261086472555,704.4542963714515,1019.4765371111389,704.1865910754904,1023.2264722045178,703.9120575861424,1026.97603739882,703.6325147420947,1030.7253634779477,703.3497811921214,1034.474585898076,703.0656756391792,1038.2238421493225,702.7820171319914,1041.973269487345,702.5006303392927
832,861.6013941818834,698.5684636269995,865.1273093839068,699.8739066311532,868.6252814162699,701.2528227157973,872.1183525912812,702.644157426449,875.6271535963342,703.9951957340716,879.1658881125041,705.2655887740885,882.7412355496839,706.4287799272204,886.3551318917343,707.4658761036376,890.0050805634572,708.367884614781,893.6858046420762,709.134792135209,897.3910715561548,709.7728034501895,901.1151124183201,710.290271691041,904.8529636769564,710.6963543849804,908.6005567289333,710.9998794547632,912.3546332884347,711.2087029727413,916.1125801517159,711.3296498817205,919.8722803032657,711.3686838753972,923.6320023375922,711.3310054278766,927.3903133007904,711.2211098921406,931.1460077025233,711.042845704606,934.8980547454464,710.7995474507526,938.6455341388184,710.493818266093,942.3876917479429,710.1286177565509,946.1243011195205,709.7103528503661,949.8563343118946,709.2529295857734,953.5861007467219,708.7772999959267,957.3169710751155,708.310459032844,961.0525808784324,707.8834239619946,964.7950568499609,707.5217611113652,968.5433817678264,707.2264905949309,972.2946775437812,706.9712967655587,976.046201089744,706.7194182262949,979.7961383062427,706.4450590090082,983.5434997024603,706.1375313233001,987.2882588292536,705.7997268645898,991.0313250741603,705.4435970499466,994.7739507042523,705.082851432674,998.5174821009309,704.7316622408466,1002.2630599264716,704.4030781772288,1006.0112441131307,704.1057407364941,1009.7618280962471,703.8403598534602,1013.5142732700897,703.6026841799751,1017.268098018408,703.3878696282862,1021.0230736301947,703.1941993497804,1024.7790216653814,703.0203931394647,1028.5357840325673,702.8651684434964,1032.2932217142209,702.727241170582,1036.051213471004,702.6053263644118,1039.8096545313254,702.4981387483264,1043.568455477054,702.4044014585021
833,865.131400972406,699.5925580431089,868.6066877680706,701.0276621036681,872.0738688476155,702.4823186265912,875.556505877378,703.899443547154,879.0710783689932,705.2351983870027,882.6245166623866,706.4637274467251,886.2159836555046,707.5761584946245,889.8418373440846,708.5708138157864,893.4980547961892,709.447306909312,897.1806672227158,710.2052935570746,900.8857454650621,710.8444973824298,904.6094066956833,711.364634988418,908.3477311796996,711.7660710321796,912.0967925695019,712.0503463676907,915.8527974892068,712.2198921325731,919.6122039406707,712.2766353553405,923.3716618356162,712.2229184573226,927.1281830762983,712.0644616133703,930.8796098945562,711.8123376236797,934.6250178161641,711.4823291388636,938.3646536133855,711.0920839119331,942.0997652692877,710.6605251770907,945.8322494361544,710.2067292272122,949.5639735593901,709.7467077854692,953.2961352214868,709.2902539474429,957.029329138771,708.8423256324239,960.7638162342081,708.4053139887272,964.4997603914759,707.9809425772678,968.2372630856183,707.5705272159416,971.9763897211672,707.1751837033914,975.7171734216571,706.7958422477071,979.4596112556856,706.4331867797481,983.2037737608414,706.0888005295919,986.9495108133854,705.7619700200145,990.6968727559688,705.4543914340999,994.446862045992,705.1808065290546,998.199102704783,704.9399522840909,1001.952744756705,704.7219394352335,1005.707116478636,704.5168238460761,1009.4619747716844,704.3208995102584,1013.2189657468886,704.1726109190141,1016.9778937435916,704.0850092366287,1020.7375017272163,704.0335317767731,1024.497405355279,704.0125937619714,1028.257361626334,704.0198910428599,1032.017179501648,704.0531146103542,1035.776715722656,704.1099533116328,1039.5358705536864,704.1880960272156,1043.2945834836896,704.2852332853453,1047.052828379914,704.3990755050628
835,868.8615277497995,702.9587262634064,872.2808252082712,704.5225111017468,875.7390619603441,705.9978604871222,879.2541814300862,707.3316042126057,882.8296302991631,708.4937487502509,886.4590699544194,709.4743870076736,890.1323927386456,710.2752332350656,893.8396018751422,710.9009300884229,897.5710905102467,711.3605286996142,901.3182142447954,711.6683519685573,905.0739918979632,711.8422209759426,908.8333933923667,711.8999488781101,912.5930429707838,711.8583100269378,916.3508618098072,711.7329934517345,920.1057648624776,711.5386496461128,923.8574066515756,711.2889084073134,927.605971119304,710.996439408346,931.3520236445036,710.6732923220934,935.0963546971304,710.3307245278335,938.8397619821388,709.9781866620303,942.5827143402518,709.6208471789014,946.325373178707,709.2604462963596,950.0677757876286,708.8973938573063,953.8100448374424,708.5329668172757,957.5523714894474,708.1691320841151,961.2949883279072,707.8082964038335,965.0381473405757,707.453132800974,968.7820982131236,707.1064216864921,972.5270616845252,706.7708317720738,976.273207482677,706.448715527488,980.0206423155519,706.1419657842206,983.7694022547759,705.8518628036842,987.5194449609188,705.5788423132647,991.2706825954509,705.3227607482714,995.023018817055,705.0833135853869,998.7763756965112,704.8604369633648,1002.5306938064073,704.6543878885328,1006.2859333766913,704.4658842933842,1010.0420730681222,704.2962764071108,1013.7991084037546,704.1478613934314,1017.5570477169515,704.0245118696392,1021.3158531914238,703.9313696954424,1025.0754037338024,703.8765730759546,1028.835342619288,703.8700316638996,1032.5950668538528,703.9110962011503,1036.3540602015926,703.9960009076059,1040.1119383205735,704.1209677516628,1043.8684374717827,704.2822169757835,1047.6234028773447,704.4759748893764,1051.376775297051,704.6985064106783
836,873.365281625616,704.5881053746356,876.8052164887551,706.1058267357114,880.2890816286914,707.5195741707955,883.8241013332361,708.7998375162132,887.4107545438815,709.9272317989274,891.0438778657194,710.8944496848708,894.7161163570853,711.7005620616238,898.4200571528585,712.34553127362,902.14870848825,712.8274921980839,905.8950432980666,713.1438074504013,909.6516898049243,713.2947641163565,913.4113870518639,713.2858552215135,917.1678081983054,713.1277092519558,920.9162337591754,712.8354940818881,924.654061791618,712.429109180465,928.3809410173847,711.931884338347,932.0982649550945,711.3674146611772,935.8086021452892,710.7585718740851,939.5153554461397,710.128210353212,943.2224020593276,709.499581560634,946.9334754986919,708.8952458568759,950.650932628447,708.3315863860665,954.3754523969498,707.8166804157386,958.1064777190671,707.3512336620408,961.8429876027191,706.9320487611512,965.5839539886005,706.5546548829843,969.3284720619457,706.2142583092576,973.0757751519513,705.9059864810635,976.8252151202173,705.6248563631583,980.57626494083,705.3660571087474,984.3284804395978,705.1247169642361,988.0814914320208,704.8960599080741,991.8350351580497,704.6763122625337,995.5890458225764,704.4646928529849,999.3435836803109,704.2626518710999,1003.0987454920296,704.0725717059644,1006.8545960129618,703.8966394366756,1010.6111919946252,703.737441173677,1014.3685822801954,703.5982895005486,1018.1268007242479,703.4837650225613,1021.8858428091487,703.4008357244174,1025.6455745735275,703.3607831020455,1029.405484745921,703.3743289035806,1033.1647295426194,703.4463951578399,1036.9225291896514,703.5732820748723,1040.6783139429242,703.7501412285185,1044.431707368032,703.9721142714492,1048.182507166753,704.2343492094818,1051.9306655583125,704.5320119358252,1055.676268731302,704.8603034149157
837,876.2917167945096,706.7462838310823,879.7572040380586,708.204120304977,883.2934509280557,709.4802936450295,886.8971549945425,710.5511771159419,890.5556490841808,711.4168465756147,894.254031617335,712.0925304117823,897.9799669849338,712.5950393491248,901.7237544784332,712.9408854768943,905.4779399614657,713.1458412027888,909.2369325166585,713.2244900754935,912.996623137612,713.1901900681028,916.7540684092812,713.055112558897,920.5072362120254,712.8303320962168,924.2548041989153,712.5259398996359,927.9959992780782,712.1511309111661,931.7304758600764,711.7143367502784,935.458228657455,711.2233875142927,939.1795167558887,710.6855764665631,942.8947757258459,710.1075435893249,946.6048988529093,709.4973734405683,950.3117368451481,708.867511412719,954.0183952395405,708.2365916614481,957.7286088732811,707.6269978287897,961.4461600129125,707.0640642497059,965.173955429555,706.5738414511424,968.9127327326421,706.1761141449348,972.659976919774,705.8679220749219,976.4121980741093,705.627094430775,980.166634253876,705.4232532728772,983.9216256088263,705.2297995219561,987.6763410709071,705.031082423235,991.4305582436274,704.82315777257,995.184458498446,704.6095765329551,998.9383786544734,704.3963461701558,1002.6926606816364,704.189600912217,1006.447619625172,703.9955719759718,1010.2035179925,703.8207283806443,1013.9605357424745,703.6719699203886,1017.718733031591,703.5569936007757,1021.4779810702597,703.4844958633155,1025.237863050364,703.4647776670555,1028.997510394106,703.509774098024,1032.7554738610586,703.6305373723816,1036.510240426557,703.8272019179699,1040.2607408014235,704.0932304977908,1044.0062759196555,704.4219543135073,1047.746478778714,704.8067092478394,1051.481276475669,705.2408678123818,1055.2108518273615,705.7178599645316,1058.9356041965991,706.2311945154473
838,879.611366326938,708.0520769764319,883.1083249842516,709.4327275338859,886.6667573342459,710.6460685751683,890.2804779220385,711.6831670181928,893.9410816045843,712.5402006038219,897.6396980037349,713.2145654533624,901.3668503091653,713.7075500242461,905.1129948535639,714.0260215317436,908.8694715513243,714.1817117117779,912.6292071964698,714.1860351174884,916.3864617235402,714.0486739118151,920.1364662970107,713.7776537616189,923.8753147585824,713.3811587891299,927.6006765834566,712.8730462990538,931.3126728521939,712.2747453807837,935.0139694595105,711.6132430469215,938.7090341584557,710.9176508431608,942.403171621066,710.2171325557259,946.1009299178016,709.5360356203814,949.804977010917,708.8900543850696,953.5159177934028,708.2849468448405,957.2334254118256,707.7215846751199,960.9569018000326,707.1991169329399,964.6856809681519,706.715931121579,968.4190741848771,706.2697774527136,972.1564230524264,705.8580529231238,975.897132751321,705.478054146484,979.640677630915,705.1270654902426,983.3866235618095,704.8026919603409,987.1347114332575,704.50408508816,990.884897287766,704.2331249237712,994.6372191537945,703.993599842002,998.3916213373938,703.7892955672138,1002.1478409052588,703.6217026918553,1005.9055001948144,703.4902555662951,1009.6642099532831,703.3933409580601,1013.4236240524131,703.3292643329665,1017.183442838345,703.296557170605,1020.9434036827761,703.2941451953516,1024.7032677401853,703.3212855877468,1028.4628040791358,703.3778317226321,1032.22175324746,703.465049827095,1035.97989000893,703.5822009750772,1039.7370620363076,703.7270625729766,1043.4931671048057,703.8973876660993,1047.2481486145778,704.0909292754637,1051.001991500307,704.3054422632272,1054.7547181246164,704.538684675183,1058.5063841780188,704.7884186118733,1062.2570740600663,705.0524182155541
839,882.3390718350847,709.7738339272915,885.9049803149229,710.965272680948,889.5189235111513,712.0019157873529,893.174681073869,712.8797155222933,896.866437955141,713.5909110894995,900.5880331221643,714.1240892801345,904.3315990777274,714.4706992134867,908.0877863493724,714.6311486522932,911.847438348871,714.6181969756575,915.6034523051386,714.4507690076995,919.3512074192287,714.149983255888,923.0883639329572,713.7374334339361,926.8145026866473,713.2346964743182,930.530691686703,712.6628302265923,934.2388710428166,712.0410205064554,937.9411818022006,711.3851137921545,941.6394346880858,710.7066716267553,945.3352041203649,710.0148148618784,949.0300616789909,709.3180995412031,952.7256403011363,708.6252232812332,956.4235669522413,707.9450039969666,960.1253886549151,707.2863361299469,963.8324860999061,706.6580761184844,967.5460026137661,706.0689920494842,971.2667531426039,705.527532794695,974.9950478025297,705.0407837943217,978.7306440313619,704.6137116760272,982.4729004306693,704.2496270567709,986.2209572061695,703.9511525981358,989.9737742358633,703.72013675485,993.7301176415799,703.5560895833687,997.4887064960776,703.4556442012771,1001.2484036352365,703.4130163346471,1005.0083406363187,703.4214995853819,1008.7679284021544,703.4739487341603,1012.5268369839647,703.5628519570415,1016.2849681987851,703.680263765517,1020.0424232111452,703.8177277866029,1023.7994728005913,703.9659176344983,1027.5564873009228,704.1149993080585,1031.3138769294208,704.2542267997012,1035.072080707273,704.3691804584421,1038.8310765148167,704.4544264250763,1042.590600961296,704.5118881579722,1046.350431497019,704.5436545420569,1050.1103884462534,704.551817053283,1053.8703315422601,704.5384677743164,1057.6301564181813,704.5056978714283,1061.389791076796,704.4555964919581,1065.149192024237,704.3902323968288
840,885.4266676647164,711.1982046700364,889.0426164368598,712.2282589125325,892.6906729117213,713.1380815339103,896.368203674424,713.9201071403382,900.073640984573,714.5565530812074,903.8038371848413,715.0259624271424,907.5532058748256,715.3016876044816,911.3121545060052,715.3646943431872,915.068973729444,715.2213545514019,918.8148372591396,714.8993125643691,922.5453281802621,714.4309169457476,926.2595036315785,713.8466086998093,929.9588412590698,713.1744412101847,933.6462622389985,712.4395336932218,937.3254799153522,711.6645068028863,941.000278845383,710.8687533843365,944.6738603841434,710.0673900264061,948.348708937986,709.271863836768,952.0271618718306,708.4931952762075,955.7115598356411,707.7432006941699,959.4041410219357,707.0346602266101,963.1069268504319,706.3816458462328,966.8213340029442,705.7984936612257,970.5473972191809,705.2952238490153,974.2835636608206,704.8734319161812,978.0277041283957,704.52944855369,981.7778762445639,704.2589476586168,985.5324274322018,704.0580702793661,989.28993209101,703.9231532414136,993.0491707772093,703.8510319088787,996.8090841131318,703.8380166107709,1000.5688090061976,703.8786211773443,1004.3277721061528,703.9648859099711,1008.0857325805518,704.0875064137188,1011.8427342080627,704.23678579032,1015.5990384200867,704.4027742744698,1019.3550582205049,704.5751104383254,1023.1112814327395,704.742929849705,1026.868176365781,704.8948713151649,1030.6260873553883,705.0189420058997,1034.385101417091,705.102739627123,1038.144902308126,705.1343693437389,1041.9046606411293,705.1002125940909,1045.6630554691485,704.9932587441567,1049.4189061469822,704.8182717407476,1053.171346290989,704.5810237550648,1056.919796069844,704.2873038617804,1060.6639345446224,703.9428882379281,1064.403671007904,703.5535188246035,1068.139109757067,703.1248346866903
841,887.7904830752236,712.4174328241393,891.3882453781986,713.5087395799646,895.0352059781625,714.4219734567513,898.7249105669915,715.1432120373787,902.4482658209076,715.663219005422,906.1952366245662,715.9690637488744,909.9538103303689,716.046733630399,913.7103350852318,715.8983320195775,917.4536100848871,715.5483288498949,921.1783012384215,715.0361057539343,924.8842663654203,714.4018226185499,928.5748003600115,713.6828252744165,932.2546224877293,712.9107177465481,935.9277902710193,712.107489343051,939.5967729320179,711.2853380622915,943.2634494776906,710.4529531431392,946.9299548291085,709.6198139501231,950.598976451269,708.7978418898869,954.2733706502243,708.0002654391019,957.9557344963008,707.2403881887338,961.648076104596,706.5306468304187,965.3516316926522,705.8820424631688,969.0669497246057,705.3047134894358,972.7938525403611,704.8077402924786,976.5313084056627,704.3976710630092,980.2774206473177,704.0761135066152,984.0297794070781,703.8380709757358,987.7861425823238,703.6745946890103,991.5447530448868,703.5748168258807,995.3044023702005,703.5275325508115,999.0643557415469,703.5231676694336,1002.8242454143464,703.5473254950291,1006.5840196154675,703.5856987348152,1010.3436902844277,703.6332063698213,1014.1032926089798,703.6858775018513,1017.8628781364578,703.7397414746313,1021.6225021944324,703.7908276179214,1025.3822144201408,703.8348872812894,1029.142036540908,703.8682804216994,1032.9018733333219,703.9000456137086,1036.661610507812,703.9418312690799,1040.4210642108483,704.0036578412022,1044.1796840013646,704.1036664623823,1047.9369273132147,704.246384143924,1051.6924688456602,704.428524423273,1055.4460898801015,704.6467358963474,1059.1976679889526,704.8976677679536,1062.9471678130612,705.1779753137612,1066.694631782221,705.4843237019476,1070.440168276,705.813419424234
842,891.8382355199666,713.3751951509876,895.488170818874,714.2767989902705,899.1779950690745,714.9975860631446,902.8995170191581,715.5312432278902,906.6424634921525,715.8851024695794,910.39767862074,716.0677543697675,914.1573015991639,716.0793374293647,917.9131034442737,715.9107016875543,921.6542622746275,715.5402981953089,925.3672953835132,714.9512311777338,929.0449773565945,714.1703561143718,932.6966952535657,713.2748600283983,936.3375005613542,712.335774974458,939.9763058731706,711.3889484288425,943.6165033496402,710.4474938112263,947.261018640133,709.5229153347025,950.9133096056921,708.6295962377249,954.5769314123959,707.7840262241072,958.2545457624929,707.0016406250268,961.9467975086551,706.291584789986,965.6527768703467,705.6570619288157,969.370824539196,705.09756179029,973.0991995576042,704.6115925017901,976.8361209783698,704.196374847895,980.5798954146634,703.8482567273173,984.3289944549475,703.5630615257753,988.0820921209115,703.3363922549815,991.8380963112462,703.1643758550632,995.596028281723,703.0412302486966,999.3551725880884,702.9635946639936,1003.115017734909,702.9362165337637,1006.874939855452,702.9521858640768,1010.6346046446979,702.9996363665913,1014.3939758783945,703.0666967373588,1018.153202917714,703.1415055231969,1021.912448190662,703.215382154832,1025.6711870221302,703.310959387074,1029.42894455672,703.439830129849,1033.1863068113776,703.5798609903679,1036.9433181430109,703.7290006032804,1040.699966640949,703.8870250432615,1044.4563372291116,704.0515323043008,1048.2125294241036,704.2200671374759,1051.9685825552087,704.3916742258572,1055.7245234983347,704.5657202049947,1059.4803803630875,704.7415717648889,1063.2361821722138,704.9185956406587,1066.9919585415296,705.0961585929033,1070.7477393599443,705.2736273859628,1074.5035545293767,705.4503674901583
843,893.6499756456003,714.3415094234073,897.2965545960712,715.2553083144978,900.9941480280983,715.9339119359028,904.7263972820391,716.3852827647577,908.4781288160699,716.6271425274609,912.2374334704726,716.6710229769513,915.9941249549518,716.5236842020262,919.7384824984717,716.1859109710524,923.4602859481378,715.6544670964706,927.150291061578,714.9343955780232,930.8065593441225,714.0582886531025,934.4363134274573,713.0775978478836,938.0524876654865,712.0477361367942,941.6684062127349,711.0169686105306,945.2939262668862,710.020584146562,948.934243297952,709.0797617256712,952.5909491292922,708.204856969151,956.2645943834732,707.4041126303965,959.9550044520774,706.6846327186604,963.6608481241636,706.0494028891973,967.3797571519021,705.4957087383733,971.1091533994082,705.0176398175579,974.8467842790404,704.6088165671872,978.5907769990916,704.2629761251392,982.3395926039408,703.9739663246138,986.0919870380988,703.735783267887,989.8469772230244,703.5426869361319,993.6037793074335,703.3886847273328,997.3618059847173,703.2681101310817,1001.1206761303778,703.1774712154398,1004.8800744021091,703.112147073909,1008.63976825444,703.0667324857419,1012.3996109888899,703.0358152808499,1016.1595185329222,703.0139838277992,1019.9194506884932,702.9968889244624,1023.6794140730434,702.9954844716259,1027.4392779350894,703.0227878046653,1031.1988514493296,703.076882608695,1034.9578172868762,703.1632111103472,1038.7156487604555,703.2894277963601,1042.471514309723,703.4643975419064,1046.2240919874905,703.6993344049479,1049.9716920458598,704.0033930441944,1053.7130378542697,704.3766904712048,1057.447543767697,704.8132092679332,1061.1749454339458,705.3067856020946,1064.8952580243424,705.8512730048895,1068.608743175825,706.4405654495549,1072.315876075297,707.0686117982553,1076.017308436968,707.7294500325177
844,896.6219681648612,715.0616234661,900.3224139628355,715.7261974757313,904.0492784093267,716.2216308738087,907.7949660894743,716.5451932758091,911.5517867973688,716.6896935104925,915.310987420735,716.6410755382369,919.0608281017292,716.3737219310833,922.7829629397472,715.8478053941011,926.4578346790249,715.0556866700001,930.0821820214129,714.0560097727431,933.679051488727,712.9606865250951,937.2727221085312,711.854850752201,940.8773756066555,710.7854363884148,944.4979947179135,709.771441059345,948.1354503132345,708.8196412224356,951.7907451055324,707.9389047586412,955.464389050952,707.138200829396,959.1553726931697,706.4216592687105,962.8611804843061,705.7861664116871,966.5791526033415,705.2261422232025,970.30693088011,704.7355465888497,974.0425864740151,704.3090002458545,977.784586976278,703.94218949788,981.53135226767,703.6276472870046,985.2822965512561,703.3678776105861,989.0363287256857,703.1567239167148,992.7899727184795,702.938729248814,996.5448841880975,702.7445512838199,1000.3034561495097,702.649848791835,1004.0633321924363,702.6702706570427,1007.8232607002216,702.6854345086637,1011.5831628685569,702.7053792702192,1015.3426677104344,702.7638233348289,1019.1015710384271,702.8530037342991,1022.8595930207077,702.9737332050366,1026.616598925939,703.1228549156946,1030.372630434767,703.294839391297,1034.127838746626,703.4839922827529,1037.8824827639162,703.6840626676686,1041.6368985369197,703.8883830689246,1045.3914465481162,704.0902522817972,1049.146505917382,704.2823385525157,1052.9024309658948,704.4566356989831,1056.6591940508752,704.6118389197089,1060.41664543677,704.7493897214026,1064.1746554948966,704.8707380659325,1067.9331133766486,704.9773349609732,1071.6919253448837,705.0706318796828,1075.4510130947701,705.152080319204,1079.2103122474373,705.2231214892801
845,899.3021590261461,715.8964828086049,903.013122334391,716.4987121901386,906.7518532687243,716.892975749279,910.5074212468254,717.061330442887,914.2654655380971,716.9715497980753,918.0034678790151,716.5766536874468,921.6995675781087,715.8903840870192,925.355368204234,715.012286899908,928.9939988784838,714.0648222115053,932.628515215405,713.1016648426199,936.2626417432413,712.1370361307336,939.8985213979029,711.1790422014462,943.538696694277,710.2375182150038,947.1857077485615,709.3228574494952,950.8420557626092,708.4463106473762,954.5100529390818,707.6199277842338,958.1913563023109,706.8550630801617,961.8861612460821,706.1583695742081,965.593470828061,705.5316052303592,969.3116801272439,704.973100867066,973.0391644676197,704.480255699251,976.7745214947461,704.0511083863723,980.5161538654721,703.6805324214292,984.2629795409223,703.366930242525,988.0145656127908,703.1163474780008,991.7667767539547,702.8749756922376,995.5195206871797,702.6423583181381,999.2765128406318,702.4973884317949,1003.0363272506597,702.4951980444316,1006.7961339113671,702.5292358124008,1010.55600119806,702.5560186081455,1014.3153948519571,702.6210851129041,1018.0741931410508,702.7147563932318,1021.8323497834576,702.8313915031674,1025.5898872587625,702.9665893086458,1029.3469854057093,703.1135307455901,1033.1038346670477,703.2667205256873,1036.860601691592,703.4219179284921,1040.617303796428,703.5786768530359,1044.3737636593357,703.7411175463773,1048.1295809707706,703.9177136309789,1051.883959837692,704.1224705807256,1055.6363088210148,704.3615722856171,1059.3864676225714,704.6328915187041,1063.1343510250117,704.9340341621031,1066.8799307680586,705.2626069433991,1070.623230819026,705.6162201019378,1074.3643226245688,705.9924893528773,1078.1033203790191,706.3890372121109,1081.8403735129498,706.80351883483
846,901.0273776977887,716.408271120014,904.7769248182543,716.6780115291158,908.5362380307485,716.706041251723,912.2914783645352,716.5257325935876,916.0340297068902,716.1673289060226,919.7590071397025,715.6571413857496,923.4641824469189,715.0184807451491,927.1492297813713,714.2721604842186,930.8154405416876,713.4380396041335,934.4658015137209,712.5369404714872,938.1051478436782,711.5922414280479,941.7396517770128,710.629037358045,945.375931194819,709.6725732578739,949.0198105834695,708.7455373359237,952.6751875867315,707.8649911069961,956.3438132608318,707.0414313528368,960.0259977156147,706.280812029152,963.7211549163997,705.5859567647972,967.4281394445312,704.9572368166791,971.1454460202879,704.3927229394177,974.872116644447,703.893793647569,978.6063351335318,703.4547056657381,982.3451036577459,703.0561142790946,986.0881015043465,702.6994970676512,989.8355303071505,702.3930362342448,993.5872678673173,702.1449905462208,997.3428104257887,701.9636892245403,1001.1012133768561,701.8575089062056,1004.8610350011116,701.8336709695707,1008.6208784867541,701.8639974252545,1012.3806087560201,701.9061162597903,1016.1396711313996,701.9875328961407,1019.8975015901116,702.1138831216151,1023.653896141115,702.2775359720849,1027.4087445370544,702.4735711213203,1031.162223312472,702.6943566405392,1034.9146771135356,702.931972631006,1038.666552398793,703.1785783718577,1042.4183254874927,703.4267378980524,1046.1703938179528,703.6703850588436,1049.9230021253666,703.9055629550187,1053.6758586357114,704.1367601705789,1057.4283759944474,704.3733917738369,1061.180474231167,704.6165792827298,1064.932160294445,704.8660453364813,1068.6834425269992,705.121512585582,1072.434330601098,705.3827037432371,1076.1848354564788,705.6493415950263,1079.9349692383043,705.9211490065935,1083.6847447378059,706.1978556387431
847,903.8321345936678,717.2371709668371,907.580433481422,717.52127521186,911.3396917966598,717.5361772791994,915.092779203231,717.3175972734932,918.8283529284442,716.8936065739584,922.5387579448744,716.2871481146923,926.2198226572634,715.5220745042999,929.8714005234759,714.626414699514,933.4972346842932,713.631381263877,937.1037740361548,712.5683598657806,940.7001228356216,711.4712564345069,944.2971512168783,710.3763891187837,947.9050230522391,709.317895772042,951.5309128467165,708.3230042136579,955.1781859636035,707.4097038159728,958.846687152131,706.5858158573585,962.5338613635626,705.8499510321744,966.2367281703986,705.1975649150685,969.9525976636896,704.6237991493404,973.6790813075144,704.1235062311389,977.4140156125136,703.6907472581096,981.1561947202542,703.3259089621163,984.9030257332219,703.0119792532511,988.6519865610269,702.7245520014865,992.4033532718034,702.470574556711,996.1574981191903,702.2618522636367,999.9143689673894,702.1102670529168,1003.673373559998,702.0277727801908,1007.4332617685084,702.0263547191113,1011.1922829615778,702.1087150297775,1014.9509642287755,702.2068748250733,1018.7098928414516,702.2952212884534,1022.4678166965327,702.4187650164681,1026.2243631744623,702.5788973939193,1029.9791733657207,702.7755391571658,1033.7319440016713,703.0079311912931,1037.482726771013,703.270520705498,1041.231801572828,703.5565121955343,1044.979696389973,703.85760993953,1048.7271727827256,704.1638863671427,1052.4752618664754,704.462535563104,1056.2252802334028,704.7357443876886,1059.97832929431,704.9632517476792,1063.7342764572563,705.1365193542786,1067.4921824121243,705.2604091260674,1071.251283275742,705.3404503350172,1075.0110092341274,705.3821823675107,1078.7709600861306,705.3911406294291,1082.5308803963915,705.3728477160755,1086.290634633046,705.3328067027079
848,906.3581099159912,717.1206874799284,910.1163699133906,717.2199684918183,913.8749043149189,717.130784842984,917.6244547981717,716.8561934441266,921.3555572880879,716.3943531260791,925.0584336671561,715.7438965802074,928.7257500239763,714.9157516840514,932.3568804679996,713.9406174468648,935.9595406279773,712.8646507080634,939.5468447614152,711.7383409093751,943.1330146149945,710.6084107069505,946.7293615910876,709.5113748460756,950.3418915830576,708.468946936219,953.9738861328732,707.4965891146395,957.627059586006,706.6071963153216,961.3013702225858,705.8096424965104,964.9942454893561,705.1029784745579,968.7029122900099,704.4844754112229,972.4238864365254,703.9447306611308,976.1546175495057,703.4773513601594,979.8955994933386,703.100620841386,983.6386388574213,702.74427091477,987.3870625361064,702.4549218409222,991.1461038434494,702.3976999450151,994.9051001659769,702.4808479152956,998.6641320608386,702.5621026430912,1002.4230758371586,702.4995135730685,1006.1738603153821,702.2394256776751,1009.9237419979397,701.9657133782885,1013.6821416804137,701.8927000286928,1017.4404056538247,702.0042258770816,1021.1983413370108,702.1278453955198,1024.9546563506785,702.2928565331335,1028.708765020767,702.5025075956307,1032.4609223194764,702.7446206350536,1036.2110878644921,703.0158913004321,1039.9596012037243,703.3091569853697,1043.706925221435,703.6172749105205,1047.4536116989252,703.9330657102583,1051.2002511608564,704.2494150045152,1054.9473349641432,704.5604503050154,1058.695152421136,704.8625106247177,1062.4437870705626,705.1542541012095,1066.1932408289094,705.43527084809,1069.9435799421155,705.7042109587081,1073.6947500079177,705.961304638386,1077.4466537268606,706.2074634490884,1081.1992016829372,706.44360118183,1084.9523117917145,706.6706321919966,1088.7059087530465,706.889469315198
849,909.866395811731,717.9749354235013,913.6162135599108,717.7064614972041,917.3455742535467,717.2308219528354,921.0484660099153,716.5798363228546,924.7227126174059,715.7824648958257,928.3696809231751,714.8680820365425,931.993855565482,713.8669378580283,935.6021773413592,712.8099360694346,939.2031403390805,711.728067000501,942.8054729651124,710.6507755810071,946.4160251308373,709.6014100660315,950.0396342181517,708.598123022731,953.6797882840154,707.6567240559552,957.3391078985256,706.792923658786,961.0182235785509,706.0178375434599,964.7154732625919,705.334438417189,968.4278569387175,704.7386239226512,972.1522754986574,704.2232642521484,975.8861286952329,703.7813139379863,979.6271054600795,703.4042493373198,983.3735560715414,703.0861284417806,987.1242715430953,702.8227581996945,990.8765816878878,702.5828673201099,994.6296073670643,702.3544809111049,998.3839077188455,702.1482042537888,1002.1398836578048,701.9752761515383,1005.8976376837378,701.8469750675994,1009.6568711705788,701.7746146153421,1013.4167812934054,701.7694658813072,1017.1764582585159,701.8161975520414,1020.9363219640325,701.8430729785792,1024.6961969220938,701.8688455893141,1028.4557572565222,701.923876288009,1032.2148241290126,702.0059438030653,1035.9731032057518,702.118371839494,1039.7302886829743,702.2627886620786,1043.4860496553054,702.4404055709117,1047.2399635152321,702.653486832231,1050.991491538658,702.9050552481948,1054.7398684483849,703.1998106929666,1058.4840610061572,703.5435852136925,1062.2224533234546,703.945395964162,1065.9524596844064,704.4186577916048,1069.6727281655312,704.9632626232802,1073.382842694421,705.5732674830738,1077.0827021929365,706.242710309477,1080.7724870805816,706.9656584430027,1084.452626933778,707.7362321531939,1088.1237685205467,708.5486196493551,1091.7867344744855,709.3971292943065
850,912.2822275783163,718.1963753192913,916.0270028683758,717.8684303328813,919.7410873102764,717.286512433025,923.4182577563122,716.5034886676704,927.0596542194231,715.567472704035,930.671386535302,714.5224467406879,934.2622760263605,713.4077019341767,937.8418570020542,712.2570748174467,941.4190144192607,711.0989187203706,945.0021441236455,709.9594119838322,948.599036655923,708.8642156611397,952.2158815471565,707.8369480653369,955.8558687662187,706.8950553287443,959.5183262323872,706.0447296256677,963.2004967003863,705.2842338818153,966.8991840149761,704.6085738666187,970.6116461816811,704.0131721040702,974.3353024643998,703.4922784580857,978.0685221921941,703.0450815275034,981.8090353100879,702.6633404674864,985.5545667657717,702.3349253457156,989.3082622359549,702.1202174359789,993.0561423327607,701.8290794924925,996.7892203542394,701.3811552591083,1000.5434831517198,701.1981329271426,1004.3023287742408,701.2739709255447,1008.0579817429688,701.4538601396162,1011.8138565922985,701.62917591716,1015.5708235574006,701.7794100806518,1019.327051047511,701.9468060219474,1023.0816243029348,702.1480477018629,1026.8347959381754,702.3739852886945,1030.5867987940462,702.6186108273535,1034.3381602378074,702.8729134236693,1038.0893938035063,703.129099525478,1041.8408050050914,703.3826694867732,1045.5924639347575,703.6325475267039,1049.3443020165003,703.8797224854497,1053.09618329341,704.1262414336146,1056.8479402569678,704.3746434506478,1060.5993512778066,704.6282083751504,1064.3500425221844,704.8921915766382,1068.0998558216609,705.1683679965865,1071.8488119272254,705.4559490678807,1075.5969419442279,705.754106031777,1079.3442839827253,706.0620105276382,1083.0908826010773,706.378834681569,1086.836788250811,706.7037511651606,1090.5820567230626,707.0359332268844,1094.3267477766728,707.374563710738
852,919.2859852339503,716.6982212136209,923.0053110301626,716.149528825463,926.6943662688915,715.4243219796839,930.3501119861698,714.546143191056,933.9730665838345,713.5409376980724,937.5668003041272,712.435591727982,941.1380829130894,711.259558999,944.6970657239432,710.0467134862857,948.2567442682009,708.8359184684397,951.830990296194,707.6689727246422,955.4313920443519,706.5856608045676,959.0641391638128,705.6165324745147,962.7282657233393,704.7738353368705,966.4188810561272,704.0558561778558,970.1302610587906,703.4541959898704,973.8573752850476,702.9590810430201,977.5961120930372,702.5609330238166,981.3432077408378,702.2509718537759,985.0960164870826,702.0199722789899,988.8525281222251,701.8599599171997,992.6113141729148,701.7671457914964,996.3709589338765,701.7185181965607,1000.1307155334902,701.7403536482225,1003.8898126607143,701.8156998175735,1007.6452028777702,701.6508784089168,1011.3924598147671,701.3421482904894,1015.1486147146269,701.2015156811298,1018.900329451217,701.4310203906505,1022.6299957426019,701.9052941940059,1026.3507203368451,702.4470729204529,1030.0848385267611,702.8837381411279,1033.835544368942,703.1458220766065,1037.5873294425019,703.3936171045609,1041.3381419877617,703.6558945548531,1045.0888593679374,703.9195227164879,1048.838991277096,704.1913526763216,1052.5888320980587,704.4671756413458,1056.3386527246498,704.7432732308278,1060.0886888229281,705.0164254667059,1063.8391708880217,705.2833793090488,1067.5902297845307,705.5420996970292,1071.3417831518266,705.7935529606665,1075.0937327725132,706.0390241812208,1078.8460324489392,706.2790860547464,1082.5986401300688,706.5142851097962,1086.351515890701,706.7451680216111,1090.1046216933496,706.9722815794946,1093.8579211497035,707.1961726599629,1097.6113792817694,707.4173882049307,1101.3649623383271,707.636474249108
853,921.8793751120588,716.2178143818944,925.5867251230324,715.5927117122416,929.2649237560075,714.8139957087537,932.911110705384,713.8968169807471,936.5245441821924,712.857896786336,940.1073462005255,711.7176244924822,943.6679834941925,710.5097164474447,947.222342178786,709.2833795680513,950.7890723762309,708.0936311388588,954.380530489611,706.9809537741039,958.0015485065705,705.9687465116948,961.6529834439674,705.0725964700848,965.3333766671424,704.3040731454902,969.0387471231304,703.6667488376056,972.7635532546124,703.1549072392131,976.5024230611541,702.7583778266882,980.2508963439859,702.4659196198686,984.0054735908151,702.2661457126151,987.763519442887,702.1478148799624,991.5231385033017,702.0998197665953,995.2830594004442,702.1114269484607,999.0425156626294,702.1723828194254,1002.8011791520443,702.2711104434981,1006.5589068280875,702.4007044640991,1010.315975798944,702.5484040153227,1014.0731902056606,702.6922433081801,1017.8276401094736,702.8947934099889,1021.5854644215198,702.978336209537,1025.3417753358754,702.81425082605,1029.0998830716621,702.8809287749178,1032.8471723972546,703.1868543212629,1036.5913974568514,703.5300894540221,1040.3423831306648,703.7890364288554,1044.0961089676691,704.0056017514046,1047.8498683306605,704.2216107184388,1051.60278706923,704.4517654758864,1055.3549457750044,704.6940043315757,1059.1064533539975,704.9461348439736,1062.8575222050627,705.2047184520734,1066.6083911527676,705.4661887953114,1070.3592998443219,705.7270876635624,1074.1104725637463,705.984160143655,1077.8619436286906,706.2368419889244,1081.6136862879357,706.4854591731961,1085.3656748176554,706.7303382457502,1089.1178844706424,706.9718058243789,1092.8702913912946,707.2101885835317,1096.6228725304875,707.4458132440926,1100.3756055603446,707.6790065646248,1104.128468968098,707.9100924156195
855,927.530911577315,716.1444395778249,931.1661679413289,715.1855136849057,934.7528533256718,714.0582083823195,938.2928585383094,712.7915546842326,941.7969683872982,711.4284284974253,945.2830927366053,710.0197833991236,948.771638300838,708.6171637261216,952.2801727946375,707.2654620971729,955.819820895833,705.9976104642587,959.3949162361253,704.8336045484355,963.0079541804362,703.7935664123714,966.6626011778555,702.9114574611642,970.3598158897454,702.2304174846712,974.0921063324955,701.7796903454189,977.843540815006,701.5317423556296,981.6020591031106,701.4329952665174,985.3619700397403,701.4292806986551,989.1215783824722,701.4802911762507,992.8807137311608,701.5593952744912,996.6394729018426,701.6547740488311,1000.3979001217714,701.7624827969537,1004.1560125924334,701.8806331632551,1007.9134972279799,702.017249717848,1011.6708765563327,702.1567886835787,1015.4281908449075,702.2978991142085,1019.1827054976745,702.4984977845074,1022.9280782160156,702.8269070989612,1026.6635280392518,703.2553433178562,1030.3985486570425,703.6875773449995,1034.1428515474706,704.0281925824304,1037.8988781831315,704.1877068852731,1041.656465857094,704.0824062585788,1045.4123636679037,703.9259148096103,1049.1642828532867,704.1549358846557,1052.9124374793444,704.4515235996464,1056.6633139271412,704.7127089484566,1060.411497081645,705.0101249930078,1064.1587407740728,705.3192313767784,1067.9055748182873,705.6332675055655,1071.6528964186066,705.9414047413259,1075.4018857581661,706.2284596977593,1079.153244198703,706.4825834355613,1082.9071228917626,706.6961980135708,1086.6631102958684,706.8688706194538,1090.420643855456,707.0038496654867,1094.1792576827513,707.1044413449373,1097.9385768886982,707.173958755187,1101.698308929034,707.2157162540669,1105.4582347803585,707.2330253455332,1109.2181999699576,707.2291629011997
856,930.2327179227226,715.6351730141216,933.8220119355497,714.5169722362273,937.3451272548542,713.204630029049,940.8129042820611,711.7517778223606,944.2506998308179,710.2290038985182,947.6909579749567,708.7118250754031,951.1631883050833,707.2696289280299,954.6861040340232,705.9565067134934,958.2662224804767,704.8087788398076,961.8998588075173,703.8438507816601,965.5768744969856,703.0600877147469,969.2853910232832,702.4418187696108,973.01515040414,701.9676893109958,976.7585337125228,701.6163995873507,980.5102758038904,701.3693101139804,984.2668665540884,701.211692523017,988.0259231229876,701.131346097772,991.7858275694842,701.1173841806524,995.5455311324536,701.1597424308602,999.304407612428,701.2496125162801,1003.0621067334231,701.3798691190921,1006.8184406041778,701.5449566017385,1010.5733300701884,701.7402144057635,1014.326799836138,701.961130811124,1018.078945170818,702.2035324674576,1021.8299508739761,702.4630012113288,1025.580096465003,702.7346303494895,1029.3293914671976,703.0177610989554,1033.0788209151267,703.2990870637369,1036.8296340174825,703.5613035518854,1040.5814565273072,703.8086944243643,1044.3337666483285,704.0485948671218,1048.0860865734462,704.2883423003773,1051.8379394033866,704.5352740486377,1055.5888060684817,704.7967250144153,1059.3384417158281,705.0753077481816,1063.089646327649,705.3315142469908,1066.8434389784818,705.5468678709428,1070.5979371128838,705.7496517094187,1074.353051649451,705.9406635941319,1078.108726259064,706.1203457176774,1081.8646775733534,706.2941676271425,1085.620614591423,706.4682989441487,1089.3764910252592,706.6437321821041,1093.1323081871856,706.8204298369697,1096.8880674296136,706.9983543590325,1100.643770141734,707.1774682004034,1104.3994177483805,707.3577338150192,1108.155011708907,707.539113658644,1111.910553513235,707.7215702468155
857,933.2195273712799,714.8368122439963,936.7266446222837,713.481723994674,940.2019920851828,712.0467567065645,943.6705510158088,710.5953904778264,947.1529690145045,709.1776887484548,950.6615476430999,707.8261245774604,954.2002265863531,706.5555142048935,957.7697361508613,705.3743318236931,961.3710006598419,704.2939556182075,965.0062033124151,703.3342168880423,968.6776478915051,702.5245968095902,972.3847646531829,701.8990718535592,976.120428491506,701.4762528423469,979.8729411032867,701.2448274860855,983.6318543492613,701.1635497535797,987.3916501887724,701.1897997182549,991.1503442663794,701.2865543698782,994.9077780517075,701.4243984719677,998.6643571453027,701.584019084456,1002.4203711223247,701.7564566044165,1006.1759456427856,701.938222849834,1009.9311498336165,702.1274914942101,1013.6860611848332,702.3224877348428,1017.4407603469797,702.5215306127911,1021.1953174073301,702.7232374723969,1024.9497795879058,702.926703152804,1028.7041683265468,703.1315197562644,1032.4585147182058,703.3371113184234,1036.2128102070064,703.5436299965692,1039.9671013521192,703.7502268701375,1043.7216333429392,703.9523950197946,1047.4763713746368,704.1507042876444,1051.2311599021803,704.3480563206913,1054.9858452476194,704.5473594376552,1058.7402691976451,704.7515217465484,1062.494283997607,704.9630703162449,1066.2480540184545,705.178929687434,1070.0015979599175,705.3986685897972,1073.754242954918,705.6332138630902,1077.505549169191,705.888255225499,1081.2552433494006,706.1659862294921,1085.0035694308965,706.461665323827,1088.7514927853715,706.762422695492,1092.4992889439518,707.0647611610714,1096.2469963420317,707.3681980410679,1099.9946538245551,707.6722508730621,1103.7423004752288,707.9764372029704,1107.4899754304176,708.2802745673564,1111.2377176930213,708.5832804755979,1114.9855659914776,708.8849718337067
858,935.2700897974936,714.296245200394,938.7416132161977,712.8524440588225,942.1759929168215,711.322048217829,945.5988057816849,709.7658572712105,949.0335779364539,708.2363108738664,952.4948818668456,706.7678912815759,955.9877666216196,705.3763114839691,959.5160668838979,704.0772808815235,963.0872729128986,702.9017497361576,966.7125104997413,701.9063630723996,970.3998393597354,701.176239716021,974.1337895297022,700.7422162412525,977.8887086293989,700.5566332039098,981.648439183386,700.5344918519362,985.4075468625413,700.6121322293418,989.164892309398,700.7518795317288,992.9203628054111,700.9354529266157,996.6739252761757,701.1547014658834,1000.4257818409525,701.4015043964487,1004.1762760163306,701.6682544223557,1007.9259276491207,701.9466321310869,1011.6754371432079,702.226923554901,1015.4248801374904,702.5081025990881,1019.1751636044644,702.7777551595084,1022.9270859187404,703.0235879785295,1026.679841588047,703.2564006951828,1030.4332110535504,703.479096309656,1034.1872079817758,703.6909487191666,1037.9418399051935,703.8912288017689,1041.6971076432435,704.0792068076445,1045.4530048709635,704.2541524138941,1049.2095176864793,704.4153348084994,1052.9666229787863,704.5620549007897,1056.7241101044403,704.6987078982397,1060.4814691474392,704.8388229562734,1064.2384303875324,704.9892015351156,1067.9946822845905,705.1562953984827,1071.749822338236,705.3467072134333,1075.5035806701264,705.5626466483926,1079.2558621221401,705.8029053218422,1083.0066775460716,706.0650756910983,1086.7561252557043,706.3461496997706,1090.5044502967442,706.6418402025607,1094.2521271506737,706.9456505724387,1097.9994263329443,707.2540853718946,1101.746383381963,707.5666495104662,1105.49302844893,707.8829317627082,1109.2393929088328,708.2025209983492,1112.9855092246216,708.5250061788157,1116.7314105147666,708.8499797641193
859,938.4725871027651,712.8336685233768,941.9130540325679,711.3170357178683,945.3359537953044,709.7610425860606,948.7627043803245,708.2135748282736,952.2142110027701,706.7223114048952,955.7078657144878,705.3329497184732,959.2539496412029,704.0837914347615,962.854389303378,703.0014542515787,966.5041578622823,702.0994226158174,970.1942294327974,701.3797093479169,973.9140926899366,700.834149630167,977.6539001787601,700.447684914662,981.4056541707522,700.2021544427575,985.1634992392636,700.0801147456364,988.9233333125071,700.0652843952028,992.6824308878845,700.1425874063059,996.4391278764396,700.2981155066849,1000.1925651807908,700.5190300136702,1003.9424898789772,700.7933686551374,1007.6891050317324,701.1098307151394,1011.4329509514196,701.4576037589076,1015.1748123688517,701.8261655019509,1018.9156563053454,702.2049387375223,1022.6564462841658,702.58424566103,1026.398006450361,702.9558660457056,1030.1409253708682,703.3135281332353,1033.885341262921,703.655158893079,1037.6314111403608,703.978127646515,1041.3794163993857,704.2777718128502,1045.1295578277575,704.5493362895218,1048.8819300618566,704.7880511591052,1052.6365030785373,704.9891333055688,1056.3931032453966,705.147798593244,1060.1510809924048,705.2700774957403,1063.9091275838064,705.3903449382437,1067.667084642244,705.5134015308796,1071.424992310737,705.6379408688559,1075.1824571030559,705.7751238284245,1078.9391181228395,705.9327232975176,1082.6946216647682,706.1157950471601,1086.4485448176997,706.3287729513731,1090.20044593582,706.5748104944225,1093.9501516259904,706.8523284197781,1097.697594769657,707.1589069597655,1101.4427644304162,707.4921266054646,1105.1857010375627,707.8495707542281,1108.926491551226,708.22882763094,1112.6652646416921,708.6274915764513,1116.4021859077154,709.0431637690821,1120.1374522373148,709.4734603873618
860,941.01573829641,712.3131794825754,944.3582955841426,710.59139531449,947.6966411019063,708.8614298535573,951.0608045766674,707.1824077381509,954.478588412326,705.6158732821002,957.9717086080625,704.2260838229506,961.5462107545305,703.0620847076109,965.1916472846884,702.1439882393437,968.8890132527815,701.4639368254512,972.6195676404283,700.9981021546458,976.3687014319092,700.7170250894357,980.1263332324993,700.5906363598624,983.8861678359717,700.58999581546,987.6447959961868,700.6874938956014,991.4009076224289,700.8569680497546,995.1546756762934,701.0726468711141,998.9070205290336,701.3119658124767,1002.6587898483624,701.56017952737,1006.4103762897622,701.8111449580757,1010.1616929333013,702.0661057403674,1013.9131662530039,702.3187167623612,1017.6647659114338,702.5690696387383,1021.4058982266613,702.94165942617,1025.134882673462,703.4232423528101,1028.8687361082043,703.864318817205,1032.619842408233,704.1099530758223,1036.3782343059127,704.039099455486,1040.1366531276644,703.9968807442415,1043.8885647353723,704.2404047370402,1047.6429609742856,704.4435906875702,1051.398733316934,704.6211639876691,1055.154225591899,704.8046180091054,1058.910198912553,704.9779530768247,1062.6663209410422,705.1480467742529,1066.4225141701907,705.3165609203855,1070.1787014765077,705.4852067629455,1073.9347307661553,705.6573297640596,1077.6904425894515,705.8362391013716,1081.445769521237,706.023053162813,1085.2007878658746,706.2159788341942,1088.9556526666536,706.4118738814079,1092.710500538084,706.6080935730643,1096.4654173945737,706.8029880766359,1100.2204272152246,706.9960832334804,1103.9755227977043,707.187503441644,1107.7306966464255,707.3773821647217,1111.485941430182,707.5658528750532,1115.241249967941,707.7530490525633,1118.9966152146158,707.9391041837072,1122.7520302661828,708.1241513671346
861,942.9798362262628,711.600369886351,946.3016009319504,709.8388292626438,949.6147597915249,708.0610952300095,952.9489214380038,706.323192283525,956.3286810264719,704.6760178584077,959.776642806094,703.1774182983058,963.3082733349162,701.8891967954374,966.9270442545976,700.8723905935308,970.6207698528211,700.1763858147444,974.3613656080112,699.8061248672394,978.1195760463747,699.7135346277043,981.8777102747989,699.8212150283763,985.6300315840624,700.0592261901601,989.3771041343497,700.3700940346367,993.1214506811241,700.7124849149645,996.8651321641095,701.062103956392,1000.6090535372731,701.4091415163729,1004.3536161806547,701.7491845032796,1008.0990832482217,702.0791086348406,1011.8456812480721,702.3959218813698,1015.5935787783097,702.6969627298652,1019.3428315523411,702.9806211200415,1023.0933711025738,703.2467289243715,1026.8450580201218,703.4961453227615,1030.5977421935884,703.7300859857662,1034.3512762369862,703.9499767728645,1038.1055724673959,704.1564467965618,1041.860482199963,704.3514623233667,1045.6158597812434,704.5372287862006,1049.3721829285198,704.7026641993402,1053.1293874208216,704.8468024622222,1056.8870370694751,704.9788984617711,1060.6447765092926,705.1084304619806,1064.4022697886676,705.2448771513655,1068.1591285624095,705.3977169370075,1071.9148406314798,705.5764190644766,1075.6693964129338,705.7781353554402,1079.4246009202702,705.9673080518704,1083.1801111675318,706.1503969037703,1086.9352116678783,706.341714873381,1090.6901623574347,706.5359563623545,1094.4450096476248,706.7321864157883,1098.1997530020863,706.9303953356607,1101.9543959575208,707.1304971547077,1105.7089422101053,707.3324053609351,1109.4633955808426,707.5360334484488,1113.217760009568,707.7412949175177,1116.9720395489564,707.9481032745748,1120.7262383585366,708.1563720321718,1124.4803605816458,708.3660168007743
862,945.3613146717604,710.2671427821572,948.7365018582269,708.6101923963423,952.1273349732246,706.9855955632138,955.5555211860799,705.441633461635,959.0399440859212,704.029628061764,962.5931409773627,702.8015075081273,966.2155107202035,701.7960712669287,969.8948210575777,701.0243878939598,973.6138871987748,700.4746923363214,977.3571845064351,700.1251708880434,981.1128631800589,699.9518177756744,984.8725590832245,699.929262304705,988.6309776796585,700.0322795709225,992.385251546647,700.237516840711,996.1342279338473,700.5241129083798,999.8779276342461,700.8731962701962,1003.6171634448438,701.2673880431364,1007.3532554278815,701.6904296084105,1011.0878046392298,702.1269199890626,1014.8226109787674,702.5611981591865,1018.5593300803774,702.9786548658192,1022.2994689867404,703.3641281531256,1026.0447982071707,703.6951616948777,1029.7945866695286,703.9713268345835,1033.5488644562492,704.1761318014098,1037.3069980743194,704.2930872404693,1041.0635265826568,704.4520272399361,1044.8183182396328,704.6492755040682,1048.5741462934297,704.825641344285,1052.3306763002265,704.9864454839641,1056.087429591047,705.1419746325306,1059.8439708574547,705.3025168985145,1063.5998234299661,705.4783622873409,1067.3543845506892,705.6798008340996,1071.10684087657,705.9171134889799,1074.8564416393378,706.1960123363065,1078.6071661741087,706.4588418243068,1082.3624045573333,706.6463839538601,1086.1200950821662,706.776611561866,1089.8789878151947,706.8661536313916,1093.6384070819634,706.9303959970804,1097.3979843427674,706.9848263955769,1101.1575215972164,707.0419286667277,1104.9169140976132,707.1078368581507,1108.676118904512,707.1837097038097,1112.4351362035932,707.268374799196,1116.1939755219723,707.3606121632453,1119.9526537564386,707.4592020063665,1123.7111939843253,707.5629247748865,1127.4696241975093,707.6705638399895
863,947.2350872929553,709.4759789906544,950.5650272941288,707.7299322927082,953.9342461166809,706.0612574981454,957.3700205166529,704.5348389310338,960.8866870837796,703.2059989405972,964.4849352322183,702.1178733133386,968.1518292473817,701.2899512596496,971.8664175326597,700.7115036066442,975.6083275838042,700.3477700206245,979.36345502351,700.1626974317381,983.1230351687096,700.1234312778261,986.8821034044621,700.2003833377346,990.638283027432,700.367673994868,994.3907575616654,700.6043602996131,998.1395534122271,700.8937435356157,1001.8851876715408,701.2216551489009,1005.6285900857495,701.5742121680615,1009.37090926231,701.9381209394937,1013.1131357014517,702.302984286063,1016.8558991080076,702.66229195588,1020.5995219590161,703.0125260638249,1024.3441611871276,703.3517162362997,1028.0900193969949,703.6771553521118,1031.8371113066441,703.9880828599619,1035.5850526621698,704.2885874902172,1039.3348882244359,704.5643360309286,1043.0852890533197,704.8323715433673,1046.83562867806,705.1009730831374,1050.5906260644517,705.2934557037213,1054.343380434973,705.5237419663531,1058.0885062121315,705.8568714902026,1061.8304361511111,706.2247512138855,1065.5763311347769,706.5488964303057,1069.3305265940814,706.752750064088,1073.089703729617,706.8230121751554,1076.8495864892434,706.8050647984463,1080.6090961165871,706.7463694787033,1084.3686946149812,706.69415225105,1088.1286078319029,706.6947195873953,1091.8882860709664,706.741515519865,1095.648153188591,706.7685914505806,1099.4080867480059,706.7854345410896,1103.167972384623,706.8105157667181,1106.927727109453,706.8506432725497,1110.6872960239632,706.9055023708772,1114.4466376036075,706.9742107395456,1118.2057200713266,707.0558859142357,1121.9645207741619,707.1496455130155,1125.7230255579275,707.2546074151743,1129.4812278477239,707.3698991422102
864,950.3268212910494,707.6642220990963,953.7340697505066,706.0749331377236,957.213943131402,704.6519900693185,960.7656239384569,703.4194213014588,964.3837302738349,702.3984779704685,968.0587516394737,701.6067698190992,971.776486190934,701.0486220609228,975.5202619945494,700.704799750969,979.276446306787,700.5427944648294,983.0362003544038,700.528882697547,986.7946152395089,700.6328598504928,990.5494628814596,700.8277846702358,994.3002735223944,701.0896042115352,998.047710043371,701.3962097042374,1001.7930944850947,701.7270602489125,1005.5379447986959,702.0639290164258,1009.2833796380186,702.3942198864651,1013.0299298918641,702.711598357699,1016.7777056142407,703.0141591216445,1020.5266780626275,703.3015106619706,1024.276800766299,703.5734381338476,1028.0280187393173,703.8298136291683,1031.780274087778,704.0705293403486,1035.5335069590028,704.2954906320297,1039.2876341978226,704.504998791073,1043.0426370751532,704.6981665453827,1046.7983872515497,704.8762500291597,1050.5547267738257,705.0413684957847,1054.3122290846159,705.1773610076477,1058.0689415239729,705.3327757508716,1061.8267932470621,705.4421553091763,1065.5825502747214,705.2735014166217,1069.3403166505414,705.1676877487523,1073.0982276556035,705.2823397502657,1076.8514598121785,705.5068281119569,1080.6050282516462,705.7253629327571,1084.3632384400094,705.833923652296,1088.1230103861826,705.8724069331033,1091.8826344956265,705.9233572945417,1095.6420835135957,705.9858800359317,1099.401047762721,706.0723699565281,1103.1587314273565,706.2026005035474,1106.9140775757874,706.3883759037979,1110.6664450160217,706.6269354527991,1114.415400817724,706.914224153605,1118.1606696610038,707.2461810560677,1121.9021201731534,707.6187520513363,1125.6397509473438,708.0278993754459,1129.373676528106,708.4696081286525,1133.1041084443948,708.9399300950846
865,950.1601958520572,707.5475598153532,953.546946781767,705.9147060552451,956.9947986482857,704.4156743768832,960.5194694265714,703.1081468319601,964.1242629560061,702.0419883252657,967.7974220196411,701.2425628726514,971.517600178779,700.7015065305092,975.2635421969203,700.382288606233,979.020818248384,700.2483965994932,982.7805182409759,700.2687792572436,986.5373930938479,700.4176002977625,990.2885900405721,700.6728310107203,994.032942513778,701.0144777144678,997.7707058933441,701.4222190886936,1001.5034487782837,701.8738060736589,1005.2338676096297,702.3442913082207,1008.9652963320051,702.8066585300495,1012.7009133482829,703.2336856404436,1016.4425736807191,703.6038738379864,1020.1900465383334,703.9096454475658,1023.9418563081989,704.1567728669374,1027.6965162960205,704.3561932507839,1031.4529285808467,704.5195191374679,1035.2103415516276,704.658090120414,1038.9682445280737,704.7827643453444,1042.726277806701,704.9034725393633,1046.484126113487,705.0297713215183,1050.241520272428,705.1689235719422,1053.99870604376,705.3136231392149,1057.7549607367057,705.4803247161464,1061.5092103609566,705.6875016222622,1065.2627680165988,705.9070156857005,1069.0175088053475,706.1049612340404,1072.774725521458,706.2473403813267,1076.5342028616399,706.3000435303177,1080.294012310072,706.2670385898857,1084.0539396748882,706.2593049974683,1087.813889421792,706.2709279394371,1091.5738517561977,706.2636149891467,1095.33379523352,706.2491713748893,1099.0937340107116,706.2335655529054,1102.8536990650732,706.2316050328479,1106.613595916788,706.2542106235535,1110.3732759030895,706.300554902659,1114.1326176560804,706.3690868636992,1117.8915272680392,706.4582543161672,1121.6499363688574,706.5665049532275,1125.4078001853065,706.6922871981491,1129.1650955920213,706.834050845588,1132.9218184879978,706.9902634373481
866,953.0818470659027,706.0891111882253,956.4916941491631,704.5051260028549,959.963316781166,703.0620500168509,963.5109396580016,701.8183067504957,967.1380948817267,700.8313814085102,970.8319306063199,700.1343169125661,974.5675935190834,699.7141045438577,978.3225600304954,699.5300784926662,982.0821929092637,699.5390368788519,985.838401723596,699.7025706567609,989.5875840384087,699.9856445954061,993.3290600203306,700.3574984904818,997.0636141704359,700.7936708359942,1000.7925403402922,701.275719184889,1004.5173059588755,701.7890006518205,1008.2397875770935,702.3186310166824,1011.9619675857995,702.8503815930902,1015.6856217247471,703.3716907836686,1019.4121680854363,703.8718696311203,1023.1427914710794,704.3406151343672,1026.8783884913332,704.7678381274947,1030.6194610591815,705.1440097876297,1034.3659253989588,705.461970516245,1038.1169287761054,705.7209374190813,1041.871768303649,705.9163799897391,1045.6290835161624,706.057265225436,1049.3875549767652,706.162399000076,1053.1473360829095,706.1927584813233,1056.9072379801833,706.209559078155,1060.6658544970014,706.3065794874237,1064.4214171559092,706.4880135468019,1068.1773640679696,706.6608372856333,1071.9366673556653,706.7109844170841,1075.6949891107838,706.6050239566148,1079.4506967137652,706.4262093262063,1083.20721932177,706.2663140172357,1086.9666057365357,706.2136255403785,1090.7264117439813,706.2480945850202,1094.486329782011,706.2674021258534,1098.2462604638724,706.2847564642116,1102.0061715937059,706.3060399746832,1105.7660618978246,706.330645317577,1109.525862341967,706.3662478113065,1113.2854543820188,706.4193720630202,1117.0447411728317,706.4909395117224,1120.8036694149953,706.5793812014252,1124.562207260762,706.683114998482,1128.3203421588942,706.8005589902932,1132.0780788461964,706.930131927569,1135.8354368271732,707.0702669660302
867,953.9919159717323,705.9736618980908,957.4399163287756,704.4747000230626,960.9502298409501,703.12847527608,964.5287933755698,701.9765436809475,968.1739626137442,701.0573142787921,971.8724417738719,700.3838295704398,975.6061091365777,699.9446306621937,979.3590183142875,699.7222414617538,983.1185228373815,699.7003861935013,986.8747711280038,699.860413441608,990.621364797849,700.1747980359863,994.3563152383674,700.6069382202207,998.0818135553761,701.1146773518885,1001.8026976930032,701.6554094185395,1005.524598916193,702.1890607319946,1009.2512074442543,702.6886840488634,1012.983519778957,703.1437279028974,1016.7208092797918,703.5559284482111,1020.462303577051,703.9280581201488,1024.2073308642712,704.2627932982648,1027.9553074044566,704.56273198618,1031.7057372228805,704.8302773206618,1035.4581889264957,705.0678101542057,1039.2123236279417,705.2770815711838,1042.967821608297,705.4603072625773,1046.7243936937211,705.6199950148384,1050.4820195651378,705.7525592835791,1054.2401499029556,705.8702024248906,1057.9988291352734,705.9677634865359,1061.7585219283146,706.0127957445989,1065.5174572862363,706.0980174776224,1069.275786569959,706.2086105521189,1073.0352882449079,706.2658264284829,1076.7952315093505,706.2731377603758,1080.5550692803733,706.2427651453702,1084.3146218507432,706.1869245510943,1088.0739574723093,706.1178159395604,1091.8332734000633,706.0476288087739,1095.5927552715157,705.9870470419835,1099.3523063056393,705.9308314938838,1103.1118565768447,705.8745780699533,1106.871535379838,705.8278245144407,1110.6313599644955,705.7947494224602,1114.391152771501,705.7584302014234,1118.1506942749038,705.7018969330112,1121.9098696686012,705.6247504883013,1125.6685879766524,705.5278450368858,1129.426771686434,705.4120355287973,1133.1843561674166,705.2781772446175,1136.941287991325,705.1270993324077
868,959.0498454834068,704.5931279932881,962.6022975281019,703.3614393665239,966.1761724482711,702.1933352122516,969.7794229322221,701.1200163594402,973.4383395292652,700.2579869902756,977.159691299135,699.7319814844863,980.9143176408977,699.5508131767609,984.6729750799966,699.6272473096979,988.4232305952347,699.8933776367993,992.1614469749753,700.2959576157261,995.8890075705079,700.7881930550443,999.6097326138337,701.3299427450606,1003.3274187384926,701.8922482999599,1007.0452211174434,702.4537820873733,1010.7661820985235,702.9939175300433,1014.492637017611,703.4946663484513,1018.2252122067713,703.9475110553516,1021.9631843755609,704.3534423023808,1025.7055927564638,704.7162410937568,1029.4516034354249,705.0397744154895,1033.200499982254,705.3279863536962,1036.9517311207794,705.5840543067925,1040.7049209491142,705.8096102723707,1044.4598041741872,706.0049585429664,1048.2161488032816,706.1698290761032,1051.97372022007,706.3038538649429,1055.7322698684943,706.4068584904056,1059.4915499030737,706.4783671849121,1063.2513060224157,706.5175406746251,1067.0112584968515,706.5256824433295,1070.7711511288946,706.5030403763535,1074.5308100463812,706.4548438813304,1078.2902423860683,706.3914373282294,1082.0490779457537,706.2994184416857,1085.807995168466,706.2110031266373,1089.5667596483,706.1181223908002,1093.3228525660757,705.9478244113263,1097.0821720028578,705.9156083199424,1100.8419127770967,705.9359703208905,1104.5991352437966,705.7985323180773,1108.3525244959774,705.5763182164256,1112.110402457504,705.462223934276,1115.8701557039399,705.49113721204,1119.62846468066,705.6009452092039,1123.38406365142,705.7811770000257,1127.1359925781812,706.0263200694807,1130.8835784806267,706.3308190915748,1134.6264111914375,706.6891095144068,1138.3643174337362,707.095643050118,1142.0973268635755,707.5449651990483
869,961.1048431598092,702.7712230711043,964.6993562190409,701.6708145111044,968.3663181828372,700.843778279828,972.084014574658,700.2865545831454,975.8301533500928,699.9708262797651,979.5881404263265,699.861499992723,983.3472880952152,699.9258477214507,987.1013693651502,700.132989750519,990.8474475201541,700.4545997308859,994.5848379277687,700.8654440630467,998.3143113921533,701.3430960017349,1002.0377928921935,701.8655651647186,1005.7580968019339,702.4102790859959,1009.4783419856697,702.9553964232672,1013.2010624663292,703.4833081964383,1016.927469918919,703.9845053304863,1020.6578724521837,704.455036004256,1024.3921849417698,704.8934481680271,1028.1302769649378,705.2983623724153,1031.8719816034863,705.668397444269,1035.6171046883908,706.0020486720679,1039.3654243416004,706.2976134078401,1043.116683210215,706.5531562682627,1046.870579455161,706.7664445803606,1050.626751396971,706.934911485789,1054.3847563460652,707.0556752460317,1058.144048861847,707.1254962108378,1061.9039553745815,707.1405142853532,1065.6636641849705,707.0991035968891,1069.42239935044,707.0038004567665,1073.1797224257452,706.8631239309134,1076.9358882086483,706.6941124208965,1080.690681159488,706.4971066150054,1084.4438272362502,706.2707160438775,1088.1968364587901,706.0420428483704,1091.951440067907,705.8415952992412,1095.7086693378133,705.6995171611361,1099.4674510446252,705.6050340183631,1103.225720014016,705.4921069577365,1106.9839040421546,705.3762398891886,1110.742287264228,705.2669694027429,1114.5005779144108,705.1545647142715,1118.258750313857,705.0382728982127,1122.016807687624,704.9183208969299,1125.7747539238874,704.7949356436594,1129.5325935328844,704.6683440633669,1133.2903316057216,704.5387730697231,1137.0479737731964,704.4064495628189,1140.805526164627,704.2716004275577,1144.5629952429856,704.1344491621456
870,961.8772791365496,702.973135921544,965.4633782824982,701.8447393520681,969.1137430133512,700.9464646926001,972.8173378153919,700.3020013640286,976.5555040939764,699.9035268095248,980.3110955375158,699.7332821198075,984.0704149994298,699.7728272982649,987.8228315722363,700.0051286367749,991.5605404208432,700.4110159371041,995.2797995593185,700.9615904149395,998.9821898329619,701.6166755754965,1002.6743754476189,702.3273579905698,1006.3654959887451,703.0435907628678,1010.0626747205224,703.7277452072759,1013.76925424103,704.3589135641611,1017.4855685072816,704.9299374711014,1021.2110348555331,705.437821231243,1024.9445289668572,705.8828907195962,1028.6847134684185,706.2677560574349,1032.4302934026537,706.5960332118551,1036.1801661744837,706.871019356126,1039.9333952112765,707.0956489212197,1043.6891808669818,707.2725101128945,1047.4468357139956,707.4038554114173,1051.2057627921668,707.4916152385974,1054.9654365293668,707.5374236159603,1058.7253867863546,707.5426528788435,1062.485185314427,707.5083887217879,1066.244433988422,707.4354835401608,1070.0027857476255,707.3256111331658,1073.760050480796,707.1832142943549,1077.5162482977235,707.0149316072398,1081.2715128869224,706.826909240955,1085.0262694738378,706.6289555873661,1088.7807386769682,706.4256281357627,1092.5347459777063,706.2139547177771,1096.288075376621,705.990597534551,1100.0404796617381,705.752220093182,1103.7916733403968,705.4955139592137,1107.541853680467,705.2243513530526,1111.2921869782401,704.9553093762468,1115.0421365282696,704.6809931623161,1118.7910802491178,704.3932579149433,1122.5390548615546,704.093158269894,1126.2861372763516,703.7821125574751,1130.0324168084078,703.4615381351321,1133.7779935551462,703.1328513101836,1137.5229767811074,702.7974673481234,1141.2674833091332,702.4568005537544,1145.0116355768846,702.1122607171227
871,965.3702559255206,701.6301892300501,968.9784711081861,700.5735826577626,972.6332023035359,699.6924681004988,976.3388422581104,699.0609734360586,980.0839846839226,698.7411226806076,983.8429417627558,698.7391182625098,987.5921695292991,699.0141633089107,991.3195858881661,699.5049210521097,995.022893225742,700.1541026648541,998.7062346925217,700.9089664785305,1002.3767471516402,701.7241812101229,1006.041665742401,702.5642680265279,1009.7070009132988,703.402531248565,1013.3780231492004,704.2154666133733,1017.0592097352334,704.9809462396775,1020.7536438924881,705.6795697965265,1024.462129686193,706.2991976063557,1028.1835619704166,706.8356122882304,1031.916034471329,707.2888936001043,1035.6575411403858,707.6603345030617,1039.406107879528,707.9521020186457,1043.1597883665097,708.1685087694068,1046.9168408316027,708.3154077983028,1050.675839660304,708.3991657463063,1054.4356844765987,708.425798012917,1058.1955465683805,708.4008051545071,1061.9548306806973,708.3299686448739,1065.7131407038273,708.21876205948,1069.4701892527544,708.0708428611941,1073.226100015489,707.8962538136111,1076.9805981127906,707.6937276171495,1080.7329317039557,707.4543512511755,1084.4843299939425,707.2006142675176,1088.2383889998382,706.9908782439463,1091.9945012287217,706.8206105367999,1095.74765287472,706.5962406329269,1099.4881813496124,706.2188749207893,1103.1961398708518,705.6000660667214,1106.893673351199,704.9195813123731,1110.6238879049165,704.4492086915836,1114.3549169804749,703.9839804264789,1118.0826005764006,703.4923090417786,1121.8148868963297,703.0371804080005,1125.554733147602,702.6491986688875,1129.3009945650813,702.3289607562564,1133.0521577283803,702.0723552128088,1136.806921050301,701.87521159395,1140.564183420162,701.7333263502521,1144.3230310136541,701.6424839696947,1148.082723432511,701.5985409921035
872,965.5938397041609,701.3300925234925,969.2178377849085,700.3300627877682,972.8995257336771,699.5708610940085,976.6291311995078,699.1022772650649,980.3844418481885,698.9354116315482,984.1421426199838,699.0441115323954,987.886641417434,699.3799046804618,991.611538792842,699.8904526837157,995.3173026400599,700.5259292010797,999.0086500231649,701.2408049061925,1002.6922871561909,701.9945710768566,1006.3749418209171,702.7531425357207,1010.0615868220115,703.4920336843481,1013.7549360893325,704.1966118497178,1017.455882018384,704.8601072128191,1021.1645297769417,705.4790889549952,1024.880743932946,706.0508747400171,1028.6042618253532,706.5729687011841,1032.3346994978065,707.0430576910749,1036.0715646598478,707.4589532535033,1039.8142622728192,707.8185734610668,1043.5621011719445,708.119899076368,1047.3142975636106,708.3609312759871,1051.069975249631,708.539644722861,1054.8281652283924,708.6538289177163,1058.5877815349697,708.7018386965799,1062.3476622201,708.6836320984049,1066.1066997564706,708.601738945981,1069.8639801627105,708.460452478472,1073.6188356094399,708.2649372431815,1077.3708405421048,708.0206645020965,1081.119795187557,707.7332803925786,1084.865702254401,707.4085248201607,1088.6087099085798,707.0518640757331,1092.3490956402547,706.6686499560898,1096.0872719642805,706.2644331057869,1099.8232847669162,705.8406840883554,1103.5581151591216,705.4066033270678,1107.2917324892026,704.9623274322789,1111.0187060661294,704.4654606629769,1114.7485789568273,703.9912119829986,1118.4832542549175,703.5558559372398,1122.2114571883321,703.068476405238,1125.9310984715048,702.5195096735262,1129.6421068836864,701.9148885279014,1133.3446755667512,701.260530770875,1137.0392310676232,700.5623176457666,1140.7264025336337,699.8260801202744,1144.4069916964331,699.057592010998,1148.0819368555817,698.2625361243494
873,969.2146315554197,699.4333259150144,972.9042690925501,698.7125664485243,976.6328106512804,698.2329749295097,980.3855095608491,698.0116359044323,984.1444542418343,698.0544368421307,987.8907145725628,698.366053935315,991.6091361505084,698.9198770068353,995.2956404448314,699.6582439718277,998.957531339998,700.5110711791858,1002.6050527784356,701.4236790375459,1006.2477921307125,702.3552545503617,1009.8940079410817,703.2730896683616,1013.5504475343612,704.1492126503492,1017.2210157411822,704.9640187141929,1020.9066391192921,705.7077279106315,1024.6065000294434,706.377007286624,1028.3192404684098,706.970685418107,1032.0434237402708,707.4877427607618,1035.7774127455357,707.9284605182886,1039.519439414736,708.2947661931427,1043.2677654661848,708.5897811531552,1047.0208440497213,708.8165334703853,1050.7773191351096,708.9775800008144,1054.5359837529825,709.0750596955087,1058.2957448052787,709.1107644491433,1062.055595946439,709.0860596136947,1065.8145976560893,709.0023259107727,1069.5718985980086,708.861547133643,1073.3267745619,708.6664570676104,1077.078630582995,708.4199666361958,1080.8270888365175,708.1262354942138,1084.571791090759,707.7879675570031,1088.3124969572716,707.4079756357834,1092.04986748808,706.9964370614032,1095.7823262457523,706.5426539681214,1099.5111145997996,706.0594181962683,1103.2409571478054,705.5843851727253,1106.9681072171234,705.0887683229196,1110.6905899921771,704.5592240586991,1114.4084935606702,703.9984185941738,1118.121995884499,703.4091618549752,1121.8313392658056,702.7942580404377,1125.5368236549266,702.156503252258,1129.2388000204508,701.4986840380325,1132.9376638150504,700.8235767453848,1136.633848556501,700.1339475819409,1140.327819530918,699.4325532775242,1144.0200676148554,698.7221422470413,1147.7111032043779,698.00545615503,1151.401450114582,697.2852311821111
874,972.4929792147923,698.2935136323879,976.2001599907974,697.6720685889175,979.9479292543905,697.3869518846417,983.7059070890476,697.4571272081117,987.4443088561494,697.850169006588,991.1462205857865,698.505031713825,994.8093223642791,699.3517633892739,998.4426632079245,700.3190075990726,1002.0612887270449,701.3402242448814,1005.6800997832478,702.3607848896906,1009.3092875714333,703.3437266358782,1012.9528378418604,704.2719566849781,1016.6117106986593,705.1377914958515,1020.2857429606972,705.9368306556133,1023.9744022884603,706.6653450886589,1027.6767856918493,707.3205328647704,1031.3917061754291,707.9004143711558,1035.1177450967627,708.4039294920655,1038.8533026904283,708.8311482411359,1042.5966723786776,709.183444905129,1046.3462005013432,709.4627193360581,1050.1003598854777,709.6707115617238,1053.8577466861348,709.808660531883,1057.617038622116,709.8773400886192,1061.3769582335087,709.8771457607872,1065.1362442161094,709.8081326741312,1068.8936275133,709.670072999156,1072.6478129297673,709.4625293649897,1076.397456392111,709.1847755930398,1080.1412631617245,708.8370720979395,1083.87820897888,708.4220166472151,1087.6078193456974,707.9454552736178,1091.330195738311,707.4152716351499,1095.045974455797,706.8406057252198,1098.7562639913617,706.2314554870574,1102.462584631469,705.5985698732068,1106.166785877473,704.9533772830624,1109.8698520753503,704.3017010729518,1113.571771357056,703.6435407272224,1117.27263427783,702.9794656156046,1120.9725580149275,702.3101771337546,1124.6716627059236,701.6363761585808,1128.37007104766,700.958763097578,1132.0679078967794,700.2780379472467,1135.7652998718281,699.5949003601067,1139.4623749566733,698.9100497187103,1143.1592621049842,698.2241852150833,1146.856090845458,697.5380059340204,1150.5529908874855,696.8522109386563,1154.2500920093048,696.167500882848
875,975.9012969844368,697.5769588058978,979.6479948253914,697.2746430642019,983.4064736545491,697.310687356407,987.1472816787401,697.6788790475301,990.8512561639321,698.3217929219086,994.5164387151133,699.1594427523622,998.151124570829,700.1215588431983,1001.7673390433957,701.1512265173183,1005.3772519841982,702.2028494556347,1008.9906289117895,703.2424847022049,1012.6132125782647,704.2495255966313,1016.2478994272738,705.2119295057682,1019.896506926756,706.1200830194804,1023.560418461056,706.9643152434174,1027.2404751322663,707.7350562690143,1030.9369096868174,708.4228846221855,1034.648980981055,709.0205332119626,1038.3749020072405,709.5246855608088,1042.1121403551642,709.936690696867,1045.8581276542693,710.2596969879072,1049.6105267924463,710.4969723839951,1053.3672534451284,710.6513794157911,1057.1264268847476,710.7254282283388,1060.8863306084963,710.7212333407383,1064.6453746396287,710.6405972374109,1068.4020657497188,710.4850277499543,1072.1549793140841,710.2557204606148,1075.9027358806325,709.9536086502186,1079.643981309215,709.5793909576117,1083.3773637187553,709.1335060304893,1087.101558309875,708.6164528340705,1090.8155285957318,708.0304249771593,1094.5188603759832,707.3804951661409,1098.2119136929027,706.6744387368569,1101.8957729857557,705.921830919946,1105.572116522776,705.1332858291418,1109.2431561313108,704.3203751488444,1112.9114272229824,703.4950461068214,1116.5795660240606,702.6691287014885,1120.25026777224,701.8546899245919,1123.924615366275,701.0568611232641,1127.6024957922154,700.2754793545404,1131.2837723105963,699.5102565543006,1134.9683120782504,698.7609033220467,1138.6559860998148,698.0271290457972,1142.3466691758888,697.3086420204164,1146.0402398481535,696.6051495595786,1149.7365803417142,695.9163581014315,1153.4355765048706,695.2419733080467,1157.1371192032584,694.5817083994268
876,976.6988963462001,697.4128107465657,980.4575267660352,697.345452194058,984.2126774999708,697.5237931938409,987.9514060956955,697.9186343432845,991.6647287224478,698.506607141335,995.3448906401621,699.2754262848345,998.9844131883065,700.2181951177178,1002.5815967054017,701.3118430932501,1006.1490606653723,702.4994209228274,1009.7130426013744,703.6974828279807,1013.2948863014512,704.8408222670798,1016.9033583745231,705.8969958991705,1020.5392168704582,706.8546092889883,1024.200574601607,707.7095330327099,1027.8851781793987,708.4579145967974,1031.590399277828,709.096408228582,1035.3129284648837,709.6247748141059,1039.0489720408548,710.0472529090636,1042.7948662427164,710.3711622673867,1046.547538591135,710.603977098044,1050.3044976185377,710.7526543011087,1054.0637389032916,710.8235690970785,1057.8236573159938,710.8224236453035,1061.5829610149906,710.7540711920781,1065.3405698482823,710.6220153416183,1069.0955012876966,710.428199114205,1072.8467842564462,710.1733370810556,1076.593441967065,709.8576867609322,1080.3344858403289,709.4812978522002,1084.0689115881487,709.0441021501769,1087.7956806318625,708.5458444903363,1091.5135899050686,707.9853076148308,1095.2214899988548,707.3619844207341,1098.9186764442677,706.6779456276743,1102.6052861221037,705.9389820736005,1106.2820480640994,705.1524441769019,1109.9500297241589,704.3258965186396,1113.6103572784657,703.4660676384487,1117.2638841012817,702.5777750893573,1120.9109435679977,701.6632889810255,1124.5516353948292,700.7237704887466,1128.1860463739242,699.7602390108473,1131.8142816958728,698.7737054529613,1135.4364655263532,697.7651777707927,1139.0527400396172,696.7356603877741,1142.663264459649,695.6861537169542,1146.2682141129278,694.6176537818876,1149.8677794960518,693.5311519311465,1153.4621653608667,692.4276346409837,1157.051584494604,691.3080663836873
877,978.9357566235177,697.1618988956105,982.6936163985729,697.2637354932053,986.4361806759864,697.6181016124376,990.1491097751468,698.2074562174008,993.8224876189057,699.0076414095716,997.4510910753744,699.9915949748665,1001.0376917475115,701.1195854472901,1004.5947406524317,702.3379699734842,1008.1413430570819,703.5865657264889,1011.6955554454371,704.8132568836555,1015.2711281430509,705.9760349801269,1018.8753183477036,707.0466813960062,1022.5090928773792,708.0121157374668,1026.1694651359276,708.8712382125472,1029.8528062226421,709.625867735585,1033.5557905786488,710.2773211347783,1037.2754580182163,710.8255514462973,1041.0089981027968,711.2695608086464,1044.7536050965332,711.6077345226136,1048.5062844885215,711.8398214599445,1052.2639537079456,711.9680986069287,1056.0237104673781,711.9970670032315,1059.7830071974254,711.9310348313902,1063.5395778242118,711.7732781308747,1067.2913325596255,711.5261416172085,1071.0363329620243,711.1918548199368,1074.7729179636974,710.7738099160997,1078.4998597660801,710.2770105890719,1082.21648015579,709.7080432013815,1085.922700835115,709.0747908488092,1089.6190619137572,708.3862555178363,1093.306484777975,707.6513100411734,1096.9859463779082,706.8774653634383,1100.6581713994199,706.0699618831645,1104.3236441282975,705.2323323198045,1107.9827536086273,704.3673216143069,1111.6367295604605,703.4808544544819,1115.2883788770587,702.5848417102244,1118.9385977001732,701.6830188093488,1122.587477341534,700.7757924091284,1126.2351097471355,699.8635640597922,1129.8815885138736,698.9467349301888,1133.5270087542317,698.0257058243081,1137.1714669617554,697.1008772013122,1140.8150608772817,696.1726491987567,1144.457889355865,695.2414216586897,1148.1000522343518,694.3075941563202,1151.7416501995424,693.3715660309585,1155.3827846568684,692.4337364189031,1159.0235572133531,691.4945027918172
878,982.9381869469124,695.5446556196839,986.6718058341905,695.9754661280044,990.3493735180377,696.7530467040133,993.9600117850734,697.7999155879038,997.508459386464,699.0422956087491,1001.0102528278187,700.411241543264,1004.4880571917871,701.840288444759,1007.9657556331647,703.2695990093289,1011.4626820481491,704.651061533866,1014.9917826030994,705.947946531659,1018.5591974245345,707.135251594543,1022.1644837204759,708.2019947955082,1025.8037573132835,709.1463319152409,1029.4723419178704,709.9695051009695,1033.1658639601533,710.6723942906889,1036.8801765444352,711.2555428515561,1040.6112885976809,711.7192231386817,1044.3552148847655,712.064564486592,1048.107990689351,712.2948215847869,1051.8658813790703,712.4161704746094,1055.6256968646578,712.4354239472989,1059.3847924195288,712.3587961753553,1063.140949377677,712.1913975713269,1066.8922399029454,711.937220673223,1070.6369173093226,711.5992680310981,1074.3733730380145,711.1800434439948,1078.100167822849,710.6821597945259,1081.8161319869007,710.1089742937273,1085.520419352135,709.4645856163163,1089.2125399768659,708.7537535912898,1092.8923816895885,707.9818346193779,1096.5602528464824,707.154866821334,1100.2170833464695,706.2803317064432,1103.8645756202463,705.3675939112227,1107.505161455891,704.427658114035,1111.1416907923413,703.4721320496401,1114.776866689899,702.5114651775436,1118.4124958067227,701.5525155194772,1122.0500351310009,700.6008433191057,1125.6909972500941,699.6623490023604,1129.3312023001354,698.720923743251,1132.9736087326748,697.788093921097,1136.626372871698,696.8967311360402,1140.2892456237971,696.0478465894425,1143.9608847701265,695.2377024418812,1147.6400682764868,694.4625253561105,1151.325684094139,693.7185176482162,1155.0167191904739,693.0018661394527,1158.7122480246971,692.3087488612042,1162.411422958054,691.6353525350711
879,985.9462462360432,696.2717938988477,989.6660672323972,696.8139590870275,993.333224024344,697.639945259544,996.9302287382455,698.7324466462584,1000.4553683804429,700.0392398975429,1003.9232113964661,701.4919180553312,1007.3594163366236,703.0182632916801,1010.7932819680657,704.5498873183676,1014.251057358773,706.0265494937328,1017.7505197153998,707.4012615769951,1021.2972437978004,708.6488362804512,1024.889547607883,709.7583212972298,1028.5231442224872,710.7239549114958,1032.1934347314525,711.5390169331831,1035.894725907469,712.1991452198711,1039.6201499115612,712.705794860304,1043.3626030947582,713.0660315068619,1047.1156992845981,713.2901695450843,1050.8742293972207,713.3882966958134,1054.6340192725002,713.369960816514,1058.391770462407,713.2441994700191,1062.144926115716,713.0195539805626,1065.8915521966246,712.7040372327956,1069.6302377702193,712.3051806904238,1073.3600117052279,711.8300727774639,1077.0802725970937,711.2853951510224,1080.790731065104,710.6774668702005,1084.4913618773094,710.0122859280414,1088.1823792127402,709.2956450256822,1091.8642058013,708.5331636203994,1095.5374115050665,707.7301558689906,1099.2028398236155,706.8923419019691,1102.8614477004755,706.0252143492625,1106.513823383964,705.1321984242272,1110.1593812044487,704.2117533547074,1113.796877795927,703.2599638617587,1117.4244915826025,702.2711977252561,1121.0401926552508,701.2397329723096,1124.6432601963475,700.1649610161282,1128.2353646683528,699.0540670752739,1131.8194423809816,697.917522954794,1135.4000144163203,696.7699663799365,1138.986374917611,695.6406636367999,1142.5818841549321,694.5408355044385,1146.1860139122123,693.4695918767861,1149.7982190706612,692.4258996212656,1153.4179788634285,691.4087153336534,1157.0447962643073,690.4169868638792,1160.6781972964798,689.4496546965347,1164.3177313530452,688.5056571915828
880,989.2689675540621,695.9471316233402,992.8760271954444,697.0066618274257,996.4236446929484,698.251391310896,999.9184309424131,699.6379141035956,1003.3706105941242,701.127590497132,1006.7933836770309,702.683796613115,1010.2028579389494,704.2689966180404,1013.617736973549,705.8424880405827,1017.0574685990823,707.3607215029211,1020.540108940205,708.7774387181857,1024.0790254958438,710.0466356000222,1027.6782235979335,711.1327950653366,1031.3308300508925,712.0230256478486,1035.0246214656695,712.7233498595783,1038.7472653170787,713.2496717300461,1042.4887721620905,713.6193847430428,1046.2415697036279,713.8483547867263,1049.9999975375301,713.9503577877565,1053.7598141118906,713.9372306772412,1057.517820227791,713.8191363094528,1061.271577545518,713.6046925664737,1065.0191989328764,713.3011970869899,1068.75919416755,712.9148212278232,1072.4903360891428,712.4506173068462,1076.2114491415095,711.9118686831815,1079.9212245100073,711.2999056606079,1083.6182798290135,710.6152666736197,1087.3017294916383,709.8608168836922,1090.9716409283963,709.0429954254404,1094.6291087690884,708.1711533967191,1098.276091544206,707.2563962062487,1101.9149380641281,706.3097634296547,1105.5469244604305,705.3371352675476,1109.1715310194668,704.3373697770163,1112.78647449215,703.3032358194745,1116.3885552470633,702.2251882562651,1119.974365804207,701.0942335827993,1123.542465296317,699.9085668665471,1127.0956264253787,698.6787995387818,1130.6420105277296,697.4295833836632,1134.1930999972667,696.193840860974,1137.7589504115194,695.0014405845615,1141.3443258094392,693.869127756943,1144.947687910676,692.7954037338457,1148.5666617572658,691.7755123835257,1152.1990901859954,690.8046068029561,1155.8430195892358,689.8777779646052,1159.4966829241189,688.9900775434478,1163.1584807950169,688.1365354302948,1166.8269687966433,687.3122064556077
881,991.2034288064782,696.35372705203,994.7396157445235,697.6302818993148,998.2153954841477,699.0637166675396,1001.6475588004753,700.5989957981476,1005.0572781683892,702.18365093699,1008.4653573597295,703.7718413347845,1011.8888753133723,705.3264044493094,1015.3401441461242,706.8182417445349,1018.8274329632563,708.2236941635307,1022.3560412204874,709.5217810118611,1025.9278678220949,710.6956086685581,1029.5418084346786,711.7324386561535,1033.1947187596145,712.6221743302845,1036.882020467223,713.3563556303458,1040.597850423813,713.9288329458013,1044.3352986267894,714.3370429136783,1048.0868878001365,714.5838595490321,1051.8454069045242,714.679806833718,1055.6049651041612,714.6384492844203,1059.3611110431862,714.472400184277,1063.1103858996821,714.190822812026,1066.849846223277,713.7998387582215,1070.5767245751206,713.3030037575085,1074.288590512368,712.7041588077827,1077.9842885334094,712.0123585720912,1081.6655284371718,711.2471580473438,1085.3365559406338,710.434236377506,1089.0017233681203,709.5952515952623,1092.6625349222675,708.7374580240181,1096.3176595781347,707.8557664312063,1099.9649982242202,706.9424227079634,1103.6021446862862,705.9893352593091,1107.225967633957,704.9868221943218,1110.8331765803825,703.9261182169637,1114.422122706725,702.8051641188215,1117.993258257735,701.6286723380106,1121.5484678505716,700.4048671971944,1125.0901030166501,699.1422925072418,1128.6209206955646,697.8497556484949,1132.1459502779953,696.5414940502766,1135.674649359007,695.243188234356,1139.2205798316386,693.992877788418,1142.8023594964914,692.84990244171,1146.4289202685059,691.8582159370327,1150.0918837310808,691.0106056064974,1153.7827203086765,690.2938078229186,1157.4943988595392,689.6939683612834,1161.2212827054725,689.1970252206521,1164.9589722625544,688.7889778432555,1168.704132602272,688.4561606183963
882,994.0983894582256,696.6858886830205,997.5121609878071,698.2603875519126,1000.8488993511897,699.993135201025,1004.1575903344944,701.7791737980873,1007.4812894465559,703.5370141591457,1010.8456411396883,705.2155903671803,1014.2602713564232,706.7892415148782,1017.7288178695686,708.2400755100114,1021.2517462990978,709.5532416065005,1024.8268727407874,710.7167198262151,1028.4493995409453,711.7229309487245,1032.112130710797,712.5712648240883,1035.8068682261483,713.2672716936321,1039.5259021659401,713.8191097904344,1043.262629226609,714.2347906220358,1047.0115164919423,714.5209808732458,1050.7678264115546,714.6831641010128,1054.5274050440105,714.7257485039898,1058.2865104396144,714.6520973356481,1062.0416576684638,714.4644869659851,1065.7894607707046,714.1639754974498,1069.5265467401114,713.7510295497194,1073.2497189625772,713.2272152927401,1076.9565057341413,712.597738945634,1080.6456514588165,711.8718722527809,1084.3171323370966,711.0612664142436,1087.9721401459917,710.1792534726768,1091.6131483794406,709.2410438157468,1095.2433583710992,708.2618309139176,1098.8652742483816,707.2523530633538,1102.479794249321,706.2167049509832,1106.0862019412814,705.1531584082161,1109.6833127479745,704.0585886018124,1113.2700038843345,702.9303497555663,1116.845420035319,701.7668770388225,1120.4089696887308,700.567552446496,1123.960088295646,699.3319079351529,1127.4978539738804,698.0585428236769,1131.0213743605154,696.746273637348,1134.5310531577525,695.3974093281942,1138.0304036877485,694.0219458404698,1141.5319438743277,692.6520875613701,1145.049020094027,691.3226586069627,1148.5817744557744,690.0354618465688,1152.1286958768994,688.787824771653,1155.6883650960337,687.5770298457512,1159.259450498107,686.4003241514572,1162.8407031460988,685.2549276674023,1166.430951167717,684.1380401960807,1170.0291045941842,683.0468834728396
883,995.4464250418678,697.5205757180111,998.8485257410537,699.1210465554171,1002.2000858922863,700.8250870090676,1005.5222791655344,702.5858541591451,1008.8409241923301,704.3533203469193,1012.1825402851118,706.0768328181967,1015.5695449532957,707.7091037094517,1019.0162979109061,709.2108198814122,1022.5277524764828,710.5540938459981,1026.1002074845544,711.7255201928451,1029.7240525054494,712.7268699337617,1033.3882531081208,713.5688830736877,1037.083388004663,714.2628740300819,1040.8020189061913,714.8174983634362,1044.5381767358124,715.2382845411553,1048.2867428675952,715.5285444021204,1052.0430821800078,715.6895597545606,1055.8027369052231,715.7209379205408,1059.5611785459503,715.6207443076125,1063.3135507822947,715.3851016996741,1067.0545891236652,715.0104301499647,1070.779001703414,714.4961017545055,1074.4822744135388,713.8467068582395,1078.1616478699193,713.0731344546592,1081.816585052552,712.1911152286816,1085.4489649757236,711.2202058134945,1089.0628937687814,710.1825979058024,1092.6637935201788,709.1005635299995,1096.256278248806,707.9908798031879,1099.843476103373,706.86421231733,1103.4274990991532,705.7274801002186,1107.0106888670014,704.5881225114675,1110.5944893564874,703.4506877293232,1114.1785366992385,702.3140308932033,1117.7603962158896,701.1705043275877,1121.3363289620188,700.0085932111384,1124.9028892387614,698.8182446044326,1128.4538922136835,697.5823492239014,1131.9810074986071,696.2798863538122,1135.4850783103207,694.9165592885017,1138.9839480754013,693.5398890155154,1142.5226937968523,692.2707007056036,1146.1431659816164,691.2594088564766,1149.8278598125296,690.5144957417486,1153.5532011351143,690.0095687102506,1157.3012366557148,689.7155755355276,1161.059222126923,689.6031955720712,1164.818754461686,689.6443123061657,1168.5748073932045,689.8127312786526,1172.3248481046544,690.0845274226041
884,998.9838676807183,699.6014708479438,1002.2599632967618,701.4465637623999,1005.5250828353562,703.3110674949726,1008.8047954591203,705.149714296848,1012.1220856270663,706.9194910360087,1015.4960121638424,708.5784782353586,1018.9386626899942,710.0894300232532,1022.4515892920195,711.4287360666809,1026.0272425862154,712.5903056077938,1029.6548088476272,713.5780213805798,1033.3237933674177,714.3987679472505,1037.0250397061805,715.0591191262954,1040.7505155397484,715.5653847703848,1044.4931645150805,715.9234461395805,1048.2467587451843,716.1385876666964,1052.0057421568504,716.2154044819549,1055.7650775220593,716.1576909335067,1059.520094754966,715.9684045388336,1063.266351915841,715.6497006536226,1066.999563549231,715.20339538483,1070.7158946348382,714.6332806180794,1074.4123832631833,713.9460578838524,1078.0872075955115,713.1509836393853,1081.7396414949505,712.2585846356227,1085.3699456497309,711.2799612009247,1088.9793147614828,710.2266722607708,1092.5699176252754,709.1110219948322,1096.1450223643292,707.9466105142983,1099.709013447797,706.7485739865825,1103.2672100329294,705.5334135972869,1106.8256903886504,704.3190859354801,1110.3906120459137,703.1238214549455,1113.965147767449,701.9576344177033,1117.5474821289627,700.8156007606477,1121.13130554235,699.6782412394781,1124.707859657184,698.5182738661708,1128.2681084788858,697.3092751856235,1131.8057513316573,696.0356815644285,1135.3189841184321,694.696195954833,1138.8103255566687,693.3006043846401,1142.283718347813,691.8608808233007,1145.7507601166797,690.4058894462039,1149.2241676914982,688.966170192849,1152.705050756494,687.5446191534799,1156.1930185118413,686.1405402153725,1159.6876908422182,684.7532318916178,1163.1886979807061,683.3819878031538,1166.6956801776537,682.0260971908224,1170.2082873459997,680.6848453846416,1173.7261839684847,679.3575282589659
885,1001.2346660003966,700.9044833471311,1004.53625816172,702.7036138030268,1007.8419435090296,704.4952006429457,1011.1667541263756,706.2509735792663,1014.5258418688231,707.9401243334211,1017.9314580326873,709.5332159177688,1021.3924500690783,711.0019150291546,1024.9125342129091,712.3225400894809,1028.489871414194,713.4790271863116,1032.1181840404383,714.4639480254356,1035.7894310901625,715.2743165996004,1039.4944991522789,715.9126248252221,1043.2242046533133,716.3865067983797,1046.9703188919725,716.70611198579,1050.7260999911962,716.8786754973538,1054.4857351432527,716.908260415412,1058.243816922556,716.7962236145092,1061.994912320952,716.5413860233443,1065.7330722493923,716.1392950548369,1069.45167435016,715.5848811565986,1073.1441621093447,714.8770821219263,1076.8058117931014,714.0238137468061,1080.4356991480686,713.0439535876966,1084.0360961447377,711.960544639177,1087.6124665834443,710.800108419993,1091.1734456984427,709.5931627351348,1094.7279215907636,708.3671613478944,1098.2805280348516,707.1357511101974,1101.8322955675333,705.901923046569,1105.3835028537453,704.6664832788882,1108.9347994641591,703.4313003430474,1112.486976487224,702.1986520314714,1116.0403721837629,700.9695210875536,1119.5941102601312,699.7413803318739,1123.1453195991946,698.5059522547665,1126.6901086440314,697.2522374203667,1130.2240020430281,695.9681589801326,1133.7413646269492,694.6395255062283,1137.2343009080662,693.2479893164673,1140.70819664234,691.8094621396779,1144.184440171778,690.3766546414784,1147.690715996489,689.0193091273812,1151.242929152493,687.7875114229366,1154.8401407039353,686.6939654069204,1158.4740838649404,685.7293447400189,1162.1374579187504,684.8831956328218,1165.8240524777425,684.1446054007665,1169.5286895707738,683.5024607969483,1173.2471300433017,682.9456392562092,1176.975973892058,682.4632411071827
886,1003.8625789364692,702.5704649928538,1006.9755184127407,704.6791821395706,1010.1463305559402,706.6994516366897,1013.4129325249295,708.5603568453106,1016.7820167692632,710.2284676052479,1020.241202575842,711.7008485663749,1023.7726244377216,712.9906605562987,1027.3605173688954,714.1140835141624,1030.994569585544,715.077840632157,1034.6672126691521,715.882119055694,1038.3712063247144,716.5268772221586,1042.0988604869258,717.0168165271999,1045.843201014836,717.3566426052814,1049.5979836408458,717.549620923065,1053.357422361626,717.5972837679082,1057.1158866646128,717.4994302319433,1060.8676174434008,717.2543226467775,1064.6063550800118,716.8577856134276,1068.3250971306138,716.3044085760012,1072.0166361279692,715.5918141330633,1075.6750858610294,714.7251059075364,1079.2965828491128,713.7149159976009,1082.8801476392848,712.5772766268094,1086.4294425990265,711.3366414224212,1089.9537680510834,710.0265757489269,1093.4668849748732,708.6866561971692,1096.9857106950353,707.3618569535302,1100.5271067425506,706.0987760373431,1104.0941066900587,704.9098976746402,1107.6794780332486,703.7774881908852,1111.2725138840117,702.6695767417219,1114.8645184076997,701.5583329545193,1118.4474206189861,700.4181380648637,1122.0140999681985,699.2282325119209,1125.5594249050164,697.9761642191525,1129.0816157954744,696.6604131064659,1132.5820947510197,695.2879059648651,1136.063770972111,693.868347914141,1139.530967419799,692.4137470992083,1142.9913498689086,690.9429869664876,1146.4575546618132,689.4860311868965,1149.9414882367291,688.0720663715265,1153.4510333593885,686.7230016472411,1156.989565463882,685.4519471109692,1160.5550036980062,684.2584135482929,1164.1437961622555,683.1370220178978,1167.7527246175193,682.0821961123307,1171.3788954712716,681.0882280075418,1175.0197210467693,680.1493268638285,1178.6729087300814,679.2597108343911
887,1005.6660179463971,704.870601270614,1008.9451232291972,706.7102979489197,1012.2619574585233,708.4809817719644,1015.6258882159455,710.1603464944216,1019.0442538776658,711.7257915671952,1022.5210976215909,713.156503417028,1026.0570642870462,714.4339616056502,1029.6487522825955,715.5450579121282,1033.2895542057438,716.4827433344587,1036.9712608286536,717.2441482350272,1040.6851572231387,717.8287312558642,1044.4223222152355,718.2392615054923,1048.1742200188012,718.4808411751864,1051.933107773031,718.5581097752992,1055.6918417129548,718.4734722356513,1059.4434420448263,718.2270896971951,1063.1806338496874,717.8166276522834,1066.895380225909,717.2373370303518,1070.579021870208,716.48527665318,1074.2241596248293,715.5644000415457,1077.8274279329823,714.4910337000371,1081.391740309033,713.2943651310845,1084.9248173092483,712.0081841032859,1088.4368720891964,710.6655379010306,1091.93911509744,709.2974490837796,1095.442861482662,707.9332217595901,1098.95806354301,706.5988392039824,1102.4916791769997,705.314066727992,1106.0456753408594,704.0867854666371,1109.615827155957,702.907263513415,1113.1933940293736,701.7503739786412,1116.7679982378534,700.5843861802231,1120.3290617243897,699.3777646774427,1123.8676868409284,698.106907243717,1127.3820507694045,696.7703823741301,1130.8813938544054,695.3949003729481,1134.382938401857,694.0250515683638,1137.900439653446,692.696738267056,1141.426279280593,691.3906617440655,1144.944897411012,690.0653137304191,1148.4451462530526,688.6922074194025,1151.9288774597205,687.2776698329343,1155.4071846525544,685.8498170282653,1158.885950726325,684.4230826119334,1162.3654651781928,682.9981743605839,1165.845896432777,681.5755069892605,1169.3274121295728,680.1554955776452,1172.8101789751195,678.7385556312963,1176.294362594209,677.3251031406417,1179.780130203387,675.9155616284171
888,1006.987856376833,705.0884945167946,1010.1972410986089,707.0472709658444,1013.4512987478132,708.9307859398575,1016.762076896791,710.7125665813787,1020.1380156507698,712.3673946202782,1023.5832475490037,713.8724663679196,1027.0974675292284,715.2083835503228,1030.6758447401141,716.3613999460697,1034.3094365372804,717.3264246312126,1037.9875434633886,718.1048706571517,1041.6998120152177,718.6995381734673,1045.436781160017,719.1114236067776,1049.1894895076418,719.3388156520205,1052.948860159467,719.3777318398775,1056.705153770147,719.2216051479659,1060.4474985924126,718.8628209122329,1064.164217999792,718.2972729390017,1067.8453068097404,717.5331769399452,1071.485380120859,716.5924525806289,1075.085613505779,715.5087780727174,1078.653468361677,714.3225402421197,1082.198670374515,713.0700649610204,1085.729737921221,711.7782190274467,1089.2527252858936,710.464475565886,1092.7717932241242,709.1402618242887,1096.2897781120387,707.81317214212,1099.8086641084424,706.4884743827686,1103.330013199219,705.1703399681023,1106.8553315014399,703.8628612688166,1110.3860637008243,702.5700779560186,1113.9236845350492,701.2962719311088,1117.469253283159,700.0447613933787,1121.0224164952742,698.8149713768748,1124.5799975381703,697.5980088426451,1128.1363867952286,696.3775734304534,1131.684068100217,695.1320957482071,1135.213858518554,693.8368770023629,1138.714388748821,692.4646893735191,1142.173651041238,690.9916963887413,1145.5930104295464,689.4280441244997,1148.9981476073274,687.8335518581182,1152.397402103326,686.2265541680997,1155.7922133672464,684.6101894005885,1159.1840443394037,682.9875788005253,1162.5743762370744,681.3618377091097,1165.964700485397,679.7360806627602,1169.356510704158,678.1134266750345,1172.751294656512,676.4970045449681,1176.15052606439,674.8899580337959,1179.5556585281663,673.2954556823199
889,1010.7834716894811,707.2092192845774,1014.083571676406,709.0110350538343,1017.3721212748211,710.833893686,1020.682359630503,712.6169069684604,1024.0475909372572,714.2933893635796,1027.4926982314835,715.7982455217584,1031.0254654882442,717.0835020612315,1034.635865662001,718.1310807693261,1038.305082239097,718.9496074140775,1042.0156861843043,719.5539205368625,1045.7535840455348,719.9567660077547,1049.5073117537506,720.1663119138145,1053.266840300978,720.1864882976315,1057.0226166992263,720.0175120472129,1060.764720021125,719.6557662889154,1064.4820183969234,719.09402318356,1068.1617934636472,718.324039699327,1071.7928564399683,717.3497116847816,1075.3716968313738,716.1977091057396,1078.9063040677659,714.9159415195562,1082.4111078165536,713.5545426450217,1085.897662618343,712.1469885676985,1089.3737117773717,710.7136585991888,1092.8452877572174,709.2695174878153,1096.3184008848452,707.8290798079173,1099.797068599732,706.4021152057528,1103.2832809330464,704.9936866392001,1106.7778425027116,703.6061067088946,1110.281496472568,702.2416513197047,1113.7947253888726,700.9020448600505,1117.3180616436566,699.589256810214,1120.8518947120917,698.3049929515731,1124.3954414489747,697.0477716421775,1127.9458014037962,695.8099060470071,1131.4978060548654,694.5767617141117,1135.0454112640732,693.3310294611545,1138.5829892778095,692.0571594652351,1142.0941518226448,690.7124457179402,1145.5643825409313,689.2654462093086,1148.9981371956367,687.7336317751989,1152.4291623947847,686.1956761144793,1155.8934961702182,684.7346859761709,1159.4111829188355,683.4076014001437,1162.9834794719327,682.235456375939,1166.6010917533786,681.2115099357528,1170.2545281266596,680.3236351462295,1173.9357526046774,679.5589091337869,1177.6381326499534,678.9040318970208,1181.356317933587,678.3456374862762,1185.086083297179,677.8705138712335
890,1012.3334715544278,708.7829079939162,1015.6778416807259,710.500778394135,1019.063033886869,712.1371114362,1022.4648450606282,713.7386622081974,1025.8917378486456,715.2856517144324,1029.363356379377,716.729136085645,1032.8945687695268,718.0194887787666,1036.4924593002486,719.1094669098577,1040.156119167426,719.951277363081,1043.8727666000837,720.5143995888743,1047.621286640836,720.7970984831209,1051.380521868189,720.8226766665117,1055.134404631052,720.6180606283216,1058.8716632265468,720.2091362401205,1062.5846941648326,719.6189658194575,1066.2681136458625,718.8654875319733,1069.9178445471166,717.9626789865922,1073.5310146066652,716.9230316344729,1077.1061715138617,715.7592513594349,1080.643634308031,714.485370548723,1084.1462763415043,713.1185417966849,1087.619609515353,711.6787611116602,1091.0712065180408,710.1875534263409,1094.5096598565756,708.66624300366,1097.9441677674722,707.1360340888211,1101.3834974514355,705.6167066452963,1104.8345399810098,704.1241958068409,1108.3010283996045,702.6679359911012,1111.784457367923,701.2526849700107,1115.2846997486022,699.8795412721247,1118.8001369835706,698.5457638893498,1122.3277200098755,697.2444311569157,1125.8641704049542,695.9673777858599,1129.406668448743,694.707189258163,1132.9528644695772,693.4574398621681,1136.5004633646718,692.2116763552202,1140.0468608998206,690.9624988933381,1143.5894044640643,689.7024392600364,1147.1253296744167,688.4239361150005,1150.6508826708346,687.1171317176288,1154.1590462196195,685.7643912615144,1157.6488216233433,684.3648535354729,1161.1244718022874,682.930579588598,1164.587437110425,681.4659375972672,1168.0388444011678,679.9742574826813,1171.4798974548198,678.458839827168,1174.9118663525367,676.9229559839836,1178.3360773406907,675.369849523321,1181.7539031738859,673.8027388084628,1185.1667484526836,672.2248087478891
891,1015.7649387571346,710.4430910602002,1018.9843862369934,712.3848369649672,1022.2885431047912,714.1785226355661,1025.6774679297566,715.8062438764177,1029.1486969567386,717.2499752056777,1032.697012808167,718.4920525996348,1036.314192384196,719.5162074662131,1039.9888401022456,720.3096952085228,1043.7065358443672,720.8677744931084,1047.4518054271657,721.1933386110892,1051.209900609832,721.2937521733548,1054.9675316164817,721.1763923529963,1058.712345230726,720.8447556506138,1062.4321146598083,720.29987952271,1066.1155522693618,719.5473989052492,1069.7549255072001,718.6042423662113,1073.347796500874,717.4967039808146,1076.8966942008449,716.2551653898976,1080.407951538182,714.9106477961443,1083.8899556531433,713.4919631321915,1087.3507787857748,712.0222948122857,1090.7973170205553,710.5193996909632,1094.2352420583202,708.9968895848303,1097.6694018493577,707.4658996747615,1101.1045049481215,705.9370290351011,1104.545792773863,704.4221422122991,1107.9983222434375,702.9330717840425,1111.4656548311364,701.4788174441682,1114.948703988583,700.0626217462686,1118.4470681936382,698.6846897248118,1121.9598851060318,697.3440274383631,1125.48591122272,696.0384913075344,1129.0225591520593,694.7619925587585,1132.5658027196953,693.5039002117381,1136.1106580203054,692.2503514776313,1139.651522262373,690.9855873292321,1143.1818874036996,689.6918458769796,1146.6936788684372,688.3485806722392,1150.1780487835856,686.9357946465834,1153.6313415330997,685.4485813813361,1157.0681351573014,683.9235270480964,1160.4967434786681,682.3801529417728,1163.918857056599,680.822427696378,1167.3361284065934,679.254105771143,1170.750245181225,677.678926770493,1174.1629185689194,676.1006223292499,1177.5758719211337,674.5229235227093,1180.9908294545164,672.9495685370853,1184.4095048676747,671.3843103376631,1187.8335996470287,669.8309460621646
892,1018.4642615981583,712.2494344227022,1021.6780614155872,714.2003872041055,1024.9908921076678,715.9776263959521,1028.407487357201,717.5458226670992,1031.922732322594,718.878023629285,1035.523505691183,719.9577959780545,1039.1915243111223,720.7808250263583,1042.9066604970717,721.3555235514546,1046.6505002496192,721.6973141490622,1050.4079865820515,721.8191518419711,1054.1663238001051,721.7267676020763,1057.91304614714,721.4178210476305,1061.6349221746393,720.8878060101127,1065.3193088497028,720.1402097160031,1068.9582010029292,719.1952919622481,1072.5492004137411,718.0817415944484,1076.09430783978,716.8294818150254,1079.5979104266792,715.465220383352,1083.0658694737374,714.0126100161676,1086.5067241300897,712.4968064539006,1089.932391489621,710.9469177542301,1093.3565805812857,709.3937576911283,1096.7880762808093,707.8568214471319,1100.2289801726486,706.3410617156853,1103.677772856743,704.8433345558769,1107.1332496784833,703.3610916425155,1110.5946011734454,701.8926181473715,1114.0608311299736,700.4356952010999,1117.5312010998496,698.9886611677406,1121.0066194046397,697.5538005064043,1124.4917280708114,696.1426617163966,1127.9914609905793,694.7682239594942,1131.510781748395,693.4448080112277,1135.0532352549576,692.1846220954194,1138.6130033301513,690.9741215472052,1142.177642407971,689.7779929473337,1145.731737279576,688.5509926807534,1149.260139385979,687.2521231999974,1152.7520289264721,685.8581538487165,1156.207188627461,684.375359509393,1159.6394137435757,682.8400578868747,1163.0789485821952,681.3213436309024,1166.5713567812675,679.9293343150849,1170.1258034770563,678.7042083992724,1173.7290487736798,677.6308164607532,1177.369680257722,676.6917708619427,1181.038409295408,675.8690821043408,1184.7278443389603,675.1446704048692,1188.4321961453306,674.5006768934402,1192.1469660520013,673.919624835066
893,1020.1840820911856,713.9455267631224,1023.5569253876049,715.6069909058289,1026.9758710603678,717.1712663159213,1030.4540362868306,718.5984858572083,1034.0144841021606,719.8042676286714,1037.6568219370397,720.7339066932441,1041.356536972444,721.4003299358537,1045.091579488448,721.8274825806786,1048.8455723333043,722.0297129194676,1052.604981738328,722.0124837694765,1056.3571000606732,721.7776921852983,1060.0896591808973,721.3286126935715,1063.7918770655388,720.6746809716253,1067.4555472393838,719.830839467643,1071.0755062183111,718.8154775628269,1074.6494718406288,717.6482909713003,1078.1778466217263,716.349606224213,1081.66341275069,714.9399108204675,1085.1111368585612,713.4399230974116,1088.5282063747536,711.8712644086896,1091.923813703157,710.2566081943768,1095.3082588963082,708.6186522460885,1098.6921156634596,706.9794792841242,1102.0855872121722,705.360329905593,1105.4972022753743,703.7798089679951,1108.9326429184903,702.2518017684818,1112.393841497311,700.7830776345287,1115.8786866565654,699.3713565435024,1119.3835155187019,698.009976496674,1122.9046330617011,696.6912752015945,1126.4389005361336,695.4082163184798,1129.9836503982026,694.1543936904513,1133.5361040883515,692.9225542431429,1137.0921867035154,691.7012188896497,1140.646074337964,690.4735209856024,1144.1905467610707,689.218941629881,1147.7175233908683,687.916065084379,1151.2160742266383,686.5388341173315,1154.675171576747,685.0653720131107,1158.0949492104908,683.5026710978641,1161.5023797788454,681.9130879271742,1164.9316267172646,680.3713400684471,1168.4123691927591,678.9503376316063,1171.9674907652625,677.7280056403919,1175.5885715747988,676.7173276351959,1179.2586265973714,675.901795957458,1182.9635749776214,675.2627446638804,1186.692264864758,674.780616215349,1190.436214956153,674.4358406732218,1194.1892332365187,674.2094511755826
894,1021.8789467896796,715.7410097190823,1025.2763545365644,717.349837975041,1028.7781376587589,718.7173095633093,1032.3595222686922,719.860382861002,1036.0040004327643,720.7828379706345,1039.6971975751223,721.4853772904916,1043.4255124347662,721.9680864322684,1047.17577997357,722.2304806829508,1050.9349879767897,722.2713389343994,1054.6899992668584,722.0892083439835,1058.4276269692507,721.6848704418617,1062.135849560744,721.0661582679546,1065.8053567047568,720.2482312242336,1069.4305479008779,719.2517826730115,1073.0097528581703,718.1007654974816,1076.5447378739807,716.8201444886344,1080.040185232095,715.4350708433267,1083.5029660384898,713.9701204417167,1086.940748714943,712.4473570272324,1090.3604284458886,710.8843253350931,1093.7678345175273,709.2946947839706,1097.16813543498,707.689911644804,1100.5664708824388,706.0809677097845,1103.967921652478,704.4786247495648,1107.3772901632813,702.8932089881578,1110.7987022377986,701.3339671734796,1114.2349871218942,699.8077941200787,1117.6877905242297,698.3193787124726,1121.1581350327729,696.8723424250268,1124.647001660429,695.4705659861465,1128.155660031467,694.1191084189749,1131.6849063914829,692.8223766041651,1135.2312644025858,691.573135332441,1138.7854321381574,690.3462403044223,1142.3357373603321,689.1082344444541,1145.8747749711056,687.8384054452415,1149.4000983906355,686.5309816147966,1152.911855759838,685.1875481790562,1156.4084460952502,683.8051241923251,1159.8910284984934,682.3877630027862,1163.3617282871453,680.9415416550098,1166.82157324722,679.4695362243282,1170.2715762724308,677.9746052270968,1173.7128061791782,676.4595846978706,1177.1463800179308,674.927288848289,1180.5734557090536,673.3805115617594,1183.9952249869023,671.8220285948921,1187.412906622429,670.2546003617076,1190.8277398837636,668.680975181951,1194.2409779365003,667.1038923401143
895,1024.682015470486,716.9127644994788,1028.1247163662658,718.4237633684999,1031.6327928741835,719.7757791681169,1035.2076419689422,720.9394239637132,1038.8463815296016,721.8839508029258,1042.5408096047713,722.5786610353637,1046.2765442810387,722.9966963061054,1050.0334309516181,723.1248400223042,1053.789638628676,722.9749534052232,1057.5278369754158,722.5764665565869,1061.2366436509808,721.9610980196074,1064.9091215598007,721.1563685808429,1068.5413961973259,720.1858814793424,1072.1316509497933,719.0697374376167,1075.6795558654073,717.8253815097985,1079.1857916881083,716.4679480050909,1082.6517912608424,715.0107603726896,1086.080517675556,713.4678362815523,1089.4773995703376,711.8559367873202,1092.8503539208136,710.194489894606,1096.2090333184115,708.5043351110302,1099.564146344322,706.8071024353014,1102.9272985173607,705.1258794884973,1106.3092118985892,703.4827671638295,1109.716849886747,701.893726410001,1113.151072365618,700.3629849907212,1116.6093746858662,698.8874289788863,1120.0881103852357,697.4606898898031,1123.5836258173888,696.0755458673705,1127.0918558942462,694.7229064348479,1130.6090760600302,693.3938046010537,1134.1325876822907,692.0814669158935,1137.6610021717506,690.7823662102436,1141.19336435841,689.494036345696,1144.728342236562,688.2128985861849,1148.263028012911,686.9309564789999,1151.7909919941326,685.6306677606267,1155.299705404336,684.279408983334,1158.7802800036504,682.8572793787059,1162.2301897012005,681.3622756655276,1165.6511137703344,679.8020532163962,1169.0455888472368,678.1850669346353,1172.4165519696937,676.5195968416509,1175.7672677863038,674.8137389830372,1179.1012628664116,673.0754133017892,1182.4222671805771,671.3123849049244,1185.7341620779446,669.5322955319914,1189.0409335747786,667.7427024472354,1192.3466294266814,665.9511223493079,1195.6553219146099,664.165084969251
896,1028.560744436965,718.3571957820623,1031.9864693500951,719.9066774319081,1035.5046594219846,721.2295405132701,1039.129898903519,722.2220666952755,1042.8281658980916,722.8947395691034,1046.5672208054953,723.2831136147812,1050.3242133209278,723.4150665332293,1054.082047316471,723.3074215279811,1057.8264794639074,722.9719873550426,1061.544965820566,722.418472986036,1065.2257811961251,721.6534597520913,1068.8576487766766,720.6822287675745,1072.4314537987048,719.5151448704268,1075.9429447489695,718.1718883285657,1079.3950552726542,716.6823638355,1082.7972907513788,715.0819504562876,1086.1649634020948,713.4098570436284,1089.5165701891742,711.7057166242329,1092.8684310737638,710.0020729356476,1096.2267849620005,708.3112673183962,1099.5893526993646,706.6288517092319,1102.9515042109808,704.9456043420953,1106.3140982410953,703.2632423155666,1109.6842996011255,701.5961905059772,1113.0729444669169,699.9670166796269,1116.4907573051005,698.4000398892414,1119.9441165810347,696.9130960076621,1123.4321544737622,695.5094077567697,1126.9499614942738,694.1820229901896,1130.4914105162054,692.9190061458438,1134.05079042117,691.707389014933,1137.6227705916167,690.5333965732087,1141.2018228371776,689.3811144163784,1144.7816383969455,688.2312025630941,1148.3543977481445,687.0595980117091,1151.9098405962377,685.836567018794,1155.437514017106,684.5357313174231,1158.9333457195535,683.1515140549143,1162.4072709299976,681.7130743051541,1165.8759026775497,680.2618785770485,1169.355641936267,678.8375869111569,1172.8557123017335,677.4640382342814,1176.3751228234592,676.140817944947,1179.911853376307,674.864600522377,1183.4640207405614,673.6319894286164,1187.0298726686365,672.4395340412464,1190.6077803507142,671.2837439677123,1194.1962296283277,670.1611008265344,1197.7938112673573,669.06806766739,1201.3992199055333,668.001128062591
897,1030.1824305801752,720.2598559314932,1033.7103387490251,721.5565774506789,1037.3370359161797,722.544955444129,1041.0293780783866,723.2502918858022,1044.7633032597994,723.6854425484555,1048.518430541625,723.8619365130301,1052.2771661662136,723.7936170203906,1056.0248133517214,723.4961653906837,1059.7494168248052,722.9851429744721,1063.4411235905673,722.2741742558352,1067.0912167178233,721.3735064035717,1070.6920037595157,720.2923205201488,1074.2378903535864,719.0426401896962,1077.7273100031978,717.6428279097855,1081.1630458532752,716.1158027120322,1084.5520185380303,714.4874686168653,1087.904855425744,712.7858474381148,1091.2352988591451,711.0407281480386,1094.556993607679,709.2789887223532,1097.880712492361,707.5210739002952,1101.2132655307284,705.7799751873932,1104.5593722973717,704.0650823149396,1107.9230199569542,702.3848728660631,1111.307780664816,700.7476328175239,1114.716593087096,699.1610984358365,1118.151138840575,697.631084419461,1121.61120842782,696.1597008040666,1125.0951279374185,694.7457026748953,1128.6005478899551,693.3858662078327,1132.1252514856492,692.0768118602848,1135.667269067588,690.8153441004339,1139.2240831528152,689.5961952978749,1142.791782136226,688.4092442707937,1146.3646280577198,687.2378550509471,1149.9361331177267,686.0623905236438,1153.499263960218,684.8618221018811,1157.046722235589,683.6157664400463,1160.572382949592,682.3093545512946,1164.0742046440848,680.9403086318796,1167.5551615170148,679.5189907385645,1171.0262707171805,678.0737303230866,1174.510721934258,676.6610346975046,1178.0162321576822,675.3014285754382,1181.5408312225397,673.9920913189646,1185.082587276373,672.7298882788144,1188.6396991196993,671.5116208646411,1192.210490863721,670.3340420009605,1195.7934051648588,669.1938691867816,1199.3869953558565,668.0877952632194,1202.98992953519,667.0125403548202
898,1031.7676869658696,720.4780398168522,1035.341213345127,721.6440285154249,1038.9986485224242,722.5116349092397,1042.7139608197356,723.0832804668586,1046.4615863527144,723.3781131734509,1050.2206816599353,723.4215066932834,1053.9756084757519,723.2370662887323,1057.7146445431104,722.8450018481233,1061.4287315520332,722.2618254622708,1065.1104556697715,721.5004273380719,1068.7532827663078,720.57046996857,1072.3512371713512,719.4796408131238,1075.8999677173235,718.2378862677514,1079.3979531382806,716.8595059167561,1082.847183774037,715.3631569454058,1086.252770896607,713.769853217528,1089.6222691281996,712.1014869833662,1092.9650512738056,710.3801477943097,1096.2914588089466,708.6273360443562,1099.6115570166949,706.8625892632749,1102.933975293401,705.1022180764253,1106.265914163617,703.3599477216765,1109.6135843596408,701.6481212245294,1112.9826594264441,699.9788459622253,1116.3775221579717,698.3626920870828,1119.8009932336136,696.8080822567796,1123.2545845258242,695.3216105102304,1126.7388883258734,693.9086436385566,1130.252291370253,692.5696562308879,1133.790662998839,691.2980590336456,1137.3479665013717,690.0803617966296,1140.917490395435,688.8989150320392,1144.4929397317567,687.7354982434924,1148.0692687713563,686.5747855275833,1151.6428280813066,685.4055792200005,1155.210784744283,684.2193969312425,1158.770018217963,683.0073086904023,1162.318023948924,681.7627482482428,1165.8529255231438,680.4814553683623,1169.373990985619,679.1625914404458,1172.8908690589324,677.8325724281691,1176.3908870403072,676.459101109741,1179.8437638302757,674.971267558676,1183.2461081443234,673.3711686630496,1186.600051464062,671.6718864396123,1189.9087996083238,669.8861410509033,1193.1764230146225,668.0261640887453,1196.4076669748238,666.103643088325,1199.607788665764,664.1297216898198,1202.7824181784133,662.1150339132389
899,1035.2659732810748,723.1496066788598,1038.9431896260178,723.9291246909759,1042.6701191288337,724.4200080323451,1046.4226643801783,724.6443552277487,1050.181896394679,724.6183841542057,1053.9318875636802,724.3531036496427,1057.658443834081,723.8571980651933,1061.3494100950395,723.142804069551,1064.9958304357974,722.2274785425362,1068.592646017383,721.1330412079411,1072.1389036417545,719.8842017025227,1075.637550258022,718.5073967709236,1079.0934053795672,717.0263165470614,1082.5115049883273,715.4599889863426,1085.8965000925198,713.8232899183271,1089.2534358727612,712.1297414605891,1092.5880109801058,710.3925455326009,1095.9066507423934,708.6250737582391,1099.2164183361458,706.841029754742,1102.5247361220015,705.0542964453826,1105.8390247812995,703.2786723953718,1109.1665916500256,701.5280796386445,1112.5146112727696,699.8169632119077,1115.8900864069847,698.1607174122803,1119.2993058622305,696.5751590225066,1122.7454966308503,695.0716823529856,1126.227295234522,693.6525860138021,1129.7388378634666,692.3087082804515,1133.2730389918527,691.0255287695262,1136.8228895076124,689.7862420091627,1140.381893616577,688.5734582878471,1143.9442971792537,687.370684552853,1147.5056997755216,686.1649526071927,1151.0628165894914,684.9466424044623,1154.6129476747378,683.70813481294,1158.153257451708,682.4418420530736,1161.680420122457,681.1393996927619,1165.191192218245,679.7934206242637,1168.6842955232441,678.4022160870604,1172.163895233377,676.9775323078318,1175.6426741022974,675.5508430306629,1179.1421507257564,674.1759461787609,1182.679600926993,672.9020516254194,1186.2519595012488,671.729546367925,1189.853819188508,670.6509993034381,1193.4803890201945,669.6586392811092,1197.1274741652526,668.7444873199753,1200.7914374637562,667.9004614461161,1204.4691489856084,667.1184551485175,1208.1579334437029,666.3904155462528
900,1036.9976491495156,723.129060414594,1040.6644752134428,723.9565825024999,1044.3835102679873,724.5041557239196,1048.1324342302999,724.7817569581192,1051.8916094047809,724.7933406123766,1055.6417098132458,724.5329842099965,1059.3614765128295,723.990909734637,1063.0290558309268,723.1663890077897,1066.6298627580506,722.0862883320323,1070.1626383949867,720.8002227664499,1073.6381985239725,719.3661745312212,1077.073022318125,717.8368542671657,1080.4812985510073,716.2491410008233,1083.8711385371596,714.6224088682611,1087.246547883158,712.9659294849063,1090.610158247153,711.2856127186593,1093.9645521297111,709.5869658214714,1097.312443721754,707.8755347195624,1100.6572146694523,706.1580099083832,1104.003223241994,704.4428989222355,1107.3555790739772,702.7402355076207,1110.7194973405892,701.0605462065763,1114.1000191098901,699.4145505633398,1117.5018778421204,697.8131482582572,1120.9292057093962,696.2670384267649,1124.3839920928024,694.7833170530446,1127.8652290768946,693.3627478359437,1131.3694284531816,691.9997732386081,1134.8923266749741,690.6858528536807,1138.4299277105358,689.4120217332855,1141.9786088951107,688.1693711638582,1145.5350333653032,686.9490432782,1149.096039768917,685.742141944281,1152.6584202396025,684.5392995082331,1156.218787266663,683.3305150817108,1159.7733635496868,682.1048220311801,1163.3178909090823,680.8503879597758,1166.8490162868113,679.5587268288623,1170.3656775412285,678.2281819734038,1173.871056459196,676.8681565981943,1177.373193696431,675.4997928669801,1180.8748794888697,674.1302742371171,1184.3763078160587,672.7600974619112,1187.8776643882368,671.3897373279584,1191.379134999214,670.0196686156361,1194.8809053346024,668.6503661781753,1198.3831607798577,667.2823050203776,1201.886086227939,665.9159603764566,1205.389865886358,664.5518077864765,1208.8946842572407,663.190326195637
901,1039.0601715363568,724.6513579682517,1042.777491192521,725.2115563200872,1046.5235864028255,725.5265318730003,1050.2822593511726,725.5939056770254,1054.0365267973102,725.4018423942683,1057.7657327226268,724.9291814148064,1061.4467469955273,724.1673188580312,1065.0620787548048,723.1370335577316,1068.6089757546608,721.8905900783973,1072.0948678855898,720.4820011609906,1075.5295357368957,718.952504007863,1078.9220941300537,717.3316087096962,1082.2814992067404,715.6429857131757,1085.6169025977056,713.9073810707282,1088.9373631323156,712.1433275184381,1092.2512449582787,710.3669354691265,1095.5656297999617,708.5914825129219,1098.8860140021113,706.8272807610722,1102.2161840930357,705.0816278789471,1105.5583656866463,703.3590877774523,1108.9137021949673,701.66231840609,1112.2832503251643,699.9939545806513,1115.6686787617525,698.3580650714929,1119.0726854877669,696.7612139021662,1122.4986644439314,695.2120887854571,1125.9489947410143,693.7180075460567,1129.424268870686,692.2829087486623,1132.9238669013398,690.9081907143359,1136.4463731707126,689.5932689485398,1139.9888690199678,688.3331618199805,1143.5466096978344,687.1167148199005,1147.114358395335,685.9299098323625,1150.6874585354803,684.7592982814641,1154.261632631856,683.5919666008053,1157.832870821737,682.4156921003212,1161.3964329110856,681.2163928243699,1164.9455645767719,679.9751116641083,1168.4714608338634,678.6693597449828,1171.9747332634506,677.3039861087113,1175.4681364674605,675.9134774654997,1178.9716145900165,674.5486329207914,1182.5006047002296,673.2513368890635,1186.0602840299557,672.0408322579219,1189.6489260133449,670.9190634790358,1193.2624154125172,669.8800650443686,1196.8969132298394,668.917076310317,1200.5490226495444,668.0231482678789,1204.2157627255563,667.1912187035864,1207.8945335423884,666.4141704671117,1211.5830825224186,665.6849084129798
902,1042.4522072364875,724.8351037407579,1046.198179256584,725.1513518112902,1049.956863116066,725.2183149006769,1053.7114314117994,725.0308530750775,1057.4442651009558,724.5860300319872,1061.1385476144517,723.8898711779352,1064.7819933342935,722.9632965619797,1068.3674801563366,721.8326379441144,1071.8921690028706,720.524427996363,1075.3569437135013,719.0646696076759,1078.7676604625678,717.4825081369792,1082.1331524856232,715.8061500181486,1085.4629243083068,714.0598315229838,1088.7657964015202,712.2631010363621,1092.0511139261512,710.4344356822652,1095.328806361938,708.5921234708345,1098.6092204295644,706.7546671652908,1101.9023651101204,704.9401475306632,1105.2157261360946,703.1628383392095,1108.5533412393768,701.4315204483877,1111.9168440770093,699.7510596521738,1115.3069456308435,698.1249355438565,1118.7240302658847,696.5563146401245,1122.168038992005,695.0477313124499,1125.6380411588666,693.5999327192052,1129.1319563485224,692.2108193215267,1132.6468390612827,690.8756270617362,1136.1796172958232,689.588508515493,1139.7273716720958,688.3432433405823,1143.2873850302485,687.1334522812099,1146.857067911286,685.9524820483911,1150.4336519373908,684.7925657872902,1154.0140289102865,683.6444013911916,1157.5947261055724,682.4972352300193,1161.1720449473257,681.3395868909894,1164.7418182428592,680.158899138238,1168.299733288329,678.9429743967555,1171.8425198999082,677.6836604866403,1175.370526025455,676.3834942591684,1178.8881700573459,675.055513627123,1182.4047576904593,673.7247339291855,1185.9308481526755,672.4193656911158,1189.4675721905387,671.1430841720885,1193.0139559481877,669.8938907784659,1196.569072179693,668.6697665498206,1200.1320373737105,667.4686756199845,1203.7020087515257,666.2885685085921,1207.2781810540696,665.1273849222924,1210.8597831576815,663.9830561037135,1214.4460775977218,662.8535164837542
903,1045.1358508225076,724.8774235140962,1048.8945742447772,724.9498330405628,1052.6510366599164,724.8002352456363,1056.3924074019258,724.4319524501675,1060.106550893078,723.8498970680505,1063.7827515620063,723.0627999946803,1067.4124648059471,722.0832395862315,1070.9895240517862,720.9259131057592,1074.5100605765945,719.6064521903892,1077.9723280514845,718.1407661595657,1081.377022045455,716.5457724067661,1084.728306151881,714.8412853905352,1088.0344219775475,713.050642665347,1091.306555646948,711.1985454559726,1094.5576440667853,709.3096987590922,1097.8014933451166,707.4084292823815,1101.0518095371624,705.518251189018,1104.3206405907124,703.6603121895458,1107.6174676787437,701.8525630279836,1110.9487991416306,700.109259928074,1114.3172756653614,698.4388814622012,1117.7222939851658,696.8443087618283,1121.1612702082775,695.3243418265308,1124.6309185857122,693.8757334356064,1128.1272345460766,692.4926958793105,1131.6458937770117,691.1674965526086,1135.1826420028542,689.891325619407,1138.7335879029333,688.6551818314481,1142.2951986989065,687.4500890975918,1145.8642100920601,686.2670785137852,1149.437611376492,685.0973861152287,1153.0127227987616,683.9329279749767,1156.5873463584521,682.7669737663874,1160.1596002948006,681.5937825537296,1163.7276670416127,680.4079232108481,1167.2895537721627,679.2036367497749,1170.8432079681834,677.9752790208776,1174.3876504947884,676.7205881240508,1177.923837955938,675.4428052403765,1181.4549977499216,674.1511825655261,1184.9857311474054,672.8583934852307,1188.5202592535015,671.5760230730966,1192.0608555829292,670.3105051726793,1195.6072588885029,669.0613512608627,1199.1589364875413,667.8272719308998,1202.715372266924,666.606971374774,1206.2760653856608,665.3991483602473,1209.8405289345765,664.2024971040673,1213.4082885557075,663.0157080383442,1216.9788850284856,661.8374806339342
904,1047.5397441153998,725.7792078784984,1051.2979231185554,725.8547604427278,1055.0498168989527,725.6240888802026,1058.7724956882423,725.1020997698213,1062.4484288584658,724.315000444018,1066.0666393693245,723.2943337565779,1069.6221698110432,722.0726835558031,1073.1145304319027,720.6803942360006,1076.5462939249237,719.1445894735257,1079.9224956522646,717.4900556778246,1083.250599495493,715.7406580458562,1086.540748625314,713.9207850665775,1089.8049386244181,712.0546877292412,1093.0558144802353,710.1654619693965,1096.3052589351078,708.273772114661,1099.5629597585498,706.3963485058347,1102.8362890039302,704.5463270653398,1106.1317141082131,702.7359870542277,1109.4551456556126,700.9776246749161,1112.8107694375904,699.2815325740767,1116.1992833718211,697.6521467262692,1119.6187664358654,696.088781989868,1123.0659209527691,694.5873940570896,1126.5371164366688,693.1424329364035,1130.0286467566225,691.7473001025295,1133.5371273435069,690.3953394405407,1137.0598545068854,689.0809346652894,1140.595047091729,687.800426993892,1144.1414826403932,686.5513896170401,1147.6979634287686,685.3312419005878,1151.2630874571394,684.1365766708333,1154.8352887638657,682.9632356259758,1158.4129715117,681.8067097716787,1161.9942936677307,680.6614978745107,1165.5769936555096,679.5206011089775,1169.1583019522013,678.3753466001846,1172.7349724069902,677.2157011382939,1176.3031898165939,676.0303248336903,1179.859129329336,674.8086330579405,1183.400882230385,673.5463952092219,1186.9326724851069,672.2565087551076,1190.4582173026017,670.9496434799321,1193.9786556376748,669.6290812018395,1197.4950688315985,668.2978355224321,1201.008565449568,666.9589095917147,1204.5202737592972,665.6152993361598,1208.031334346537,664.2699970362753,1211.5428928099216,662.9259951204784,1215.056092472855,661.5862900435066,1218.5720714718568,660.2538978266832
905,1049.4513472412343,726.3043709519274,1053.181279880932,725.8324167653874,1056.889033380932,725.2093790604645,1060.5683704610183,724.4362189439081,1064.2092111493457,723.4986508260486,1067.7995081028832,722.3832040797121,1071.3287644375148,721.0875345657178,1074.7891796143847,719.6177892438427,1078.1784301100563,717.99045558787,1081.5028312984246,716.2341871326605,1084.7788251709721,714.3889939463862,1088.0269084175934,712.4949929464586,1091.266120591162,710.5858340233608,1094.5117837257799,708.687676721045,1097.776075530868,706.8217746485409,1101.0689363952783,705.0068156903616,1104.3960707919543,703.2555070933205,1107.758644934232,701.5732510759748,1111.1547218671715,699.9596881659702,1114.581292231847,698.4119151779167,1118.0337891370752,696.9228315287337,1121.50592305071,695.4800808134016,1124.9903578633484,694.0672641119451,1128.4812261923992,692.6704062316312,1131.9766948157812,691.2851020665781,1135.4792515105025,689.9178331875256,1138.9938521016336,688.5818556516181,1142.5241447707058,687.2879384440055,1146.0707993500782,686.039562846875,1149.6318780657004,684.8329266748494,1153.2042033418104,683.6599824689096,1156.7845803003095,682.5118316418343,1160.3687354689116,681.3755153109561,1163.9511080102607,680.2336004045025,1167.5255368096412,679.0670902940731,1171.0868982707,677.8613124927165,1174.6310106170076,676.605770800728,1178.1563086382473,675.2983133654477,1181.6667694777077,673.951473608211,1185.172963249127,672.5935387869948,1188.6857109724444,671.2526784264888,1192.2124660482234,669.9491431190071,1195.7563459133032,668.6929254964487,1199.3164493365202,667.4834367746215,1202.8909328938914,666.3171193469524,1206.4780845105274,665.1903543077677,1210.0763156984694,664.0994771330561,1213.68415227772,663.0407903099791,1217.3002240631683,662.0105735084571,1220.9232601722024,661.005114601993
906,1052.3575337339332,725.840129255349,1056.0985252709625,725.4685736144936,1059.8096500538402,724.8681609610078,1063.476478204549,724.0391049190545,1067.0861757261073,722.988709192173,1070.6300018951115,721.7336335503109,1074.104862080122,720.2983366200102,1077.513237784675,718.7113659851858,1080.8617733211688,717.0015487468431,1084.1609788516237,715.1982278302683,1087.424627715027,713.3312193144038,1090.6683702493365,711.4297804581144,1093.9071353822899,709.5198634815079,1097.1542499600662,707.6241938077677,1100.4207408467405,705.762143809578,1103.7144679966623,703.9487393324395,1107.0389618617005,702.1923944109345,1110.3951582583645,700.4974239307548,1113.782893821465,698.8664113736654,1117.2013717829086,697.300851218612,1120.6476461574846,695.7974439413705,1124.1173129210574,694.3488050586604,1127.6058959928102,692.9463068782206,1131.1098597603252,691.5826706434697,1134.6261856405579,690.2512213349388,1138.1525403375404,688.94655626251,1141.687590368552,687.6656366458996,1145.2310883805123,686.4082769531612,1148.7831943463077,685.1754463774676,1152.343580280421,683.9667334169905,1155.9110371930124,682.7790443838644,1159.483469644484,681.6063981757411,1163.0583355580816,680.4411869026134,1166.6328849947622,679.2750057977274,1170.2041571677182,678.098834087914,1173.7687823911128,676.9026855726685,1177.3226234949009,675.6748949019154,1180.8617068133262,674.4052190714574,1184.3841855800897,673.0901703853484,1187.8944683300358,671.7428477066367,1191.4084555529157,670.4052345641322,1194.932444980679,669.0941951414247,1198.4650102682247,667.806435744383,1202.0046830111392,666.5383379330916,1205.5500564734648,665.2862624159491,1209.0997745067673,664.046554236752,1212.6525200997705,662.8155468704666,1216.2070036630275,661.5895654726614,1219.7619511330442,660.3649295324979,1223.316090468705,659.1379508532507
907,1054.4478975553063,725.7171269546986,1058.1885351712854,725.341460566183,1061.899729781616,724.7415635918542,1065.5640780448566,723.9021222402173,1069.1612112411926,722.8103063218094,1072.6692416544408,721.4594506435235,1076.0699782751708,719.8573473464476,1079.3663473270472,718.0495577338315,1082.5867167554159,716.1090216426917,1085.77331510355,714.1133018783047,1088.958430510355,712.1152042254083,1092.1586430977877,710.1413986139642,1095.3805408760793,708.2032055517576,1098.6270114019997,706.3064724487659,1101.900716973066,704.4571589424155,1105.2040769428816,702.6613707585964,1108.5396387228263,700.926154278739,1111.910070298398,699.259711801365,1115.3172658917765,697.6698125879178,1118.7600340843628,696.1584759717217,1122.2342330779488,694.7208153560698,1125.7339471666364,693.346378417664,1129.2530661625983,692.0223669147093,1132.7858719205574,690.7352840608268,1136.3278889791807,689.4737537909969,1139.8762322048217,688.2301208034971,1143.4293163086847,687.0000943325485,1146.9859592744046,685.7803941940666,1150.545100314669,684.5680012414488,1154.1057237395444,683.3599678071153,1157.6668545346322,682.1534305348615,1161.2275972644763,680.9457487006772,1164.7871235632097,679.734486879613,1168.3446384835859,678.5173312762902,1171.8993104743565,677.2918994175442,1175.4501271260576,676.0553431130406,1178.996466548397,674.8060048942754,1182.5384446546557,673.5443535992873,1186.0773182604921,672.2740164662489,1189.6172490776607,671.0066297611016,1193.155845529522,669.7355308884969,1196.691456409686,668.4561478554755,1200.2395208824967,667.2117977924486,1203.803556077104,666.0139427421406,1207.3815715533212,664.8585024708349,1210.9717139714605,663.7412986479941,1214.5722678248717,662.6581063852311,1218.1816423738169,661.604668197355,1221.798357425075,660.5767048823056,1225.4210356597746,659.569950376079
908,1057.2518067495673,726.1235944152958,1060.9283560763276,725.3386510704679,1064.5522940862618,724.338353866488,1068.1141084784792,723.1353050094228,1071.6064272098995,721.743200180737,1075.0255178050725,720.1796579226534,1078.3738457566553,718.469605376057,1081.661101324879,716.6446935748784,1084.902353726345,714.7391175354289,1088.1154525956008,712.7863584270764,1091.3186005064383,710.8172910035945,1094.5286564505227,708.8595222600832,1097.7598338461648,706.936856337945,1101.0221312650629,705.0675204210321,1104.319869628471,703.2614643701867,1107.6533826882596,701.5223277298613,1111.021807107064,699.8518173106078,1114.4250038619905,698.253359535931,1117.8643174269168,696.7342080025745,1121.3410059134887,695.3026934328218,1124.8513823751655,693.955817132304,1128.3866282501808,692.6755247158216,1131.9363298834508,691.4357940779095,1135.49142909866,690.2115995316376,1139.0447925727685,688.9823820949647,1142.5920173550078,687.7355675940552,1146.1325844372861,686.46996779441,1149.6684828988525,685.1913752423699,1153.202191662017,683.9067405784224,1156.7357932920631,682.6218111093212,1160.2712913446726,681.3421116111083,1163.8116270247706,680.075865611746,1167.3589924139121,678.8294546957108,1170.9131225900544,677.6024575586239,1174.470544892448,676.3850300087752,1178.0270064640983,675.1648017047106,1181.5772896941178,673.9267347304387,1185.1165712613702,672.6575767920597,1188.6425055986288,671.3518099184589,1192.1526400564405,670.0041576367748,1195.6487316162168,668.620447785903,1199.1410853881694,667.2273120644653,1202.6476668923292,665.8704774904811,1206.17782424329,664.5762922711923,1209.7324064881082,663.3507614566755,1213.3082454878,662.1886831503695,1216.902346057869,661.0843484973856,1220.5119995008974,660.0319357359364,1224.1347619741775,659.0255498814274,1227.7684381225465,658.0592890729021
909,1059.4778437303764,725.8048703974478,1063.111446560427,724.8409274465554,1066.677020352348,723.6493104627759,1070.1712807093409,722.2620488228953,1073.5972696301005,720.713530821701,1076.9608885537673,719.0336460422125,1080.2692905327783,717.2473356370051,1083.531392549835,715.3777050932877,1086.7590125637232,713.4490765055104,1089.9653953043025,711.4852968068296,1093.164161416579,709.5091189293483,1096.3689378914935,707.5427158326007,1099.593455500101,705.608896845422,1102.8495573976716,703.7288057126034,1106.1449070680546,701.9184303282333,1109.481945937623,700.1861259314237,1112.8602914482744,698.535836008356,1116.2788461452062,696.9705496572275,1119.7377076697267,695.496524863903,1123.2378265387345,694.1233676158312,1126.775318288814,692.8495059576242,1130.3395552859479,691.6523096891414,1133.9174377963898,690.496416691225,1137.497490390309,689.3472437936036,1141.0695493991836,688.1735120469073,1144.6259779376308,686.9532940883416,1148.1640188832807,685.680722046638,1151.6875138646428,684.3683644603354,1155.2040852552793,683.0375357369427,1158.7223461310452,681.7111867705567,1162.2488424015453,680.4069090847382,1165.7877592829236,679.1367632087338,1169.3462455018855,677.9226116262371,1172.9271365883083,676.7762360871383,1176.5250989024387,675.6844798109179,1180.1276869545845,674.6080326317463,1183.7220619404302,673.5045654748387,1187.2941671315907,672.3312384579281,1190.8304980312978,671.0543135193141,1194.324278625407,669.66509513694,1197.7867976434836,668.1994562965363,1201.2429780581406,666.7188631004603,1204.7187216193936,665.2849519988758,1208.2283486024076,663.9361991825481,1211.770196282969,662.6744341262441,1215.3396215653293,661.492888332078,1218.932460114084,660.3845294212518,1222.545006565992,659.3421539713347,1226.1739824476629,658.3584611491748,1229.8165111044354,657.4261687612332
910,1061.2742687126467,725.717876286612,1064.9040231935048,724.7398875303134,1068.4548252644795,723.5056355318475,1071.9138625175015,722.0333650988541,1075.2798486634997,720.3587950454751,1078.563064923663,718.5268735217348,1081.7816930189736,716.5834460233809,1084.9573085760796,714.5703497554296,1088.1109536174765,712.5229453192227,1091.261312852664,710.4704802126739,1094.42490023103,708.4384934596529,1097.617517122728,706.4524934135511,1100.8506954253294,704.5332970832125,1104.1303513064288,702.6946933055747,1107.4577234240346,700.943943293643,1110.8315396717462,699.2844593734706,1114.2480610256955,697.7147443360761,1117.7020795548956,696.229314179613,1121.188325307931,694.8211390915981,1124.7019183458065,693.482615179618,1128.237548901504,692.2033812223482,1131.789246110596,690.9694016685642,1135.3506381184707,689.7636503548921,1138.915747141366,688.5689196944081,1142.4796038321983,687.3704620741335,1146.0385501772976,686.1575089202747,1149.590588752375,684.9244768817847,1153.1360735033531,683.6727189702079,1156.6775980643345,682.4097917214431,1160.2191764621934,681.1470156834591,1163.7646950563244,679.8953514004799,1167.3155852617267,678.65900919897,1170.8702709688628,677.4336152092076,1174.4253806716486,676.2094509666196,1177.9772454669146,674.9759110167736,1181.5219342011906,673.7219166975244,1185.0546119836545,672.4345081925233,1188.5712763907918,671.1039932176575,1192.0722519085039,669.7326965478399,1195.5657604205887,668.3424523393085,1199.0620955231984,666.959344188831,1202.5687702287491,665.6026851104807,1206.0893587351532,664.2825835509619,1209.6281802421574,663.0122100650638,1213.1856865072045,661.7951271552379,1216.7597156210597,660.6274386384675,1220.3482258613287,659.5050258583001,1223.949336590464,658.4237072668805,1227.5613167014324,657.3792568037003,1231.1825839834528,656.3674640476571
911,1063.5498981312635,725.5943227233394,1067.1131384529485,724.3972323243753,1070.5696745928692,722.9198296472798,1073.9140520757642,721.2028454124489,1077.1624398678064,719.3099464615124,1080.3416256325975,717.3026339706105,1083.4813221285326,715.2339328259919,1086.6106436830821,713.1495324499573,1089.7545746830017,711.0872707414169,1092.9299050675734,709.0737529397594,1096.1469302284725,707.1276022030893,1099.4108943430442,705.2612828093302,1102.72233410481,703.4805571456924,1106.0770725234381,701.78277956151,1109.4695316927384,700.1616478043011,1112.8941231870315,698.6095077062944,1116.3456353021465,697.1181534068724,1119.8191916067046,695.6788577792088,1123.310468335198,694.2830701916762,1126.8161305216054,692.9238021533178,1130.3338957303026,691.5961617629326,1133.8622064849653,690.2967999010289,1137.3996948735876,689.0226301342418,1140.9451066959584,687.7706717218807,1144.4972972894375,686.5380740848808,1148.0552069222986,685.3220796275162,1151.617803576326,684.1198833918829,1155.184058418638,682.9285803051704,1158.7529411319329,681.7451711614971,1162.3234142988783,680.566568104786,1165.8943590497597,679.3893942507506,1169.4643215147948,678.209246023378,1173.0313854590318,677.0203700263323,1176.5932109560442,675.8158990400768,1180.1472996731725,674.588798835551,1183.6908887328111,673.3317166506046,1187.2212465858177,672.0379565594741,1190.7366854640202,670.704190902278,1194.2385978508785,669.3352844324597,1197.7313594206632,667.9431715144472,1201.2211735511487,666.5436781642389,1204.7136960045614,665.1509607603638,1208.2100966405003,663.7680077403493,1211.7100017220494,662.3939471960177,1215.21304277411,661.0279008225058,1218.7188574032762,659.6689879145672,1222.2270886565964,658.3163257143302,1225.7373843687003,656.9690297303771,1229.2493964992038,655.6262140315865,1232.7627820279006,654.2869956313775
912,1066.2355569059785,724.5392549646907,1069.7080188559867,723.0991544972678,1073.0829459687902,721.442814476168,1076.3697408960127,719.61741387786,1079.5856234844553,717.6695034333086,1082.752552702256,715.64279405805,1085.8934201741672,713.575846531186,1089.0283762483616,711.499929118596,1092.1722348374742,709.4375338377315,1095.3365065040555,707.406626603894,1098.5316593125137,705.4247092148081,1101.7681711146245,703.5111566586947,1105.0564615420049,701.6881390339308,1108.4065256810647,699.9814684614236,1111.8227032740133,698.4114125595759,1115.3000645427499,696.9818498641667,1118.824395111183,695.6720996126114,1122.3796833518552,694.4486248919686,1125.9510903006412,693.272885329219,1129.5261383853428,692.1082337844016,1133.095739571292,690.9270191078922,1136.6546918786155,689.7141205853397,1140.201038409789,688.4648441062507,1143.7356057123525,687.1826033181424,1147.2614822503376,685.8766372834255,1150.7825337578936,684.5577075926783,1154.302573808148,683.2360789569124,1157.8251478765483,681.921223732765,1161.3536710502763,680.6224284071849,1164.8912338579953,679.3484751289038,1168.4398061250374,678.1055272294223,1171.9992353165621,676.8940095313033,1175.5663792613193,675.7053778578172,1179.1356361669466,674.5230968658929,1182.7004460512921,673.3274946922522,1186.2540466491948,672.0990223568773,1189.7899632881893,670.8205929843446,1193.3033754707799,669.4815880681741,1196.7918863277341,668.0789831200483,1200.2565578487427,666.6184422019367,1203.7018587720063,665.1127446922671,1207.130140576951,663.5686789044462,1210.5429116872463,661.990617765291,1213.941807477774,660.3828815177257,1217.3285722723356,658.7497391554828,1220.705041528941,657.095410618372,1224.0731251251784,655.4240714118677,1227.4347916606703,653.7398591958128,1230.7920536385584,652.0468819154141,1234.1469528407188,650.3492260791274
913,1067.4740261921156,724.2399848439564,1070.900799136151,722.6939726780897,1074.2315843005201,720.9504734471778,1077.4732349928142,719.0460132666977,1080.6442265772314,717.0258206906384,1083.7674890944684,714.9324328731409,1086.865682058792,712.8020501293759,1089.959125888406,710.6647658990319,1093.0655237121473,708.5463798331677,1096.2008693384353,706.4711376190481,1099.3800421889143,704.4637773891769,1102.617286758096,702.551637347707,1105.9251125671053,700.76456289644,1109.3093362190623,699.1269122569506,1112.763924983666,697.6433281957661,1116.2746817615812,696.2977742706516,1119.825256055939,695.0608376490358,1123.4015611030877,693.9001906482903,1126.9914770742976,692.7822342353901,1130.5851111519012,691.6762604865816,1134.1754012889983,690.5594923621784,1137.7584755824494,689.4197998167834,1141.332740776905,688.2527767659259,1144.8980850742753,687.0587734793382,1148.4551766345219,685.8403989712147,1152.004935295324,684.6008172319733,1155.5484121726906,683.343386426793,1159.0867286744694,682.0715036034953,1162.6210216544187,680.7884800777681,1166.1523934763973,679.4974363775285,1169.6819060840314,678.2013174680138,1173.2104307804325,676.9025111324966,1176.7383399114801,675.6020337310807,1180.2650151946025,674.2982147369502,1183.7890063607433,672.9871608742594,1187.3084968975154,671.6640767242172,1190.821394661507,670.3235946141439,1194.3244200868671,668.957539234251,1197.8123658099717,667.553464914712,1201.2797943596634,666.0994907500321,1204.7251987256354,664.5940374957019,1208.1566683270294,663.0570433161324,1211.578823436966,661.4994159161215,1214.9929330276793,659.9242287316196,1218.4002723672616,658.334446946222,1221.8021542060023,656.7330181220256,1225.1999210212496,655.1228752388704,1228.5949375188238,653.5069402722057,1231.9885833324329,651.888128171501,1235.38224680822,650.2693531054857
914,1070.8560674715372,722.8650192218793,1074.1249196192296,721.007781539636,1077.3147475632534,719.0175551333723,1080.4479094093697,716.9390600869889,1083.5490377504398,714.8129632910004,1086.6430011520658,712.6764317711971,1089.752191929557,710.5621585433494,1092.8941597537323,708.4969702045221,1096.0804261390103,706.5008754516421,1099.3190693935899,704.5910120341476,1102.61754636547,702.7865770454341,1105.9817687941581,701.1080244184941,1109.41205935431,699.5690201877536,1112.8996400413316,698.1645216961876,1116.4312375403774,696.8744607408669,1119.993085802545,695.6702333840201,1123.5730989478513,694.5209951678945,1127.1607425860136,693.3957443470081,1130.7475696739239,692.2678976130154,1134.327345956679,691.1178935117878,1137.8956555220693,689.9328202772273,1141.448287343301,688.7015783319029,1144.9833161778538,687.4206644831804,1148.5023309882083,686.09635735291,1152.0098657320827,684.7419076768878,1155.5111341084416,683.3713251616923,1159.011894017672,681.9994430866496,1162.5180903901162,680.6415297468039,1166.0348879554322,679.3113356125291,1169.5653191425927,678.0177760941035,1173.109260246847,676.7616899355319,1176.6631127667442,675.5338947894264,1180.22017020849,674.3154014691393,1183.772488800047,673.0831852767933,1187.3119947746302,671.8146914837648,1190.8292579047466,670.4858882280168,1194.3124078778878,669.0701977257623,1197.7542319927757,667.5568237874594,1201.1577160724614,665.958954744966,1204.54081586412,664.3182226851575,1207.9360891319666,662.7029473424279,1211.3744357831274,661.181828909166,1214.853626387521,659.7562957322173,1218.3558566471113,658.3882612558634,1221.8766835134932,657.0688045787047,1225.4133458012006,655.7923821886524,1228.9632890720202,654.5533594762331,1232.5241430717297,653.3460371292309,1236.0936964127106,652.1646713690812,1239.6698702590031,651.003491676451
915,1071.0754843560662,722.2314134650408,1074.3161045299887,720.3251048881355,1077.4933598258604,718.314721993883,1080.6289792596929,716.2398684984051,1083.7441748125339,714.1344206707525,1086.8583077810451,712.0273988034651,1089.9896052549193,709.9460095305304,1093.1535875778575,707.9147128889471,1096.3610976079867,705.9529263272312,1099.6171278026354,704.0728118506413,1102.9237778606196,702.2832599805226,1106.2826518810002,700.5938227760424,1109.6957067880187,699.0167964550416,1113.1639596576892,697.565240014388,1116.6819599865653,696.2387057873412,1120.2388328908582,695.0200057117536,1123.8216948127672,693.8797745977172,1127.4191193459087,692.7862320011486,1131.0210815557487,691.7076904098471,1134.6198062275928,690.6184125688267,1138.2103127717496,689.5023649564929,1141.7903182519226,688.3530911217351,1145.3579539293635,687.16598820615,1148.9110334790994,685.9360213289023,1152.4479304041179,684.660262585892,1155.9695137958925,683.3428026203096,1159.4788511604847,681.9930367161749,1162.9799026467956,680.6219062190478,1166.4767207149364,679.2400072211113,1169.9733340588236,677.8575900133283,1173.4740832866528,676.4856879169004,1176.9825404884348,675.1336300873699,1180.499775234053,673.8045683270507,1184.0228088321091,672.4909431874596,1187.5459019710179,671.1774774332616,1191.0628844790929,669.8477540349683,1194.5669776685268,668.4844744399302,1198.0490766526964,667.066043408282,1201.498920560266,665.5709582929305,1204.9159937066522,664.0023228107406,1208.31463800607,662.3940386089465,1211.725040568876,660.8110324025029,1215.1986626182018,659.3731936685136,1218.7495347634103,658.1382360121862,1222.3602335121625,657.0906555827355,1226.0154238440155,656.2104133322805,1229.7028475593054,655.4764390337831,1233.4130402360968,654.8675499094808,1237.1389075914274,654.3630165091735,1240.875270925562,653.942884455862
916,1073.6548862504624,721.3832914959985,1076.8004688826709,719.3238900627714,1079.8861089333946,717.1754702600716,1082.9411666112812,714.9836819986807,1085.9921067858345,712.7861535273984,1089.0621535638315,710.6154437510323,1092.1705875002153,708.5001528107085,1095.3312195934448,706.4637662123472,1098.5521340377688,704.5242077599554,1101.8368173292743,702.6947853336292,1105.1864063618102,700.9871677834195,1108.6001596286103,699.4117949627976,1112.075397545661,697.9771823887064,1115.60671897642,696.6867159125338,1119.1834414881596,695.5277887067951,1122.7919875410653,694.4717837478579,1126.4191024181287,693.4812157357028,1130.0540061326199,692.5195258230171,1133.6871526086127,691.5512387926497,1137.309454396485,690.5432493270295,1140.9128638910267,689.469777284133,1144.4920341220761,688.318112054102,1148.0444413030052,687.0863582821798,1151.5703390222423,685.7806070158987,1155.0738044688912,684.4157259957562,1158.5635918571006,683.0161822022881,1162.049752218344,681.607612095941,1165.539157909515,680.2071064064496,1169.0343501108027,678.8211063484387,1172.534566002653,677.4478385874797,1176.0366731196068,676.0793978455466,1179.5350241034803,674.7013948401338,1183.024195280505,673.3003220179024,1186.5040174919013,671.8761730450051,1189.9842304871445,670.4529813684221,1193.4773397850536,669.0618075450541,1196.9834905603307,667.7037653968082,1200.4814108196226,666.3247479432118,1203.947973693266,664.8689213248225,1207.3761511194941,663.3247769215699,1210.7786763240451,661.7247416888381,1214.1818399942852,660.1260793206662,1217.6177323426675,658.599307071487,1221.0963469099236,657.172521574928,1224.6119004335642,655.8392888315418,1228.1588664825222,654.5919735934076,1231.7323181725853,653.4226448130171,1235.3278994146995,652.3231944814007,1238.9417799784849,651.2854291454548,1242.5706045676136,650.3011522906893
917,1076.0828347261402,719.6104900983539,1079.1386694491243,717.4199475686971,1082.151620613294,715.1706558767231,1085.149205347775,712.9008833781604,1088.1589489127075,710.6472922714576,1091.2077114785745,708.4468876207385,1094.3198851276206,706.3373042416422,1097.5126199987803,704.3519548100205,1100.7935291065974,702.5161156170342,1104.1603165371719,700.8429775878413,1107.602144892841,699.3300886537247,1111.1047540165696,697.963584325576,1114.6541412215643,696.7234199062975,1118.2381094542236,695.5868474643819,1121.8462721265305,694.5294217465455,1125.4698740290628,693.5260568594144,1129.1013995194348,692.5516943900996,1132.7341047306563,691.5817296312186,1136.3615521380527,690.5923234980188,1139.9772859642705,689.5610095810451,1143.5752588798493,688.4694210775987,1147.1504986083007,687.3055788869266,1150.6999561086081,686.0653341719576,1154.2235661538682,684.7534143076814,1157.7242269553255,683.3813734266201,1161.2069603393084,681.9643980453179,1164.6773870058748,680.5175141098256,1168.1410092768806,679.0544023373332,1171.603047215101,677.5875426353559,1175.0680346088618,676.1276676597606,1178.5389386232573,674.6819202013021,1182.0161755100323,673.2514697966154,1185.4981837906982,671.8326689149454,1188.9821398767917,670.4186552766631,1192.4644784795687,669.000665585591,1195.940862320779,667.5681501384097,1199.4061075181892,666.1089198427716,1202.8551232426685,664.6117536335855,1206.2850027561615,663.0712588571342,1209.6966344575299,661.490741221787,1213.1021210853692,659.8969931333959,1216.5172489601757,658.3240268586535,1219.94393015938,656.7763910201874,1223.3820279293375,655.2542859412491,1226.8314025726438,653.7579122814271,1230.2919113498094,652.2874708610921,1233.7634084176068,650.8431625563554,1237.2457447693675,649.4251881900902,1240.7387681774385,648.0337484190369,1244.2423408059233,646.6690893343853
918,1077.5509613808297,718.3875277093853,1080.5880068311476,716.1708548491531,1083.6153178745512,713.9408838260816,1086.6543603452262,711.726955182251,1089.7273890262834,709.5605367857025,1092.8570490904444,707.4769368179444,1096.062341386248,705.5118891892432,1099.353450439961,703.6943667069439,1102.7274489724698,702.0357813580232,1106.1731628746422,700.5316933289589,1109.6765678778734,699.1671644216768,1113.2241726441512,697.9218513310907,1116.8041991183502,696.7728738016145,1120.4064778213553,695.695533969672,1124.0222671690703,694.6643443469823,1127.64399833902,693.6541759701736,1131.265046895919,692.6415674284701,1134.8797408009693,691.6065386086008,1138.4831537243913,690.532939290549,1142.0711508079505,689.4089305936836,1145.6409108612502,688.2282988399786,1149.1913294208287,686.9907102360943,1152.7225316328029,685.6992975827053,1156.2353007067068,684.3585400442992,1159.730857875094,682.9735122523077,1163.211188906191,681.5506391333365,1166.6790720787344,680.0976744015242,1170.1378431934822,678.6231379744447,1173.5909441200736,677.135364294228,1177.0418600201156,675.6425267298288,1180.4938357986498,674.152142710072,1183.9491666126953,672.6695550075086,1187.4080776949138,671.195338642391,1190.8686716131526,669.7250752806938,1194.327865666469,668.2515231570093,1197.781990905407,666.7661353818584,1201.2267868316942,665.2592526216584,1204.6572593279925,663.7200635960047,1208.068925730807,662.1396459714178,1211.4619945844968,660.5196528675083,1214.8460538938089,658.8808987588143,1218.2254725821094,657.2325944091385,1221.6015353682178,655.5774262398604,1224.9755302268359,653.9180460623206,1228.3487554287592,652.2571016133927,1231.7225137207324,650.5972404365634,1235.0981065253225,648.941113830876,1238.476828100445,647.2913807708172,1241.8599595986018,645.6507116990675,1245.2487652961688,644.0217969558967
919,1078.8151749269036,717.1419412037594,1081.738571463183,714.7773835481064,1084.6783001212495,712.4331994716091,1087.6591291864781,710.1416036961424,1090.7052318752953,707.9376918610898,1093.8382150103757,705.8593987207795,1097.0712509932137,703.9406448319437,1100.4037160146495,702.2003689883131,1103.8251378424643,700.6421558605316,1107.3206809224196,699.2579921489154,1110.8743403232215,698.0304071761777,1114.4707009723822,696.9338942647214,1118.0967813273674,695.9397883702563,1121.742044506435,695.0182951150641,1125.3978645619989,694.1394916069006,1129.0568367314152,693.2738669397476,1132.7119949420803,692.3923216636281,1136.3561333149585,691.4663942938328,1139.9817674139244,690.470607712382,1143.5820271847226,689.3867549804439,1147.1525929779818,688.2087758113887,1150.6921659878471,686.9406559862194,1154.2021495436013,685.5927353475822,1157.685610364021,684.1776281269523,1161.1461538581534,682.7073265737233,1164.5878399765975,681.1933780623859,1168.015370366742,679.6476240358232,1171.4342716468736,678.0828609938227,1174.8506965624777,676.51269380758,1178.271031033129,674.9510688739734,1181.7016857482176,673.412269734878,1185.1486522039609,671.9103952663678,1188.615779487299,670.4556881445025,1192.1016706416383,669.0465071203511,1195.5994155997532,667.6669648164768,1199.0981183460412,666.289849005322,1202.5857568341917,664.8850071645915,1206.0484087756593,663.4197945772854,1209.4723028640844,661.8662848884754,1212.8492270323773,660.2131540984416,1216.1850255320162,658.478390354392,1219.5059359540398,656.7151753761472,1222.8370329820855,654.9712949673657,1226.1803639094408,653.2509852453907,1229.5356647533488,651.5541398163417,1232.9026747867388,649.8806486971524,1236.2811366128542,648.2303985035419,1239.670796227841,646.6032726263136,1243.0714030764373,644.9991514048315,1246.4827239376607,643.417942267756
920,1080.0568235125954,715.5465256345285,1083.0317881173387,713.2472538117087,1086.0562707605418,711.0136364923319,1089.1491221706385,708.8758291463149,1092.3210036465202,706.8572631750119,1095.5771865354136,704.9778376759429,1098.9185565881094,703.254506247861,1102.3408692494481,701.6981139626049,1105.8333108645752,700.3060604721953,1109.3815179612373,699.0627298849814,1112.9709802873251,697.9437879504701,1116.5894130546967,696.9221683911627,1120.2269358816793,695.970573926801,1123.8754345402162,695.0618572944145,1127.5278894198607,694.1691331137387,1131.1777172264121,693.2657560678417,1134.8180468208852,692.324926426665,1138.4417094935368,691.3219436518722,1142.0419526962253,690.2379894575945,1145.613853193101,689.0640391183756,1149.1554234975147,687.8015082881901,1152.6674634132821,686.4589576120891,1156.152842537554,685.0485830762972,1159.6155689274065,683.5834254577308,1163.0606631514127,682.0772390190266,1166.4942097939606,680.5448851772777,1169.9223877996083,679.0005482671689,1173.3500350759352,677.4550327794536,1176.780023130243,675.9147208538419,1180.2143395031364,674.3840862331999,1183.6546359279976,672.8669434342704,1187.101919153917,671.3657439263321,1190.5547977609335,669.8774546745707,1194.0088335969276,668.3918508225601,1197.4570771014883,666.8928677852783,1200.8907783253114,665.3609112369954,1204.299364659301,663.7739368161127,1207.6716495826508,662.1113046879822,1211.002195067371,660.3665271344597,1214.2984534887887,658.5577120308237,1217.580266903574,656.7227534049662,1220.8884823337614,654.9361012826218,1224.253135538208,653.2582407554071,1227.669723535257,651.6887791149542,1231.1312475112306,650.2210253204211,1234.6313638080187,648.8477852075891,1238.164391822618,647.5615293980873,1241.725293411201,646.35453144678,1245.3096323383795,645.2189757749878,1248.913549074837,644.1471336944711
921,1082.8283262135205,713.3705830920549,1085.7959267314452,711.061910141349,1088.829775628487,708.8411241946802,1091.941255248916,706.7305975489603,1095.1397029494779,704.7545441957922,1098.4348577021851,702.944656621156,1101.8339529125144,701.3388482105315,1105.3307746187518,699.9587598491321,1108.9055230570107,698.794705444023,1112.532272594779,697.8036758630819,1116.189975003297,696.9331375716458,1119.8629946154479,696.1292911552115,1123.5394983420044,695.341447388946,1127.2101691937248,694.5269506439906,1130.8686509625697,693.6594500549214,1134.5106214285347,692.7251079132906,1138.1325465896784,691.7159043758418,1141.730390797764,690.6240109629023,1145.2998326550094,689.4426126486198,1148.838025358917,688.1706688449023,1152.3446390884408,686.8140376702763,1155.8219121805887,685.3838217099717,1159.2733338943253,683.8922535061118,1162.7032021071154,682.3517315842278,1166.1163617087727,680.7745086498705,1169.5178908279365,679.1723394837267,1172.9125850824407,677.5557299831337,1176.3047035010686,675.9337197776309,1179.6981005202942,674.3143875231393,1183.096473669605,672.7055296305239,1186.5034905143427,671.1150673684634,1189.9229003632497,669.5514418235362,1193.3572498239016,668.0209152446423,1196.8061461305215,666.52344581377,1200.2649030954842,665.0488745684567,1203.726371083977,663.5806707221359,1207.1821055450175,662.0990405107494,1210.6231219136184,660.5835848437534,1214.0408965770025,659.0164663446703,1217.4301864083661,657.3886733538703,1220.7931638683094,655.707133280965,1224.1385436177227,653.9908218745732,1227.469043031827,652.2458060344491,1230.7858454608531,650.4748901966274,1234.0901990785037,648.6808496328064,1237.3834086167446,646.8664304672722,1240.6668275786637,645.0343507847572,1243.9418508734395,643.187302596176,1247.209907849355,641.327954531123,1250.472453570368,639.4589514334846
922,1084.3778124661449,711.9412654396555,1087.4381381709836,709.7570041779088,1090.5608757020502,707.6630414457946,1093.756310145201,705.6819359334347,1097.0344020883008,703.8410393648663,1100.40231044862,702.1703931133569,1103.8582265807872,700.6903982251996,1107.3894280702868,699.4000736054583,1110.9775592298683,698.2773219979513,1114.6059602450914,697.2920364411431,1118.2613812728514,696.4119280208281,1121.9336293296565,695.6046493374968,1125.6146686408038,694.838308203705,1129.297701244256,694.0815709485831,1132.9763003207245,693.3036389293245,1136.6435650191981,692.4740810647529,1140.2912273838126,691.5624273704294,1143.9087571511059,690.538016095857,1147.4853431970485,689.3788673534824,1151.01343300478,688.0795457300158,1154.4917187790531,686.6521182995247,1157.924090393181,685.1174172225225,1161.3173437202618,683.4979544465547,1164.6799303540365,681.8156552626378,1168.023563884812,680.0959338108496,1171.3637761787918,678.3695630551979,1174.71416021181,676.6630392390367,1178.0821228396137,674.9914955774336,1181.4701116550777,673.3609356292953,1184.8799278233946,671.7765431474119,1188.31264618133,670.242408663378,1191.7672977545894,668.7583088062711,1195.2393459480825,667.3153399633748,1198.7197213957388,665.8925379734208,1202.198544095771,664.4659488349436,1205.6645135995675,663.0084921204524,1209.09810366893,661.4765265444538,1212.4776119275443,659.8289379529058,1215.7955070753287,658.0603867558957,1219.069370965805,656.2113533308859,1222.3361924897026,654.3498605436114,1225.6455667129778,652.5655210611637,1229.0171940505156,650.9017207782217,1232.4379763881534,649.3413727797031,1235.8998660606194,647.8744259772538,1239.3964644099344,646.4921915661272,1242.9220425688068,645.185588598405,1246.4715061029885,643.9452890758693,1250.0403374386499,642.7618281786056,1253.6245252343012,641.6256858041847
923,1085.472475741355,710.1349095352917,1088.5347512657518,707.9538044661921,1091.7074585247092,705.937002968024,1094.9929873144836,704.109825530173,1098.3807367423215,702.4799168360357,1101.855554157591,701.0448234932128,1105.4016893367982,699.7961054282983,1109.00344108185,698.7179207052391,1112.6459998472344,697.7864660447483,1116.316605753652,696.9721216522536,1120.0047593464776,696.2409989001159,1123.7019505569003,695.556826787017,1127.400973674811,694.8825828335858,1131.0950212823502,694.181708784215,1134.7765730318986,693.418160489083,1138.436683788413,692.5580018516299,1142.065166934291,691.5731695488822,1145.6523974251954,690.4474315454338,1149.1921661741876,689.18028629727,1152.6829984230662,687.7838260508593,1156.1278931673446,686.2774678758592,1159.5325270651797,684.6820892463214,1162.9043810544738,683.0184663313961,1166.2522553706747,681.3070416597858,1169.5854260910974,679.5671231907282,1172.9123258216364,677.8152327497095,1176.239542477192,676.0639446349132,1179.5723881424483,674.3233988153914,1182.9155606389572,672.6027827453875,1186.273500591235,670.9111829843949,1189.649830399897,669.256608855459,1193.0460230323622,667.6432006640736,1196.4605339651698,666.0689148130267,1199.888655573838,664.5244695365958,1203.3240439901367,662.9962407125876,1206.759857999753,661.4689680291096,1210.188803285712,659.9263531794378,1213.602764689072,658.3508899661267,1216.9941918240245,656.7275251060254,1220.358961512323,655.049608014585,1223.7029201860623,653.3305175877491,1227.0446919709705,651.6071656419311,1230.3898237169929,649.8903448395491,1233.738475516601,648.1804001841592,1237.0907994598078,646.4776661207143,1240.4469455548924,644.7824782288743,1243.8070616203897,643.0951732494893,1247.1712931749137,641.4160891064989,1250.5397833247864,639.745564924012,1253.9126762215353,638.0839483094474
924,1086.5306215748433,707.8077959874805,1089.6791194538462,705.7539802099768,1092.9745560475449,703.9455983136603,1096.4005534441692,702.3985747235743,1099.9285561698414,701.1003050685777,1103.5277183607986,700.0139491713022,1107.1732862986344,699.0944844132334,1110.8474015541094,698.2961002689735,1114.537511891503,697.5748497024447,1118.2343567844316,696.8887733943606,1121.9308196109068,696.2006488211789,1125.6213894700804,695.4816698905206,1129.3018948489478,694.7129099533229,1132.9689694965145,693.882510653961,1136.6190872735203,692.9805588977093,1140.2482722875727,691.9978278059434,1143.852112744782,690.9259381709927,1147.4260831378776,689.7583535039605,1150.9668497485102,688.4936417383667,1154.472996798851,687.1358626413332,1157.945013259493,685.6929981469439,1161.3843125101962,684.1737567780073,1164.7927245455091,682.5864003840195,1168.172349168406,680.938615699306,1171.5254592908464,679.2375047748268,1174.8544943219779,677.4897298310418,1178.1631721859476,675.7036957983637,1181.4578783888476,673.8919942851218,1184.7479986667865,672.0719689181909,1188.0446648357865,670.2638421660318,1191.3593391990266,668.4889864936006,1194.7023571509455,666.7681755227803,1198.0805882701336,665.1176064713035,1201.4940573530457,663.5411797683744,1204.9337833208133,662.0228026800073,1208.385207675329,660.53114358002,1211.8305195951384,659.0254622700087,1215.2494109436425,657.4608763318381,1218.6219279572738,655.7988849703225,1221.9365934273117,654.0243147183926,1225.2022820334253,652.1609051591206,1228.4531640193136,650.2716861804937,1231.7019075340297,648.37879169995,1234.9496125756357,646.4841158398136,1238.1973393065036,644.5894771621424,1241.4461485291672,642.6966954717989,1244.6970987915631,640.8075938843841,1247.9512434620713,638.9240008633199,1251.209627751651,637.0477521910908,1254.4732942704966,635.1807079320592
925,1088.900940709687,706.0846686892778,1092.1682918534357,704.2259497910317,1095.5713452166171,702.6291138829176,1099.0764350436355,701.2699636354664,1102.6520303571697,700.1082363072254,1106.2764944203032,699.1088827786208,1109.935260709283,698.2430902765526,1113.616738587654,697.47923623654,1117.3122948676175,696.7864330537517,1121.0155561044214,696.1359163797008,1124.7212499434186,695.4993502212212,1128.4240265255148,694.8460954913369,1132.118296412294,694.1464932276272,1135.7982987948267,693.3755188369425,1139.4583070010292,692.5147673961076,1143.091926857952,691.5488066215556,1146.6918611802419,690.4641592036864,1150.2507562665924,689.2516788557224,1153.763017305693,687.910077019564,1157.226358507736,686.4467454688573,1160.6414047170908,684.873914537849,1164.010804489498,683.2054653711614,1167.3383571662932,681.4549842185378,1170.6292051855223,679.636383202345,1173.8913314084589,677.7666962747994,1177.1358710086965,675.8666154292378,1180.3760454614462,673.9590903407482,1183.62457957349,672.0658543365353,1186.893046331731,670.2072814850061,1190.1922450952798,668.4038942783016,1193.5319581818167,666.676774965344,1196.9174579645287,665.0412692452463,1200.3412251732718,663.4873238027135,1203.786294158287,661.9810646978978,1207.2339440774238,660.4807035853867,1210.671804143244,658.958077223221,1214.0903891500839,657.3927029417637,1217.4821932154941,655.7701543883103,1220.8432160745374,654.0847669118853,1224.1761341042795,652.3444234520483,1227.4882226840937,650.5647148917279,1230.7998341620757,648.7841279318318,1234.1414684553972,647.0606492637949,1237.516545956768,645.4035999930414,1240.921592277984,643.8090222626853,1244.353363724862,642.2727874568106,1247.8088445440385,640.7906354266595,1251.2852395742773,639.3582091232282,1254.7799627945137,637.9710833960058,1258.290625201206,636.6247941359321
926,1090.0447966531246,704.7204030793829,1093.422701635958,703.0706321982856,1096.8939895230171,701.6269577623714,1100.4322973505598,700.3560348063922,1104.024999609697,699.2480939342101,1107.663109376228,698.2997518869497,1111.3384669350592,697.507880035051,1115.043155692856,696.8668425559736,1118.7681212273958,696.3560408637115,1122.5040900756767,695.9322125807877,1126.2431623797254,695.5363379145423,1129.978294673482,695.105298414285,1133.700728024088,694.5766152349811,1137.3978874164247,693.8942170489046,1141.0536723362884,693.0173443334456,1144.6524442646237,691.9299771497751,1148.1860766782347,690.6463524334731,1151.655589107792,689.1979694051604,1155.0695497526435,687.6228188461128,1158.4406165117782,685.9576640332971,1161.7819513475877,684.2335281095313,1165.1031923918858,682.4709619972298,1168.4096094008312,680.6807317184548,1171.703355046786,678.8672889854987,1174.9858946501095,677.0336370539584,1178.258085773636,675.1815798466943,1181.5214083372648,673.3139364116448,1184.7797416027197,671.437597470838,1188.0407113488325,669.565848489654,1191.31338330785,667.7146565098567,1194.6067921954325,665.9006495979198,1197.9290221752253,664.1400303598093,1201.2862645299817,662.4471756913373,1204.6799031716137,660.8285222026586,1208.1054391203097,659.2784506021093,1211.5532264532756,657.7784480612095,1215.0109967960316,656.3015590369282,1218.4647807873664,654.8153926714689,1221.8993810178267,653.2855105333027,1225.3004941430247,651.6826518298376,1228.6618416890365,649.997978982567,1231.9951639262401,648.2583740462578,1235.3140695965756,646.491402789827,1238.6206566591313,644.7014817707396,1241.9162277486516,642.8913552740345,1245.2021353717118,641.0637426777166,1248.4797744443235,639.2213400963301,1251.7505751957253,637.3668227621052,1255.015996404237,635.502848016936,1258.277515560272,633.6320529472081
927,1091.9847918248406,703.2512451788326,1095.4746825557656,701.8542731263603,1099.0530653475444,700.7019413884071,1102.69218696437,699.7579938318253,1106.3711239894837,698.9828037147533,1110.0748041253898,698.3353824774293,1113.7928521063889,697.7758232550611,1117.5181392329034,697.2663775439421,1121.2452224088645,696.7701601294111,1124.9690885699022,696.2504888839626,1128.6842436426552,695.6720923254913,1132.3847719768896,695.0067765379669,1136.0645484377847,694.2350729253805,1139.7173761687188,693.344620080408,1143.336769124114,692.3268453932855,1146.9160850284484,691.1760948157283,1150.4488007402904,689.8894066370693,1153.929214668861,688.4672968925585,1157.3538222583404,686.9155496920725,1160.723445662671,685.2476662912644,1164.0433608327594,683.4827964418369,1167.3219455641652,681.6421983759595,1170.5685410512663,679.7456849256156,1173.7928983023812,677.8115670045893,1177.0051286715848,675.8573547687646,1180.215826094874,673.9006224634242,1183.4363301466744,671.960091683805,1186.6788893741546,670.0566882099997,1189.953412845707,668.2088665561354,1193.2645292045643,666.4274593723177,1196.610377707147,664.7121562858993,1199.985649779627,663.0554626835439,1203.382789612004,661.4440387000033,1206.7929342340221,659.8602882231295,1210.2073014333257,658.2856514757786,1213.619971427329,656.707341924581,1217.0276665406097,655.1183225724329,1220.4284353923733,653.5145372220613,1223.8201626349767,651.8917233352398,1227.2003543346505,650.2450243985854,1230.5661103834605,648.5690269490655,1233.9199796579364,646.8693416162173,1237.2731319236873,645.1682382515098,1240.6287226811558,643.4719503797418,1243.9871992460214,641.781383618235,1247.349004148227,640.0974455613066,1250.7145747933753,638.4210469177225,1254.08434273745,636.7531018905723,1257.4587329429585,635.0945285237156,1260.8381699339154,633.4462632422827
928,1094.6917694637696,702.4544847382359,1098.2528838594924,701.249645915415,1101.8760647964868,700.2462223833462,1105.5422387450058,699.4128426440647,1109.2367516346371,698.7151565775129,1112.9490965698774,698.1191133208598,1116.6719225285497,697.5921296626549,1120.3999423485445,697.1030400484238,1124.1289989958916,696.6218786718659,1127.8552399470816,696.1194787183606,1131.5743728697296,695.5671318743291,1135.280950704866,694.936309628643,1138.9676611303742,694.1985470135711,1142.6245219054013,693.3251653368549,1146.2379979130487,692.2872270657159,1149.7913771744954,691.0594796166179,1153.2720908010997,689.6387038526203,1156.6767779260842,688.0440320679654,1160.011394924855,686.3073504310198,1163.2866424820986,684.4609547643165,1166.5160385039362,682.5353586733564,1169.7146410570715,680.5589560198865,1172.897037032581,678.556529610539,1176.0752836676422,676.5475168477838,1179.2594364668844,674.547886545058,1182.4598507795454,672.5744148144686,1185.6883328229571,670.6472637274506,1188.956068096573,668.7875025790787,1192.2642984705683,667.0007606039782,1195.607006645837,665.2793268212541,1198.9756642757613,663.6091992887038,1202.3628538167306,661.9769509815666,1205.761480384425,660.3686315991274,1209.1664904176034,658.7738646686576,1212.575194775615,657.1870077095954,1215.9860067111813,655.604684612752,1219.39499625582,654.018442219079,1222.7951069489066,652.4132783732625,1226.176681641452,650.7694751174961,1229.5306541890802,649.0700867705326,1232.8585106113703,647.3200673355345,1236.1735311126397,645.5458018195584,1239.489407056473,643.7731348055014,1242.8087314036898,642.0069338342807,1246.1312572436748,640.2467623183935,1249.4562547051726,638.4912638298838,1252.7829996907076,636.7390789616411,1256.110772185103,634.9888461783388,1259.4388545439033,633.239202628377,1262.7665284154436,631.4887823588609
929,1095.8639388514355,701.4650812762537,1099.4508451197294,700.3407681576832,1103.1117346283927,699.4863361183398,1106.8163783625923,698.8459101000076,1110.5445638296467,698.3593789264953,1114.2844604941208,697.9719540767335,1118.02928605408,697.6349057294863,1121.7745474797673,697.3026813401046,1125.5160035341712,696.9304334974624,1129.2482773326167,696.4758529872906,1132.9641046327758,695.9026840145021,1136.6546297573343,695.1847947127044,1140.310046057513,694.3056578540879,1143.92021140932,693.2561703276705,1147.475777932543,692.0344179886071,1150.9702788437755,690.6475323923744,1154.4019688131998,689.1116367583026,1157.7734819785892,687.4476396427791,1161.0907675918425,685.6778788760259,1164.3618871676995,683.824079944609,1167.5958488651793,681.9061276043536,1170.8013181308552,679.9408870239808,1173.9859977609206,677.9421090856041,1177.1568736646116,675.9214902579903,1180.3211303060973,673.8905146315177,1183.4864650702593,671.8612209362703,1186.6616554000364,669.8473971299438,1189.8570960042973,667.8658951015653,1193.0831066129865,665.9346121159587,1196.3467286656028,664.0676279720246,1199.651093330617,662.2737658356249,1202.997005276192,660.5586648700537,1206.384415982555,658.9270699521828,1209.8101240062892,657.3774567331812,1213.2664516165403,655.8973030975773,1216.7411930381247,654.4608204725462,1220.219189371815,653.0322168483619,1223.6818010551838,651.5668378181696,1227.1101332770504,650.0231110656562,1230.4931879055205,648.382557083076,1233.8360702302903,646.6614854924256,1237.1595319064377,644.9030847451885,1240.4843885661196,643.147320696199,1243.8131544834503,641.3989797208352,1247.1459827824044,639.6583954223602,1250.4830244016928,637.9259027525054,1253.8244279412936,636.2018379530377,1257.170339551356,634.4865385768798,1260.5209028186982,632.780343504083,1263.876262867446,631.0836013151057
930,1098.8061838982453,700.8645837625842,1102.4661911974692,700.0048509286439,1106.1590966604808,699.2989554184246,1109.8722785898417,698.708303370349,1113.5976473424398,698.199746195891,1117.330107403587,697.745901350603,1121.0662072039795,697.3229231956773,1124.8032481532275,696.9083052471985,1128.5384968290534,696.477918298235,1132.2683497530509,696.0032883357297,1135.987340022562,695.450381997879,1139.6870810598423,694.7812525872799,1143.3551459561043,693.9566106556639,1146.974330544541,692.939271514522,1150.5243516837345,691.7022938128648,1153.98944697351,690.2441984328157,1157.3644834496133,688.5879512531315,1160.6551200685399,686.769460280971,1163.8741705932275,684.8268258500775,1167.0373041701248,682.7942593889762,1170.160413658173,680.7006271964499,1173.2585753739206,678.5702055462606,1176.3459415009759,676.424150883069,1179.4363531577662,674.2824893443819,1182.543941585141,672.1658588570388,1185.6832226152076,670.0965875193839,1188.8673136020143,668.0970284566048,1192.103636226521,666.183212007065,1195.3912417958434,664.3588765872971,1198.723780893202,662.6179195811322,1202.0926660486816,660.9483161485707,1205.4888809406552,659.334973454994,1208.903688402226,657.761322682429,1212.3294675693498,656.2116798034717,1215.7600805750103,654.6727592438626,1219.1905963753852,653.1336220936993,1222.6165869111828,651.584444263095,1226.0338770567848,650.0161782390253,1229.4389681467032,648.421606588138,1232.8305467527907,646.7984902074269,1236.2120239410847,645.1544183271385,1239.5870998872524,643.4972418055228,1242.957365001106,641.8303012318243,1246.324320597504,640.1566847782268,1249.6894864656795,638.4794719203056,1253.054393012194,636.8017387612912,1256.4205734918921,635.1265635525089,1259.789556229559,633.4570322580867,1263.1628567339174,631.7962440120511,1266.5419781116607,630.147333811944
931,1101.479230835348,700.0365045648076,1105.1764369417513,699.3537586729417,1108.8967526476192,698.8103987117076,1112.632179748032,698.3824741529579,1116.3763934000704,698.0391455649211,1120.1247240039156,697.7436241555573,1123.873776400796,697.4573021353627,1127.6204151444315,697.1412648015249,1131.3605775019776,696.756646655975,1135.0882308021273,696.2660404508587,1138.794456698103,695.6342512144619,1142.466611656747,694.8283051002928,1146.087900957804,693.8185915057525,1149.6388889067716,692.5845076529278,1153.1020605233375,691.1220049322036,1156.468367426457,689.4482370397932,1159.7423348149816,687.6000055822494,1162.938182596351,685.6194698705605,1166.074724946137,683.546107869054,1169.17208661611,681.4145558739012,1172.2491788669442,679.2538038646292,1175.3204707686507,677.0848063113676,1178.3965279170789,674.9225768660392,1181.4860112160209,672.7795888038868,1184.5978513075602,670.6692240555017,1187.7424256925713,668.608001404016,1190.9304260965168,666.6146752103485,1194.1690148115522,664.7046827437027,1197.4587685112824,662.8842273212638,1200.794350388421,661.1491231312567,1204.1681520480383,659.48949868108,1207.5725986031907,657.8936322723799,1211.0016641176298,656.3513465735587,1214.4517103810126,654.8565637763768,1217.9180675522591,653.3999738352259,1221.3926586340292,651.9631033604534,1224.862880251581,650.5157390822577,1228.3119864565758,649.0188904002451,1231.7184973151425,647.4277548641771,1235.0670515054576,645.7180249242394,1238.371354877005,643.9239140508023,1241.695766113384,642.1675348847275,1245.065050181295,640.4988357352836,1248.4741672186524,638.9130665713933,1251.9181312499043,637.4044389489115,1255.3923819965928,635.9668990303105,1258.8927750578691,634.5942111878875,1262.4155602166538,633.2800259497362,1265.9573513246578,632.0179328451853,1269.5151086616265,630.8015529693555
932,1102.8708055506254,699.8080734217576,1106.6073428493985,699.3900988752154,1110.3519831280844,699.0512508746552,1114.0994903544722,698.7453793151981,1117.847050756046,698.440150367116,1121.5926621167728,698.112005990405,1125.333810092645,697.7366426837534,1129.0668354552736,697.28800023704,1132.7865020642448,696.7399065163563,1136.485758312796,696.068080421374,1140.15578186197,695.2518274907618,1143.7858404902156,694.2733102501412,1147.3632404572204,693.1172366110619,1150.874501975145,691.7737018844267,1154.3087495430611,690.2439742615705,1157.660368657053,688.5406758359067,1160.9300197118869,686.6847041132783,1164.1244726249445,684.7019277910011,1167.2552783312337,682.6199648650335,1170.3365986722067,680.4653396211111,1173.3840025150198,678.2629425360802,1176.4137631818105,676.0363053089459,1179.442471042478,673.8082344124765,1182.4867933703983,671.601574415547,1185.5635627731801,669.4404503157591,1188.689177445681,667.3506983051482,1191.877230962483,665.3576067609656,1195.1316916529588,663.4749350193154,1198.446938925209,661.7014108101969,1201.8115330208848,660.023279236846,1205.2131703462233,658.4214653421785,1208.6405043299937,656.8753202220036,1212.0830401746598,655.3632756846016,1215.5315833512973,653.8649661111214,1218.9795660596733,652.36536736101,1222.424200508513,650.8580949256158,1225.8648768081766,649.3418087464502,1229.3020087044335,647.817504256226,1232.7357832824532,646.2856536893031,1236.1624302659282,644.7379339282373,1239.5825765237432,643.1758912604979,1242.9872718992667,641.5806227594583,1246.3385553426137,639.8763333800275,1249.6259807782412,638.051820162556,1252.8525579370014,636.1216641682988,1256.022638499367,634.0999952038691,1259.1416166924805,632.0002931566567,1262.2156767376268,629.8353197871126,1265.2515814600656,627.6171259799772,1268.2564776881507,625.3570790479572
933,1106.0505599332787,699.6213535403693,1109.8045639141453,699.4106125829521,1113.5610441606334,699.2488058091029,1117.3177394306308,699.0919567782225,1121.0727992629313,698.9004144586366,1124.8237695467158,698.6414859775091,1128.5667570652834,698.2859489317198,1132.2953886894843,697.8032811723037,1135.9998850960242,697.1617674576419,1139.6671530417434,696.3340078038494,1143.2825150356177,695.3031468298825,1146.8315694759121,694.0631581707017,1150.3012391772195,692.6158447494367,1153.6803213749226,690.9679970991099,1156.9656011073926,689.1400628525728,1160.165423089329,687.1660459653378,1163.2976008193164,685.0861556945008,1166.382084234667,682.9360424573698,1169.4384001862531,680.7460121613678,1172.485410036422,678.543033614675,1175.539505409429,676.3498981509027,1178.6113815021597,674.1817529146928,1181.7051663421785,672.0449920792313,1184.8228148010576,669.9432093779666,1187.966069988849,667.879924851673,1191.1366069050564,665.8588252371534,1194.338656760983,663.8880653302016,1197.583365579846,661.9884799572492,1200.8812255945002,660.1827975613737,1204.229869725205,658.4730865135015,1207.6182748306658,656.8434830794386,1211.0344847765627,655.2729234069211,1214.467893670714,653.7402735385718,1217.9090602292022,652.2251011454955,1221.352853889192,650.7159062464747,1224.7982155999248,649.2102951019032,1228.2488047357062,647.7167175544871,1231.7108169330284,646.2498175059274,1235.1783538193001,644.79600473229,1238.6408100966003,643.3301536431286,1242.0898713077,641.8330747092508,1245.5264652523156,640.3075630881443,1248.9688903076164,638.7952884607521,1252.426828065355,637.3188287062346,1255.8987111007657,635.8754583021756,1259.3827592783337,634.4616978073883,1262.8772838681036,633.0740284199292,1266.3806782024262,631.7089012978396,1269.8914075435555,630.3627451437886,1273.4080026344807,629.0319835908487
934,1109.2976348435645,698.4951712149459,1113.0559160725215,698.3854561928015,1116.815641416631,698.3447360220205,1120.5755840893573,698.3301751319659,1124.335376358166,698.2957633402715,1128.0938040115495,698.1916005748067,1131.846653993313,697.9643895690575,1135.5840679904784,697.5576055618108,1139.2872999290905,696.9115975286667,1142.9257364838734,695.9682236434348,1146.4589854561336,694.6867629072085,1149.854254035072,693.0740601998955,1153.1222930992883,691.2157992489641,1156.3044128494964,689.2131976129717,1159.4391689980184,687.137061846158,1162.5459599922215,685.0192543489517,1165.635384899867,682.8761732276154,1168.7164023975242,680.7210139529016,1171.797089947236,678.5653827197253,1174.8837706392474,676.4183451378509,1177.9802242546887,674.2854299688404,1181.0892863278068,672.170940218809,1184.2142062036378,670.0799652637263,1187.3589002096815,668.0188600547874,1190.5273113212024,665.9944171646728,1193.7232596150045,664.0137497274629,1196.9503043134687,662.0841819043172,1200.211669230744,660.2132309544041,1203.5100423137617,658.4083465229032,1206.846549535313,656.6749853375743,1210.220049663401,655.0147608852412,1213.6276884080864,653.4257686318199,1217.0662358093196,651.9048002958846,1220.532521230826,650.448132836491,1224.0220532177325,649.0480241293541,1227.5281064644785,647.6897597292177,1231.0413707781122,646.3502244196727,1234.5504539804128,644.9997986062776,1238.042307434544,643.605527780557,1241.5054037347713,642.1413560514469,1244.93812221883,640.6072292643344,1248.3616662117433,639.0526476526169,1251.7903394090781,637.5094140027442,1255.224390113658,635.9781835156523,1258.6635791800818,634.4585287431763,1262.1076717646276,632.950019774523,1265.556437206389,631.4522244261033,1269.0096489003686,629.9647084180609,1272.4670841642285,628.4870355400611,1275.9285306212785,627.0187832222653
935,1111.1533171968767,699.5828947758308,1114.911407878293,699.7010598294133,1118.6710334180996,699.7431600845104,1122.4300714253684,699.6683418664144,1126.1837286500484,699.4546095544767,1129.9254115577212,699.0871475900118,1133.646448228692,698.5499330054199,1137.3355236043753,697.8254798660302,1140.978607685691,696.897351939892,1144.5603959150499,695.7554312317433,1148.0670628274977,694.4002371135556,1151.4891169042164,692.8435588001221,1154.8237376132224,691.1072422319537,1158.0754764784936,689.220027511533,1161.2546664096667,687.2128296236266,1164.3729479709505,685.112137635309,1167.44167292514,682.9396197005852,1170.4718481692753,680.7135996444006,1173.4744608157343,678.4505064138655,1176.4605362589173,676.165618904902,1179.4412322413841,673.8737123319218,1182.427962318287,671.589681596345,1185.4325824193932,669.3292591052991,1188.4676873758524,667.1099802906657,1191.5465924945458,664.9519499109796,1194.6803742831507,662.8744849430987,1197.8748301735673,660.8916236850691,1201.128985503864,659.0083405355685,1204.4384035645846,657.2239269557725,1207.7970849708972,655.5340206546418,1211.1985226323904,653.9318656815534,1214.6363666915772,652.4093504617149,1218.1049522639844,650.958190935084,1221.5986525973874,649.5685334532259,1225.1111822045068,648.2271274278817,1228.6352189040592,646.9162082126891,1232.1630344628477,645.6154770861137,1235.6868573307058,644.3039837252268,1239.1996890007615,642.9633572408476,1242.6971555214523,641.5831592262049,1246.1785578423176,640.1629188161843,1249.6449308060087,638.706372037096,1253.0974369006128,637.2172466751676,1256.5373408081286,635.6992302330641,1259.9659957354747,634.1559688084669,1263.3848304704843,632.5910679777506,1266.7953371720748,631.0080953874625,1270.1990598638984,629.410584768728,1273.5975835635297,627.8020411084368,1276.9925212197002,626.1859409892413
936,1114.8749961946091,701.434184936652,1118.6314212494449,701.5890687393653,1122.3905506183712,701.5404226736105,1126.1397977402314,701.2644835675017,1129.8651856684892,700.7599815511991,1133.5517515070046,700.02386034622,1137.1835158768286,699.0528290891245,1140.7468600114207,697.8546695657122,1144.2339016800613,696.4495704359432,1147.642955901856,694.8643293605475,1150.9771780063543,693.1269946423675,1154.2422925570518,691.2628713529352,1157.4450118728685,689.2933671798943,1160.594094830946,687.2391006252147,1163.6998757348676,685.1198708542752,1166.772664037136,682.9530399363958,1169.821107145151,680.752067366127,1172.8530770545935,678.5284429886366,1175.8761614008092,676.2927463618798,1178.8978183160912,674.0551197547477,1181.9254078107388,671.8255312610048,1184.9662465306176,669.6140574019468,1188.0276171191986,667.431111659076,1191.11677462965,665.287693808601,1194.2409745052846,663.1957177971318,1197.4072387046692,661.1680166065239,1200.6217617407806,659.2177772943794,1203.889159258032,657.3575340373196,1207.2115088773776,655.5973497806558,1210.5866885873581,653.9407084437977,1214.0091139892083,652.3839558113921,1217.4713236909204,650.9177386487394,1220.9655295223506,649.5294170585147,1224.4834732341535,648.2023133807782,1228.0169762934806,646.9171499091643,1231.5585430614258,645.654346278299,1235.1016354232806,644.3958239002535,1238.6395580161716,643.122861083057,1242.1654763694903,641.8170573182457,1245.6739687663346,640.4651499914141,1249.1655678729894,639.0701555514307,1252.652881944848,637.6644490854682,1256.1471694194013,636.2761751158733,1259.648981537417,634.9069919456409,1263.1580974760989,633.5566375215474,1266.6743009564595,632.2248470394173,1270.1973802376492,630.9113531388036,1273.7271281026249,629.6158860856008,1277.263341837389,628.3381739472563,1280.8058332517508,627.0779711474623
937,1114.8334045849683,700.9837532519817,1118.5926117849922,701.0536323149048,1122.35215451751,701.0096335282933,1126.1074972402987,700.8281818805513,1129.8512466709635,700.4830588249686,1133.5721869116828,699.9460145314727,1137.2543933968075,699.1883718099007,1140.8780009047446,698.1877014836083,1144.4223132309737,696.9349483854503,1147.8696362031706,695.4357073235682,1151.2091253020474,693.7093157587003,1154.4399418345506,691.7868865669683,1157.572293571622,689.7075740076754,1160.6237853205193,687.5110830413794,1163.6145395694696,685.2324429764694,1166.563764566093,682.9002287635909,1169.4881232153593,680.5368732624152,1172.4026341771366,678.1613715114414,1175.3215851089797,675.7913330109113,1178.258898723725,673.4441137331855,1181.2275933790297,671.1367474133312,1184.2376245036933,668.8836095932605,1187.2947376857894,666.6948049858564,1190.4017117081162,664.5773937487791,1193.5600727503952,662.5374466113211,1196.7710000794964,660.5813092455303,1200.0356117632755,658.7161779656725,1203.3544001642626,656.9492763801827,1206.725659308345,655.2846565208275,1210.1426900981617,653.7160639802222,1213.5947810307348,652.2260932452639,1217.0698534733624,650.7904429487637,1220.5568931266157,649.3840626675374,1224.047997984376,647.9877924724183,1227.5399624305126,646.5936730824111,1231.033506111113,645.2035177218836,1234.5318576657412,643.8255149653604,1238.039656465425,642.4717666179921,1241.56370596991,641.1609692022316,1245.1095481814098,639.9103739147178,1248.6785243198024,638.7274176687989,1252.268041243011,637.6083018786976,1255.8750184503936,636.5467767747455,1259.4966840476136,635.5364704767967,1263.130548161957,634.5709320089976,1266.7743718786155,633.6436639167817,1270.4261332011083,632.7481455093529,1274.0839912001547,631.8778480454159,1277.7462491593556,631.0262432672935,1281.4113187863056,630.1868134578762
938,1119.7552133984564,701.6186644675133,1123.514893078141,701.6445694056176,1127.272415238349,701.5178871757665,1131.0188350592903,701.2044333293204,1134.739765644702,700.6684708895244,1138.415451031026,699.8806069981837,1142.022710532532,698.8230684446437,1145.5383278675185,697.4922937438258,1148.9429842350805,695.8987771821701,1152.2282292275058,694.0713234023007,1155.3993017761647,692.0518180034818,1158.472595213437,689.8861014084199,1161.4688196904947,687.6147487977524,1164.4105566529372,685.2731307095451,1167.3195312603839,682.8908751540938,1170.2138718820613,680.4908406963772,1173.1065311620541,678.088778287335,1176.0074905898111,675.6967527495998,1178.9249952697437,673.3249461862387,1181.866097704276,670.9824796522598,1184.8368617801395,668.6777642484612,1187.843152540424,666.4196093587052,1190.8908885180306,664.2177428214786,1193.986065631738,662.083120588053,1197.134752255741,660.028302368402,1200.3429035371248,658.0676966568645,1203.6163327676802,656.2182466412748,1206.9587699714007,654.4967161060736,1210.3667027818728,652.9087454554824,1213.8280485964406,651.4406360144652,1217.3269544841828,650.0642245633484,1220.8480171620852,648.7453814289062,1224.3782247383149,647.4511606697483,1227.9099251863709,646.1610148916542,1231.4408887279608,644.8688534591236,1234.9730357052033,643.5799326608649,1238.5098615278769,642.3039165509798,1242.055012668498,641.0512339589264,1245.611020782224,639.8297233982544,1249.1783885074315,638.6417932118851,1252.7550656945666,637.482173793412,1256.336002089779,636.3357543562325,1259.9174897785902,635.1910576318105,1263.4992791662721,634.047305276498,1267.0813476684277,632.9044273630952,1270.663672751944,631.7623539480745,1274.2462319302333,630.6210150708541,1277.8290027592184,629.4803407553725,1281.4119628333078,628.3402610116474,1284.995089986361,627.200706481978
939,1123.0070009150934,702.157587207193,1126.7648676424494,702.0370475306585,1130.5149375746807,701.768833926568,1134.2457519536144,701.3057908270188,1137.9383368364508,700.601265534028,1141.5681194851477,699.6240138730711,1145.1096710839072,698.3640364650108,1148.5424547727976,696.8321449285929,1151.8553674815348,695.0554971107064,1155.048253741601,693.0708472192716,1158.130108170683,690.9175215152887,1161.1154829342795,688.6320902664193,1164.022391463915,686.2474947293596,1166.8698425985326,683.7921078850218,1169.6766845329764,681.2903407511848,1172.461363510797,678.7638974196658,1175.2421207824325,676.2331331227099,1178.0370656597559,673.7180647964083,1180.863140192822,671.2380644666811,1183.7349426837998,668.8112150851487,1186.6642948271394,666.4542115583365,1189.658985773218,664.1808508468305,1192.7230859004176,662.0019838948297,1195.8581585331901,659.9265741317977,1199.0648261436302,657.9636363496197,1202.3421827725324,656.1211788648882,1205.688270372816,654.406747820892,1209.0994660669667,652.8258073720926,1212.567242485331,651.3730614125094,1216.0791368907735,650.0302710638045,1219.6220201582253,648.77133981646,1223.1840861648843,647.5676274767226,1226.7543562819294,646.3884135261537,1230.3246450437232,645.2092552885271,1233.8908653436597,644.0178519174491,1237.4527956869042,642.813682929427,1241.0106082360574,641.5974014818358,1244.563687739227,640.3673641772256,1248.1158488829874,639.1346757704598,1251.6756147995022,637.9241441542746,1255.2440872670768,636.7395216084386,1258.820655072804,635.5795669032725,1262.4047330352148,634.4430270223469,1265.9957610530237,633.3286389558973,1269.5932030404954,632.2351312658933,1273.1965457787187,631.1612254726934,1276.8052976954382,630.1056372709991,1280.4189875847683,629.0670775838397,1284.0371632768154,628.0442534640562,1287.6593915841174,627.0358736171293
940,1124.1282509209689,702.813763679058,1127.8746454440286,702.499426399412,1131.5986363097172,701.9840661187377,1135.2849786238994,701.2468032587545,1138.9132342392538,700.2632983584964,1142.459111275482,699.0152792973066,1145.9012675193128,697.5044730868664,1149.2298050127577,695.7571085606414,1152.4487483744035,693.8148265913637,1155.5714906748203,691.7210817101284,1158.6130287634894,689.510846093055,1161.588185341809,687.2119207888354,1164.5111026503782,684.8468610992987,1167.395143840012,682.4345012119461,1170.2530462999925,679.9912040717718,1173.0972005019216,677.5319033643472,1175.9399039809443,675.0709245120875,1178.7935932862065,672.622704078394,1181.6709187349704,670.2023310177509,1184.5838690997664,667.8249894147147,1187.5433139018878,665.5058307514929,1190.5592001641942,663.2606270967581,1193.6414925244337,661.1075834380762,1196.797924035946,659.0648716794336,1200.0308862856793,657.1456124098564,1203.336257974697,655.3539130497617,1206.706175904657,653.6867231365654,1210.1316813617907,652.136873205666,1213.6035284241054,650.6937184468783,1217.1123253725827,649.3427667865367,1220.648586603197,648.0653205736564,1224.2031824092037,646.8397265332426,1227.7689251002462,645.6469137408143,1231.341990513632,644.476209416865,1234.922271340679,643.327766762018,1238.5113987123627,642.2072944266836,1242.1113864153106,641.1222430729239,1245.7237533882085,640.0791637211906,1249.3490067719665,639.0818009865317,1252.9862733752032,638.1291647919567,1256.633082156622,637.2136934424047,1260.285461060946,636.3206662150949,1263.9388082373823,635.43160013573,1267.5914667236766,634.5397088339118,1271.243519830853,633.6453417957431,1274.8950709659152,632.748927406356,1278.5462242558306,631.8508938747236,1282.1970843967397,630.9516692693676,1285.8477565035168,630.0516815554789,1289.4983459836858,629.1513587307778
941,1126.1432080810514,703.0693746457239,1129.889073158672,702.7496318551159,1133.6090587508188,702.2070621118954,1137.2835920652533,701.4138366615932,1140.8881688675294,700.3473976831608,1144.3969906988882,698.9989992407636,1147.7890028862234,697.3788751709687,1151.0531898006072,695.5142497001386,1154.19126664128,693.4440181698848,1157.2161989172769,691.2113860177727,1160.1477132514635,688.8572078732965,1163.0066625321795,686.4152741594739,1165.813465716452,683.9134928951179,1168.5878387105251,681.3757490127598,1171.3489564301924,678.8235714855825,1174.1157442331353,676.2775496313951,1176.907516964186,673.7589849225451,1179.7432240160636,671.2900555341079,1182.638743540775,668.8916185629749,1185.6019277149437,666.5773407516705,1188.6330326043271,664.3527617663526,1191.7284237704798,662.218527659141,1194.883486196225,660.173519981859,1198.0932007193894,658.2153842969285,1201.3522705896455,656.3405170384539,1204.6554146921799,654.5444092783771,1207.997754204013,652.8223137712947,1211.375592701522,651.1709266244932,1214.7890013286158,649.5944140617792,1218.2436280265633,648.1105635672014,1221.7481346462125,646.7489237615144,1225.3060919935726,645.5339337303062,1228.910176006121,644.4632690220191,1232.5469402966776,643.5090542247639,1236.201880855401,642.6266722704033,1239.8619409280407,641.7656611379522,1243.5150480916864,640.8757525211363,1247.1478292576332,639.906570688846,1250.7474557173905,638.820838278942,1254.311151825844,637.622337301873,1257.8391427569138,636.3224113659181,1261.3325917703316,634.932262082287,1264.7934553371397,633.4628141659821,1268.2243429314572,631.9246348044775,1271.6283887350778,630.3278979555187,1275.0091389509714,628.6823841704417,1278.3704556924727,626.9975073063202,1281.7164365556855,625.282360808164,1285.0513478293226,623.5457776968772,1288.3795652863716,621.7963933705829
942,1130.6088113765536,702.8930779113031,1134.3341151510976,702.3888888276645,1138.0121622913528,701.6129185366932,1141.6152433466198,700.541840081032,1145.1189254595593,699.1801141049482,1148.5095831261112,697.5569153566652,1151.7819567871109,695.7064690730591,1154.9362368769898,693.6609594789838,1157.9769248495277,691.4499108347031,1160.9135314935804,689.1022067926822,1163.7608246952784,686.6467949204405,1166.5366266161388,684.1107328046829,1169.2600118029834,681.5183903965083,1171.9503441783768,678.8917187229129,1174.6272392509632,676.2513372447638,1177.3103791315843,673.6173097422412,1180.0196835813506,671.0102373844251,1182.7753345408726,668.4522671124884,1185.5961468489456,665.9664322006676,1188.4979718871411,663.5757780280094,1191.490614819208,661.2999148386525,1194.5750409510524,659.1501041562582,1197.744692089245,657.1280182611347,1200.9910547670686,655.2314911290142,1204.305874444385,653.457281510191,1207.6814099598166,651.8014536319042,1211.1104867577121,650.2595107614789,1214.586496524818,648.8264530644323,1218.103434925635,647.4969521809134,1221.6559627783859,646.2656572808579,1225.2392256854023,645.1268348684364,1228.8456511242684,644.0634782641359,1232.466538037357,643.0503471531482,1236.09351910696,642.0591916282107,1239.7150527699923,641.0483639300692,1243.3303604687183,640.0154415659085,1246.9499687709117,638.9977618942698,1250.5853033693472,638.0378893990957,1254.2360953116076,637.1385402437854,1257.8992002214393,636.2906864920062,1261.571866827059,635.4852168225146,1265.254127163377,634.7249728667886,1268.9547591726243,634.0605147223512,1272.6744112622166,633.5123158052571,1276.4082518203743,633.0707721079483,1280.1522348888898,632.7253872532552,1283.9031443549445,632.4655191691736,1287.658508653604,632.280520277365,1291.416504357477,632.1598322352231,1295.1758567544302,632.0930657086107
943,1132.621101365177,702.8222552363909,1136.29923216849,702.0441798756581,1139.9282038744793,701.0623307835764,1143.4903081774332,699.8606789825227,1146.9623578189578,698.4197458607996,1150.316382499464,696.722439018686,1153.5283981259372,694.7696503701422,1156.5892218776592,692.5871223735934,1159.5112245455086,690.221569330436,1162.3178280460716,687.7198837800668,1165.0361983171522,685.1224056688184,1167.6942363034073,682.4631082605687,1170.320060865051,679.7719420810092,1172.9417558914088,677.0767457588611,1175.585946803672,674.4036506564943,1178.2746224934888,671.7753550867164,1181.0221876675446,669.2087305774736,1183.835558117807,666.7144429358634,1186.717501945218,664.2997316407343,1189.6688891617466,661.9704272211098,1192.689909143538,659.7321911846216,1195.7802039344035,657.5906362654274,1198.9389589024047,655.5514300824786,1202.1649465447438,653.6203656492513,1205.4565797115063,651.8034843959181,1208.8120144671516,650.1073565299449,1212.229054250052,648.5390773789713,1215.7054444008572,647.1072370963116,1219.2384252576394,645.8214088784023,1222.8223571843312,644.6852389916721,1226.4449164807158,643.6785918094563,1230.0913017145447,642.7616006204621,1233.748593495361,641.8889341600916,1237.4080289973087,641.0252702338663,1241.0661861694023,640.15620908658,1244.7242066456497,639.2865734593709,1248.3871009734262,638.4377787083902,1252.0633042291138,637.6488366077605,1255.7546399631378,636.9340094557309,1259.4589274942737,636.289617133694,1263.1741741569672,635.7117102181793,1266.8986113777582,635.196301450644,1270.6306334938008,634.7389874517024,1274.368816920156,634.3350656595333,1278.1119401615804,633.9797689226615,1281.8589689278833,633.6682915760243,1285.609039163728,633.3958079633124,1289.3614389693266,633.1574863578466,1293.1155898845616,632.9484987509701,1296.871029364599,632.7640584707821
944,1136.0025236515696,703.4898335763111,1139.5924328795238,702.3754816636429,1143.0792203629699,700.9710760496665,1146.4489050802877,699.3048086387043,1149.6960670283172,697.410483951951,1152.8245831869551,695.3257100799972,1155.8452939842734,693.0873341733829,1158.7722338134338,690.7274987611256,1161.6187902719928,688.2711910893155,1164.397472418122,685.7382840263679,1167.1202038664494,683.1452774543725,1169.7996155199453,680.507490245872,1172.4513605532406,677.8418620005613,1175.0941585326975,675.1673522225747,1177.7467201172271,672.502536087499,1180.4258301962768,669.8644388257343,1183.1466108799852,667.2693821916946,1185.9241272702352,664.7352082143124,1188.7740727018868,662.2828742298484,1191.71119165665,659.9357733552855,1194.7453052158205,657.7155846806988,1197.8763814501767,655.6343981311476,1201.09788157,653.696089462823,1204.4006648177271,651.8997352375649,1207.7757489718908,650.2431617737362,1211.214631072561,648.7233978452734,1214.7090330392284,647.335974681615,1218.250755182879,646.0741392740754,1221.8317364866975,644.9283432637741,1225.4445167099577,643.8870247791127,1229.0823923080518,642.9369598583695,1232.7393612378592,642.0631399090369,1236.4101219202498,641.2490975801892,1240.0907953198425,640.4810557035998,1243.7792533126608,639.7512972359402,1247.4744194872949,639.0562854760406,1251.175188813298,638.3917396162482,1254.880785913038,637.7546551254273,1258.590592774234,637.1425520451302,1262.3040424122782,636.5529433164334,1266.0206137783234,635.9833360715687,1269.7398462777385,635.4313660390725,1273.4614221315055,634.8954200261028,1277.185081983961,634.3741469521693,1280.910582462367,633.8661926818795,1284.6376947169272,633.3702004160243,1288.3662029826967,632.8848112757926,1292.0959031227324,632.4086647868959,1295.8266011566536,631.9403992746821,1299.5581122839067,631.4786562904866
945,1139.134082733857,702.3465311680811,1142.657968487903,701.0375429241541,1146.0733739159198,699.4673415580406,1149.357970712489,697.6391923398522,1152.5034386141035,695.5805174097604,1155.5161499827416,693.3316668093101,1158.412674026538,690.9347450984518,1161.2137265403958,688.4267219843358,1163.9429706787726,685.8406060948655,1166.6243534980365,683.2048240056887,1169.2792350119423,680.5423182180018,1171.9242374485993,677.8699886535837,1174.5725916564127,675.2009832127596,1177.2363580420497,672.5473711504038,1179.9277023943616,669.9217555245189,1182.6590980897586,667.3378661541609,1185.4437962436937,664.8115673113306,1188.294480402116,662.3600403019913,1191.220962780425,659.9995759927433,1194.2278423839496,657.7424665355682,1197.3162419037253,655.5982894886279,1200.48578881807,653.5760377645389,1203.735189592677,651.6848040092405,1207.0615952334451,649.9325808564744,1210.4600212011776,648.3244937444623,1213.923691209162,646.8621926235006,1217.444748559734,645.5439964401976,1221.0150341754857,644.3655487227505,1224.6264788319431,643.3199013211407,1228.2712206790857,642.3968319893486,1231.941903580017,641.5828391445026,1235.6320183952503,640.8618453764249,1239.3359838652264,640.2155818190297,1243.0500360811009,639.6299727643127,1246.770564680157,639.0868347911415,1250.4922491266534,638.5516253751705,1254.2136224048986,638.0142563789728,1257.9362711639292,637.485825905515,1261.6630756303805,636.9876583805263,1265.3949570927978,636.5289648108022,1269.124236327532,636.0497610836594,1272.849838759582,635.5425470355925,1276.5774833241667,635.0505944288054,1280.3076259088882,634.5779508332234,1284.0400042078102,634.1232950149359,1287.7743750592588,633.6853021656782,1291.5105131006605,633.2626446881942,1295.248209402193,632.8539929017026,1298.987270078363,632.4580156246334,1302.7275163334255,632.0733948624045
946,1142.1928737908208,702.5936006616746,1145.5797158760356,700.9626542582674,1148.836173845361,699.0846955749319,1151.9554660263868,696.9864659203802,1154.9451021389525,694.706978477461,1157.8203332463058,692.2845353790813,1160.599537402881,689.7523328309752,1163.3018795200026,687.1381485879825,1165.9465061762278,684.4655184532954,1168.551652078045,681.7543468721893,1171.1350159549445,679.0223899630989,1173.7140179223065,676.2863106441458,1176.3055101526368,673.5620698184302,1178.9241595677947,670.8639451776091,1181.5822654644387,668.2047111482668,1184.290659521967,665.5967509389766,1187.059976540716,663.0536274669045,1189.9009384272326,660.5908683315139,1192.8245317178516,658.2268949578358,1195.8412346499983,655.9830873838422,1198.9587357447288,653.8817004259884,1202.1770723459413,651.9383309028301,1205.489552655187,650.1601486018562,1208.8857949865521,648.5476375335658,1212.3544726438158,647.0973896824801,1215.8836194674582,645.8010672007374,1219.461269929285,644.6451189508942,1223.076373562597,643.6120326384988,1226.7197779234136,642.6835051090462,1230.3852855165935,641.8463697331144,1234.0688205917445,641.0924467219104,1237.7674792366456,640.4165617697386,1241.4787373622069,639.8136167716949,1245.2000014789478,639.2757925637168,1248.9298539667816,638.8012009651492,1252.6668434837811,638.3863984372871,1256.4085403991644,638.0162934343574,1260.1529439506687,637.6745439980539,1263.8984267243059,637.3447835006705,1267.6435201335855,637.0106476725155,1271.3879782325112,636.6694594986282,1275.134892696423,636.3566149181702,1278.8849854240539,636.0844711712282,1282.6376183522145,635.8498989109193,1286.3922412146726,635.6496396078343,1290.1483935635938,635.4804268454817,1293.905696400615,635.3389919884727,1297.6638436163664,635.2220683568701,1301.422593338615,635.126394064734,1305.181759285806,635.048714937472
947,1145.1725786339027,701.1143943036461,1148.3894065088514,699.1691230299061,1151.473856592732,697.0199010996818,1154.4288205670741,694.6956383296545,1157.2661578130587,692.2289382269346,1160.003728540864,689.6517918716854,1162.6610207644806,686.991840459213,1165.2552398057846,684.2702716941244,1167.8020772942054,681.5042701716034,1170.317468146921,678.7096122465841,1172.8185285192085,675.902108568225,1175.3236708893214,673.0982507705529,1177.8519042523283,670.315220217563,1180.4228842561824,667.5716794351816,1183.05681755927,664.8886006410034,1185.7743391965466,662.2903458603706,1188.5965007882512,659.8063304102031,1191.539003159539,657.4663080367816,1194.606244906066,655.2924192197393,1197.7889623490303,653.2913456370261,1201.071353196972,651.4582017343159,1204.436768330987,649.7821835362969,1207.8698700642117,648.2494132616202,1211.3572679378492,646.8444016730971,1214.8882259000761,645.5526336375287,1218.454454640123,644.3615965581383,1222.0499796338424,643.2621067179289,1225.6710255951994,642.2498117515706,1229.3155907005612,641.3257863594135,1232.9823932305821,640.4944282942754,1236.6695988276288,639.7588149493291,1240.3748512666893,639.1203891032726,1244.0973362331956,638.5916978579077,1247.8293132566805,638.1338379578968,1251.565994861118,637.716410114328,1255.3121138923584,637.3961479202594,1259.0680799050874,637.2282673282865,1262.826746266947,637.1294414637784,1266.584787484783,637.0090050422759,1270.3433265667925,636.9053996024594,1274.1020933305851,636.8102325846572,1277.860712034736,636.7094194915082,1281.6190534056248,636.5987530812348,1285.37711172774,636.478852545828,1289.1348997884663,636.3507557823028,1292.8924371612748,636.215500452437,1296.6497493434983,636.074123924779,1300.4068668951957,635.9276632547592,1304.1638245792312,635.7771551941624,1307.920660372999,635.6236330692313
948,1148.3807990851274,700.2000762915602,1151.6264706607667,698.3040495839609,1154.6760092369739,696.1076147609132,1157.4735016169805,693.5976920765578,1160.0383887068806,690.8495826472171,1162.4347298381485,687.95258467908,1164.7350117560081,684.9784374293826,1167.0006568600106,681.9777336997784,1169.2803396994404,678.9877027005671,1171.6068176570861,676.0339921334083,1174.0038881274743,673.1373509851413,1176.490187282103,670.3170081582355,1179.0782313006744,667.5897927941623,1181.7700767245249,664.9649933256699,1184.5620708005733,662.446975414443,1187.4488570815447,660.0382113613671,1190.425469567832,657.741370379125,1193.4871811844669,655.5592537407615,1196.6295093466872,653.4949185872262,1199.8481783534319,651.5517621952145,1203.139028615845,649.7335321918409,1206.497924367992,648.0443218935095,1209.9206736254387,646.4885769177217,1213.402867887587,645.0708954165359,1216.939639235254,643.7954700138588,1220.5253224918104,642.6648287704744,1224.1533220937163,641.678316755041,1227.8166124734043,640.8321206657442,1231.5082758158674,640.1196645121883,1235.2214896488908,639.5295150732238,1238.9513006500301,639.0554069812591,1242.693441646494,638.6908276870976,1246.443369600544,638.417177677819,1250.1978194055707,638.2142286850903,1253.9546788439234,638.0617249356563,1257.7126569367642,637.9394485079263,1261.4712482597547,637.8380315228175,1265.230847792679,637.7882644579656,1268.9908080219059,637.783110730365,1272.750749091584,637.7974320521744,1276.510611989534,637.8258473555145,1280.2704367790875,637.8590473052847,1284.0302576073188,637.892693611279,1287.7900760427399,637.9266063222866,1291.5498930987726,637.9606716612132,1295.309709802736,637.9947758468534,1299.0695271855068,638.0288050944575,1302.8293462711856,638.0626456162341,1306.589168066758,638.0961836218565,1310.3489935593116,638.1293044572326
949,1150.9386431638193,699.2853831309709,1153.74995440498,696.7899644694403,1156.3873279816462,694.1108413777025,1158.8889776728142,691.3042174073435,1161.2934684750078,688.4137227020016,1163.6389639882427,685.4750466310065,1165.9631035323848,682.5194153775193,1168.300555891489,679.5743175993262,1170.6748521521638,676.6588732043953,1173.099547794139,673.7852315529793,1175.5828732335624,670.9621295249976,1178.132926169456,668.1991864228085,1180.7573069366865,665.5067830193224,1183.4629955744913,662.8961483858781,1186.2561441579383,660.3793622144536,1189.1417557213983,657.9692082131223,1192.1233925303036,655.6789836486064,1195.2027185766206,653.5219619175124,1198.3783317949815,651.5094190068093,1201.6448131421694,649.6479858165575,1204.9941419878483,647.9400822411752,1208.4167059864058,646.3840587218361,1211.9045673207745,644.9805459462395,1215.4519055751646,643.7348937772599,1219.0447738996277,642.6271106599471,1222.6791056507427,641.6644882157476,1226.359856481267,640.8999040450162,1230.084682797258,640.3918288652153,1233.8302590710043,640.064994459633,1237.5807525542914,639.798220884354,1241.3295332247621,639.5085016121427,1245.0753720202813,639.1829954513265,1248.8178962990944,638.8212769404612,1252.5629867508308,638.4879865723219,1256.3176005091682,638.2956180850161,1260.0772265649002,638.311639576003,1263.8359993217268,638.4064911036326,1267.5939357360267,638.5294061893675,1271.3500125088317,638.7001015852597,1275.1045862865535,638.9013959137596,1278.8583311556488,639.1176822750908,1282.6123562067469,639.3289992827406,1286.3682607814192,639.5029760998306,1290.126855771614,639.6020006957781,1293.8867076144488,639.6228439900153,1297.646277718587,639.5716029892667,1301.4043797887084,639.4544342937133,1305.160150974856,639.2775083331422,1308.913020296132,639.0469748183133,1312.6626705094016,638.768869979253
950,1154.2380035592555,697.3610330608146,1156.885323675247,694.6918064827439,1159.3832474017433,691.8819938123581,1161.7611236682817,688.9696745462851,1164.0516699819545,685.9880425871337,1166.288891634935,682.966113642717,1168.5069354838365,679.930053129027,1170.7381573577143,676.9036808247091,1173.009232039485,673.9071367991595,1175.3392655439823,670.956249622875,1177.7425189064852,668.0647319128855,1180.23141810479,665.2466576640055,1182.8156761968194,662.515820994393,1185.5015755357374,659.8849443225447,1188.2933433879698,657.3667531322577,1191.1947717809528,654.975818401176,1194.2100656179837,652.7303181725738,1197.343494465383,650.6530297414926,1200.5966266351215,648.7688765218688,1203.9588185280138,647.0869520657535,1207.4116059552157,645.5995825412662,1210.934382153145,644.2861766841836,1214.5090991064405,643.1213347270201,1218.1321746286105,642.1173020488596,1221.7904138909855,641.2489909360352,1225.4706992407903,640.4803818585667,1229.191100836926,639.942189916548,1232.9393797829493,639.6526979066122,1236.6973471165622,639.5350060854424,1240.4569848505912,639.4852517911702,1244.2158510132515,639.3979345790106,1247.9687775202112,639.173161509209,1251.7151487599883,638.8537335282032,1255.4682485757783,638.634125358891,1259.2273711156545,638.6719398806082,1262.9845564833372,638.8165304186671,1266.741992860537,638.9544583113745,1270.4983931641602,639.1181965736314,1274.2545588363755,639.2873199445728,1278.0110057463694,639.4500640899735,1281.7678241270394,639.6039912487098,1285.524934306095,639.7506412706268,1289.2820421810331,639.897346514556,1293.0386467313788,640.0563417956904,1296.7944184733485,640.2339260134519,1300.5493255042438,640.4289513551136,1304.3033683915028,640.639966788761,1308.0565662169954,640.8655218104656,1311.808954875888,641.1041668689567,1315.5605849902042,641.3544593485823
951,1156.3797670607435,695.5035181658311,1158.8450644560942,692.6653924921009,1161.1426033979146,689.6895477089655,1163.3088243304844,686.6165372733991,1165.3924701818687,683.4867701144865,1167.450104731834,680.3397846152545,1169.5375620876941,677.2125563528598,1171.6968123105432,674.1345585945405,1173.9502719251316,671.1248981658687,1176.3044989326136,668.1934151592135,1178.7614089016188,665.3474642474075,1181.3233500178799,662.5957188303253,1183.9935377532904,659.9489335503733,1186.7759611812335,657.4204732515443,1189.6750832154,655.0268058909917,1192.692498040535,652.7841776897982,1195.8243773620181,650.7044112140029,1199.0620486956882,648.7934816111294,1202.394746552099,647.0535268755254,1205.8111257699027,645.4841768951834,1209.3004719996259,644.0844949439129,1212.8532346589893,642.8546258047021,1216.4607825209932,641.7961534220674,1220.1138131831358,640.9071568826541,1223.8025915933292,640.1803836703574,1227.5178739589528,639.6039031520259,1231.2517765783773,639.1634744154558,1234.998001566077,638.8439125371749,1238.7518216847673,638.6308456138082,1242.5097963657413,638.5108586414641,1246.269493109961,638.4705173966802,1250.0293363206488,638.4964318931699,1253.7884551881384,638.5753672229097,1257.546360141268,638.6993359666689,1261.3025658707056,638.8671682756548,1265.0570502364521,639.070041848641,1268.8100106932902,639.2994500044251,1272.5617146056231,639.5486097462073,1276.3125414339524,639.8106690088698,1280.0629001712987,640.0793564948062,1283.813211187037,640.3487104529386,1287.5639038787585,640.6126858256416,1291.3153238812831,640.8661065038481,1295.0674658025712,641.1086073925098,1298.8202428915708,641.3410751773381,1302.5735755197068,641.5643970865669,1306.3273905532362,641.7794607933538,1310.081620727486,641.9871542780121,1313.8362040187524,642.1883657193968,1317.5910833117707,642.3839776754975
952,1158.7958678830016,693.1134306294616,1161.1048048037744,690.1465512877191,1163.2628519217271,687.0678868052576,1165.323264961921,683.922793669218,1167.3545422836012,680.7587307204084,1169.4018294629018,677.6050223096306,1171.490445725525,674.4785586516322,1173.6368064781607,671.3914911953578,1175.857809384851,668.3577385077533,1178.1705122066435,665.3933722567059,1180.590802054446,662.5162684885346,1183.1311698524225,659.7447027622413,1185.7987122922534,657.0953941568738,1188.596301243394,654.5838747084181,1191.5252167149952,652.2269257517123,1194.5860947283336,650.0442326320278,1197.7789263147415,648.0597763113612,1201.1028902741714,646.3041147527696,1204.5508133154785,644.8067784244358,1208.1027407645859,643.5758156995472,1211.7271840975536,642.577318846815,1215.395841240996,641.7548246243354,1219.0896932967319,641.0533690941779,1222.7983960147837,640.4349401068683,1226.5176713424455,639.883531294903,1230.2454204154037,639.3926720287648,1233.982802425694,638.9821271011997,1237.7298059438408,638.6712857453198,1241.4828544469995,638.4442148560229,1245.2392520752464,638.2810551619324,1248.9973380285408,638.1624637639403,1252.7567347118738,638.1018782007757,1256.5163249656969,638.1464921217407,1260.2740526490418,638.274863930721,1264.0288680171616,638.4707626205762,1267.7798676258267,638.7298115953209,1271.5268424811336,639.0418591115598,1275.269993369864,639.3969457090752,1279.009941113523,639.7843937486332,1282.7476189886518,640.1932058003192,1286.4839981664286,640.6137406580058,1290.2196876972032,641.0403633404728,1293.9549114180984,641.4710456492468,1297.6897065289368,641.9054293297501,1301.4241084469618,642.3431806330939,1305.158153491695,642.7839659112185,1308.8918787950506,643.2274516118158,1312.6253222116266,643.6733042716934,1316.358522229135,644.1211905087802,1320.09151761747,644.5707791816865
953,1161.3207766397277,691.2802104076176,1163.4575549762903,688.1870112832886,1165.423950579748,684.9827011538271,1167.243733796369,681.692708662476,1168.9777630099265,678.3564867720762,1170.731084875346,675.0304206677542,1172.5969161885619,671.7664322038389,1174.6203557861747,668.5978332269814,1176.8059275422197,665.5388330065858,1179.1480173240063,662.5979381699245,1181.6389187522257,659.7819635725012,1184.271863959683,657.0983357420644,1187.041599867019,654.556153882569,1189.943967934486,652.1665608655844,1192.9757346772626,649.9435159096022,1196.1340452635861,647.9043775751506,1199.4163146882318,646.0716596039433,1202.8183980402848,644.4725300038499,1206.3273618222909,643.1240181431177,1209.919636066492,642.0156861650046,1213.5688934518369,641.1115760547721,1217.2542190899885,640.367207671275,1220.9624405368916,639.7463406289678,1224.6864035522512,639.2279819787162,1228.4222473229197,638.8035353758135,1232.1672633165902,638.4695052159573,1235.9191441675694,638.2242633336392,1239.6755519807355,638.0621782067618,1243.4346359720878,637.9852271184307,1247.1944155640144,638.0100199637466,1250.9525926519354,638.123983108538,1254.708174325273,638.3049059194537,1258.4613491812224,638.5306674404031,1262.2122626991882,638.7911199367227,1265.9575035668202,639.1227276428112,1269.6966488263329,639.5177426725387,1273.4325294390935,639.9426387327651,1277.1664738750142,640.3842680936503,1280.900444594249,640.8256747560132,1284.6364623151185,641.2493486249529,1288.375966555757,641.6409820915483,1292.1193289189891,641.9938436265413,1295.8655260427392,642.3152952211244,1299.613847536077,642.610964603557,1303.3639570953803,642.8830326813345,1307.1155637124953,643.1336282293508,1310.868413038902,643.364883730978,1314.6222838196086,643.5789337528927,1318.3769842792988,643.7779137152961,1322.1323485386479,643.9639580324872
954,1163.465769017342,686.9690904781422,1165.414262447814,683.7535062983623,1167.2929538471092,680.4965819518001,1169.1313659070508,677.2167097696895,1170.9660109951358,673.934725357868,1172.8433441092359,670.6770436242371,1174.8155459874943,667.4760824874563,1176.928547656112,664.3664963126228,1179.2123036502478,661.3802403770695,1181.6762432102967,658.5409263327459,1184.316620091784,655.8649259788649,1187.1232624172364,653.3638496843328,1190.0836699224335,651.0468111626263,1193.1856799505474,648.9231075478201,1196.4197151119538,647.0065275891911,1199.7749203852438,645.311049045361,1203.2365069375558,643.8448611825929,1206.7854688261427,642.6047994086664,1210.4016616646481,641.5767590330789,1214.0675337174682,640.7425982512178,1217.7676914436056,640.0759862822292,1221.4889200431257,639.5386849191415,1225.224708197848,639.1140751739752,1228.9708746976914,638.7934517978337,1232.7239930157173,638.5680487985409,1236.4813232244817,638.4291287271953,1240.2407391777836,638.3680434755435,1244.00065540718,638.3762455467574,1247.75998009272,638.4442181912115,1251.5179592205568,638.5655071884827,1255.2733123971138,638.7507348982749,1259.024533095063,639.0062970216594,1262.770200907565,639.3332971162425,1266.5090861701788,639.7304795668609,1270.241087614202,640.1879899468506,1273.9677571028262,640.6872314499759,1277.6922791636473,641.2023225623468,1281.418926012774,641.7017168218613,1285.1519321078008,642.1508169319605,1288.8931627436064,642.5249963605039,1292.6409257592384,642.8273073067747,1296.3920625178584,643.0846664841904,1300.145563731144,643.3049152023101,1303.900900180647,643.4913217059716,1307.6576312460152,643.6471662985243,1311.4153966201181,643.7757354735581,1315.173907796882,643.8803173865193,1318.9329394245901,643.9641986482106,1322.6923206019512,644.0306622804877,1326.4519263945263,644.0829692784928
955,1164.5146596484753,685.7204116718484,1166.3414281286734,682.4341086473069,1168.1209413793886,679.1219121619414,1169.8979809231298,675.8083843362078,1171.719393347267,672.5191088779578,1173.6330262444287,669.2827671023131,1175.683637225916,666.131655829363,1177.9005030714227,663.0953645388008,1180.2915265998186,660.1942641801395,1182.8469687998422,657.436866547844,1185.5564526806647,654.830670604503,1188.4124210569535,652.3859176575481,1191.4093812629787,650.1162729551554,1194.54170820702,648.0375131084705,1197.8010630289061,646.1642613424809,1201.1750444796376,644.5063176694657,1204.6478114583535,643.06661885742,1208.201888928959,641.8411209805845,1211.8201450229737,640.8202856593074,1215.486934010186,639.990126039747,1219.188878067953,639.3338668640914,1222.9152733347507,638.8343451766075,1226.6578088449858,638.4746489096818,1230.4101562131937,638.2375799387537,1234.167713364527,638.1057421468461,1237.9273592242803,638.0618081587896,1241.6871923966953,638.0886414855572,1245.4462637529818,638.1697624265655,1249.2036129641517,638.3086286609129,1252.9573519651708,638.5240479727981,1256.7072083988232,638.7992683267207,1260.4530700758824,639.1243939661206,1264.194629057625,639.4958308668315,1267.9319772731556,639.9075308191423,1271.6653742232945,640.3536809187265,1275.3953567287072,640.8275656139564,1279.1227290105626,641.3215886339468,1282.8484432685934,641.8279792259978,1286.5734191101208,642.3397793109694,1290.298623424283,642.8499116577816,1294.0252287142823,643.349688906637,1297.7549623771165,643.8254721705508,1301.490183341277,644.2559147764699,1305.23091478354,644.6355367923959,1308.97614376589,644.9679125572214,1312.7249876968704,645.2567202652228,1316.4766933672188,645.5056577915643,1320.2306266060746,645.7184319424246,1323.9862614191752,645.8987501853369,1327.743169732997,646.0502918847999
956,1165.6081960811737,682.6841726925088,1167.323073215072,679.3380441738157,1169.0636840023838,676.0052639917684,1170.8715510617037,672.7085696218011,1172.7840802327485,669.4715989682687,1174.8313039926386,666.318230941746,1177.0303035099223,663.2688381287878,1179.3844467872225,660.3375990988188,1181.8917114982182,657.5362449782598,1184.5507019199524,654.8785422013332,1187.3606591250993,652.3810826924249,1190.3202400807147,650.0630056531406,1193.4265705007906,647.9457607224479,1196.6716481198619,646.0480927192898,1200.0401215838992,644.3791300811265,1203.5115548810331,642.9363157489236,1207.065866639045,641.7114572586942,1210.679345638757,640.6733831820235,1214.3442814344785,639.8364505862112,1218.0470114944292,639.1831462338209,1221.7287275687693,638.4211615744371,1225.4371716031521,637.8131045048449,1229.1904478828253,637.6092186164608,1232.9502626705162,637.6213077450727,1236.7100507049702,637.6577245804704,1240.4697820469844,637.6990086460501,1244.2286211870655,637.7895833382852,1247.98526853794,637.946461593821,1251.7386006167903,638.1690458689072,1255.4876834052614,638.4544421091548,1259.2318013060446,638.7989698199538,1262.9705906882905,639.1972489492654,1266.7040848673516,639.6425020004735,1270.4327374791058,640.126685967295,1274.157388689085,640.6407919237994,1277.87917113021,641.1753005705742,1281.5993548401675,641.720840859435,1285.31919160294,642.2687448986757,1289.039883141988,642.8108066640164,1292.7625375733076,643.3392037093972,1296.4881269686518,643.8464658211265,1300.2176434839846,644.3239552959583,1303.9512924613102,644.7679843220984,1307.6885359124703,645.1806834600154,1311.4288609366818,645.5644668066286,1315.1718109601184,645.921757761608,1318.9169812742434,646.2549855872846,1322.6640144312557,646.566582675567,1326.4125955427965,646.8589824603428,1330.1624482419988,647.1346080946017
965,1171.1535906247504,646.9827716553352,1174.7168633837994,645.7825938462408,1178.288763770013,644.6083572504614,1181.871528149317,643.4677186495353,1185.4672335928892,642.3685825930193,1189.0777490310484,641.3191527011777,1192.7046766581725,640.327975115898,1196.3492820555355,639.4039705917019,1200.0124119732507,638.5564505517928,1203.6943995699432,637.7951111467924,1207.3949583004182,637.1299981037295,1211.1130676870528,636.571434225422,1214.8468569964637,636.1299012033636,1218.5934962682747,635.8158685238775,1222.3491078434488,635.6395653511247,1226.1087298690059,635.6053536559288,1229.867936082649,635.677466079741,1233.6249938283393,635.8240756333056,1237.3789325591595,636.036281461331,1241.1294351258857,636.3025804021703,1244.8764029927747,636.6147738258325,1248.6198235642144,636.967010482675,1252.35980768734,637.3540722194233,1256.0966076962393,637.7707848501316,1259.8306143878556,638.2118508592071,1263.56226677276,638.6724265783126,1267.2919455047727,639.1487288909658,1271.0198908746377,639.6384175056768,1274.7462564191371,640.1399889287547,1278.4711585702935,640.6523168272306,1282.1947011366256,641.1744357196512,1285.9169782255508,641.7055024294444,1289.6380754906813,642.2447747931756,1293.3580682983647,642.7916146098,1297.0770240580819,643.345463837366,1300.7950020700102,643.9058394372753,1304.512026451682,644.4725063419158,1308.2282930596552,645.0441234189395,1311.9445416982926,645.6158565861523,1315.6623945616134,646.1770429846166,1319.383870045036,646.7136184963533,1323.1115502897271,647.2050486872142,1326.8469223713794,647.6340591487387,1330.5887657902847,648.0024456962749,1334.3357160348457,648.3147078714942,1338.0866128947832,648.5753916953532,1341.8404858350152,648.7890671005897,1345.5965379253855,648.9603102219405,1349.3541289015275,649.0936901730024,1353.1127578139601,649.1937595735043
966,1173.4929219680134,641.3721539366837,1177.191724972092,640.6966982619393,1180.8907971846004,640.0227199979436,1184.591642378,639.3585567532928,1188.2957050544026,638.7125988886766,1192.0043190264673,638.0933367253539,1195.7186524769932,637.5094031790619,1199.4396480529742,636.9696092684258,1203.167956856628,636.4829693981077,1206.9038656919615,636.0587126441037,1210.6472176843708,635.7062755417663,1214.3973274887192,635.4352712188639,1218.1528937972578,635.255429317156,1221.9119137612815,635.1765012764289,1225.6716061585396,635.2081265579252,1229.4284344446073,635.3580408079026,1233.1795051418937,635.6151176521395,1236.9234881477164,635.9606820046956,1240.6597003996574,636.382224075843,1244.388290370834,636.8667185150643,1248.1100870733262,637.4009997732938,1251.826509251219,637.9715421705887,1255.5393820331115,638.5647845159393,1259.250370008268,639.1697213044841,1262.9606078472323,639.7792453214581,1266.6708476201745,640.3887575998315,1270.381726503193,640.9943645149542,1274.0938700438046,641.5921663240481,1277.807873089434,642.1782981103833,1281.5242938389656,642.7488904941954,1285.243649821272,643.3000138668738,1288.9664057134935,643.8276675454907,1292.6929802292148,644.3276196405849,1296.4237005313857,644.7956085631564,1300.158809253328,645.2271396047851,1303.898596530322,645.615971597183,1307.6435871628753,645.9508177530472,1311.3938887679874,646.2195238371218,1315.1490987235748,646.4066224557437,1318.907997639245,646.4935476430139,1322.6662994293113,646.600786231689,1326.4188086254449,646.8348159934989,1330.1641569244507,647.165702135109,1333.90875795383,647.5052586559003,1337.655505791997,647.820247380782,1341.4041106404372,648.1123200939718,1345.1542898756593,648.3834425005069,1348.9057939025604,648.6355841661659,1352.6584031269517,648.8707170432951,1356.4119249769365,649.0908128612833
967,1177.9823896177425,647.7226558009455,1181.0101381966554,645.4949040963036,1184.1964767039335,643.500223581912,1187.5113010543128,641.7270109361551,1190.9334541596036,640.1708550474237,1194.4458754827092,638.8307622330512,1198.0381361335271,637.7229115531811,1201.695477533994,636.8522001502091,1205.3815057322586,636.111049287053,1209.107552412364,635.6187812599958,1212.8619362530012,635.41931956948,1216.6199104169311,635.2985848237541,1220.379635708251,635.297805920211,1224.1373499687315,635.4245856641338,1227.8906882658682,635.6463400678906,1231.6381383419512,635.9521362367224,1235.3793451846864,636.3268928127703,1239.114608630911,636.756996163074,1242.8446448518891,637.230386499679,1246.5705847883548,637.735066780437,1250.2938389276612,638.2592307910961,1254.0160665581902,638.790649578497,1257.738811141423,639.3184297517786,1261.4630420435917,639.8356120960701,1265.18880788026,640.3416209201075,1268.9156439392518,640.8396922657492,1272.6428808179921,641.3347578586604,1276.3698481040574,641.8318475168478,1280.0960619891553,642.3345517229915,1283.8216096681206,642.8421719285378,1287.547162386112,643.3497548333816,1291.2737801630458,643.849446979482,1295.0025762708412,644.3325901197486,1298.734599151561,644.790097792443,1302.470763727525,645.2123823061058,1306.2116626512873,645.5903648650891,1309.9572693477483,645.9183876243886,1313.7068928475903,646.1968117796961,1317.4594561459685,646.4324790104997,1321.2138451772867,646.6371692212109,1324.9690407941616,646.8266102982975,1328.7231623018117,647.0359527220647,1332.4746479383502,647.288123753222,1336.2231509239064,647.5813490764715,1339.9684967681135,647.9124981295447,1343.7106056571658,648.2784409235146,1347.4494842814192,648.6760537618385,1351.1852175960512,649.102223437279,1354.9179606135722,649.5538500468626,1358.6479263409703,650.0278792224897
968,1180.4260581966932,644.933975589289,1183.6685645708283,643.0320415148319,1187.0331493383228,641.3550638991093,1190.4913778551047,639.8804395580062,1194.0238697221928,638.5939498404159,1197.6353897444449,637.5508894015868,1201.2855694066816,636.6489720250248,1204.9635905331686,635.8801077971065,1208.7185854162813,635.8027080954247,1212.4710948630786,635.6479872733016,1216.2099928482423,635.2617658278953,1219.9680944435838,635.3225586067248,1223.722448457945,635.5277828869387,1227.4715613591782,635.8112983327305,1231.2114395363035,636.1987677785846,1234.9436251345041,636.6546904344605,1238.668489249436,637.1670943298454,1242.3873189727012,637.7217041569811,1246.101899399976,638.3041446083569,1249.8139850830958,638.9023056406019,1253.5255129338275,639.5039242146879,1257.2384895508703,640.0965197883063,1260.9548093021533,640.6677366282032,1264.6759021907724,641.2069442076081,1268.4023376674015,641.7078756829403,1272.1338041756455,642.1698499050266,1275.8696913891827,642.5946121239327,1279.6093546996135,642.9847566744584,1283.35209019404,643.3442742146144,1287.09698965932,643.68055176766,1290.8432384298474,644.0014776254245,1294.5903229269525,644.3125017059352,1298.3381149938523,644.6148805986633,1302.0866574176282,644.9078070559675,1305.8360401671944,645.1897684902048,1309.5863460736896,645.4591672626411,1313.3376281468709,645.7146085408651,1317.0898862250242,645.9552859892206,1320.8430484007004,646.181432325597,1324.5969428088074,646.3950966595474,1328.3512234863942,646.601883576274,1332.105197406775,646.8141423639363,1335.8584894048684,647.0381355961184,1339.6111024337438,647.273232961978,1343.3630581303212,647.5186003960422,1347.1143849725388,647.7734041365659,1350.865117717931,648.036810814659,1354.6152968431295,648.3079875136112,1358.3649679846003,648.5861018015324,1362.114180809193,648.8703292252966
971,1187.3604753171257,639.0607152704167,1190.856075690488,637.6769191708904,1194.4213695361923,636.4839024712389,1198.0203049941708,635.3953969347913,1201.6549521947975,634.4354111257753,1205.3609888231854,633.8122566143214,1209.1145825601657,633.6264851006208,1212.8742895609591,633.6662286726731,1216.6311621809596,633.8095871199449,1220.3734399480468,634.1689546272626,1224.0954547249614,634.7002356951994,1227.7962487689747,635.3637705339554,1231.477786485077,636.1274045833583,1235.1472852191825,636.9471973070074,1238.814001252496,637.7794038470116,1242.487688127442,638.5801349373244,1246.1749916252277,639.3154395658972,1249.8776949183866,639.9687256168581,1253.5938873009495,640.5403666447218,1257.3208171302886,641.0373232843774,1261.0558827684981,641.469026724038,1264.796888564284,641.8459331764072,1268.5420491766274,642.1791544493095,1272.289970926666,642.4798308013961,1276.0396531429828,642.7577506928201,1279.790438765219,643.0203891236564,1283.5419303203178,643.2727585458695,1287.2938468506875,643.5187367878755,1291.0459612794275,643.7616809455523,1294.7980704070828,644.004706890292,1298.549977667302,644.2508265628893,1302.3014792964,644.5030476420583,1306.052355766535,644.7643923973558,1309.8023600705053,645.0379552562941,1313.5512070601917,645.3269315885161,1317.2986101525637,645.6340548898838,1321.0445080012173,645.959034843373,1324.7892690857095,646.2968856112232,1328.533761804346,646.6377052476698,1332.279137797957,646.9686430802341,1336.0265284993377,647.275838686371,1339.7770035768788,647.5424820895257,1343.5313021670172,647.7480773140394,1347.2885410125882,647.8903342937027,1351.047538003645,647.9744333210097,1354.8073524513811,648.0056121785764,1358.5672654963246,647.9891236285638,1362.3267580568104,647.930215422777,1366.0854880669597,647.8341162280408,1369.8432660860103,647.705987116338
972,1190.5059875439708,635.5421160893831,1194.2368487470135,635.075913580769,1197.9786400977575,634.7078315189369,1201.7295764400387,634.4494610872543,1205.4868758540824,634.3125375876429,1209.2466339158764,634.3087300352871,1213.0037277641002,634.4493561512522,1216.7523548236102,634.7384814166502,1220.4903231638011,635.1437056287293,1224.2178684600333,635.6359115071677,1227.935441689284,636.198684237534,1231.6446661536274,636.8142108339209,1235.3477403431298,637.4657932566165,1239.0472937686893,638.1371184161751,1242.7462468426127,638.8117504855593,1246.4475904666824,639.4731127640788,1250.1541255220154,640.1046681559553,1253.8678245973908,640.6925602887118,1257.5895049866085,641.2275572937456,1261.3188586259662,641.7061390116758,1265.054817726969,642.1301244760919,1268.796028630891,642.5050292485108,1272.5411837651382,642.8383152803297,1276.2891914047761,643.137899148658,1280.0391573378574,643.4119464979846,1283.7903727022708,643.6683683414503,1287.5422977755252,643.9142101632583,1291.2945385815142,644.1551939591262,1295.046786931103,644.3960604593331,1298.7987566575114,644.6412224897556,1302.5501532396163,644.8949918326401,1306.300692693876,645.1611188188587,1310.0502339802733,645.4409572589913,1313.7988651150486,645.7327461625505,1317.5468758926231,646.0324084592208,1321.2946589648577,646.3349092771822,1325.0426304080527,646.6350638754908,1328.7911772437153,646.9279351950535,1332.540632048584,647.2089280857538,1336.2912362037741,647.4741243104214,1340.0431003742165,647.7208279154798,1343.7967183038381,647.939073559393,1347.5523187884792,648.120007450395,1351.3094654150689,648.2653953256532,1355.0677391270528,648.3780105655744,1358.8267936144628,648.460634091849,1362.58634929104,648.516049873337,1366.3461871235172,648.5470414731183,1370.1061423805797,648.5563895407313,1373.8660983322636,648.5468650977297
973,1193.4401071996535,635.480050329612,1197.1660912057635,634.9773272522393,1200.9134011208089,634.6769785452481,1204.6721106380858,634.5978285847289,1208.4308499750327,634.6859243430512,1212.1853023886986,634.8874528166837,1215.9331818550886,635.1875487168786,1219.6733097669703,635.5726999911842,1223.4055257264943,636.0283262936654,1227.1299678953003,636.5437554158985,1230.8473382453403,637.1080121784242,1234.5588893935317,637.7094195676725,1238.2663346731254,638.3356823043395,1241.9717279752128,638.9739944823746,1245.677319551611,639.6111525915846,1249.3853512045275,640.2339273686356,1253.0979589027102,640.8287598311202,1256.8168229424666,641.3830745405469,1260.5425102093586,641.8894660147744,1264.27449381294,642.3471713902202,1268.0118609454448,642.7586373246813,1271.7537776857887,643.1264598594221,1275.4995535564158,643.4526665128433,1279.2485838853884,643.7390769234095,1283.0003495301225,643.9871109741657,1286.754383102112,644.1980840035648,1290.510196859018,644.374611925599,1294.2672494493952,644.5225644041989,1298.0250380864984,644.6505915197728,1301.7831528092183,644.768728263546,1305.5412683910754,644.8868367078303,1309.2990203041697,645.0159196590416,1313.0559792058925,645.1662208245323,1316.811702987507,645.3446909205203,1320.5658876744099,645.5530388988899,1324.3183545687866,645.79033854827,1328.0688967228714,646.0563220044899,1331.8171327054404,646.3530111025696,1335.5626250380317,646.6825480430156,1339.3060625334256,647.0347453018865,1343.0492389243846,647.3897203376849,1346.7943663995313,647.7233560592376,1350.5430277683236,648.0144426844943,1354.2950089293277,648.2591002472534,1358.0495436074605,648.4608796577738,1361.8059863520016,648.6233818868163,1365.5638052309714,648.7502189756744,1369.3225716402019,648.8450059099921,1373.0819498121077,648.9113545902046,1376.8416864675232,648.9528374308397
974,1194.9555096491106,633.2207539988028,1198.7147969871894,633.154255296927,1202.4744984608462,633.1874863633036,1206.2315031010344,633.3328943102731,1209.9815808464455,633.6028691722927,1213.7192761783208,634.0094710691859,1217.4387224491463,634.5586466481226,1221.140820401328,635.2153655142845,1224.8308713139877,635.936962219854,1228.5137878086805,636.6942355641252,1232.1940562203697,637.4643056281463,1235.8751125919327,638.2305942587246,1239.55987731897,638.9788178740743,1243.251089808093,639.6944986286767,1246.9510946107334,640.3631553877005,1250.6614269144582,640.9718044048975,1254.3822837804912,641.51235664702,1258.112637090886,641.9829422346156,1261.850861911722,642.3863065307731,1265.5954072872987,642.7260829808243,1269.3449065585637,643.0060142819007,1273.0981420806816,643.2304654272934,1276.8540089315243,643.4056180173113,1280.61155932795,643.5401306803193,1284.3700955606853,643.6437376715359,1288.129158204008,643.7262659814439,1291.8884559462258,643.7974111525886,1295.6477819065694,643.8670670244478,1299.4069429099268,643.945034585644,1303.165671041435,644.0414691021952,1306.9235186647838,644.1674349328287,1310.6798688131862,644.3319737876524,1314.434179413649,644.5378920785081,1318.1862194285732,644.7817743192313,1321.9360525891557,645.0575768253553,1325.6838938436674,645.3592833109255,1329.4300594012564,645.6811579166149,1333.174918085102,646.0179146277211,1336.9188253373216,646.3650993119809,1340.6621043762984,646.7189989520383,1344.4053124361171,647.0736496560662,1348.1494350167548,647.4184763272558,1351.8957465940425,647.7385608842023,1355.6449125412717,648.0231892465374,1359.3967799121317,648.2696929331332,1363.1507977878048,648.4809765383294,1366.906487972236,648.6601378108638,1370.6634520525497,648.8102822868511,1374.4213638613696,648.9345184527406,1378.1799624388284,649.035927759881
975,1198.0195529998666,632.9766309140074,1201.7722978553431,632.754471825353,1205.531318672767,632.7890909778273,1209.2777822685464,633.0978915528242,1212.9973981813603,633.6440742167679,1216.6864224742199,634.3696073845081,1220.3472123634895,635.2269452303293,1223.9888827062885,636.1625660450993,1227.6238243690925,637.1241172506195,1231.2636124990515,638.067095015444,1234.9160364843424,638.9597675111546,1238.5842873108948,639.7848989217459,1242.2697065727693,640.5294978981929,1245.9722515695737,641.1835574363562,1249.6903837060145,641.7422323139009,1253.4213076342744,642.2079664945203,1257.1620251115153,642.5872439104858,1260.9098689942082,642.8882364386708,1264.6626685533208,643.1196012242831,1268.4187199431958,643.2904978288425,1272.1767567639033,643.4103626106759,1275.9358917442344,643.4889809097108,1279.6955522674114,643.5367833636981,1283.455413506126,643.565305676967,1287.2153229499447,643.58688054864,1290.9751935885945,643.6141806047697,1294.7348810454223,643.6598421931697,1298.4940671935167,643.7359867885214,1302.2522199111124,643.8522289282316,1306.0086275390054,644.0152831172799,1309.7624937767034,644.2289528507818,1313.513103181476,644.4937323349463,1317.2601672520677,644.8047728127694,1321.0040133837008,645.1525125455678,1324.7455610193765,645.524240071736,1328.4861060250369,645.9059558070774,1332.2271669144243,646.2825641433544,1335.9703250572682,646.6376351333488,1339.7169702282745,646.9536152048598,1343.4678902703984,647.2137405335471,1347.2226868213638,647.4100975443743,1350.979586713082,647.5618971937521,1354.7368774858132,647.7038457134786,1358.494298455696,647.8423077263515,1362.251799891102,647.9785703542749,1366.0093343181372,648.1139208776037,1369.7668551909564,648.249646870304,1373.5243155661224,648.3870362092531,1377.2816667759425,648.5273770807755,1381.0388568113103,648.6719654217949
976,1200.7107816417688,632.0026560708027,1204.468051698823,632.1377984942225,1208.2155430875935,632.4396641215836,1211.9434415928267,632.9265025165176,1215.6394730572308,633.6143401412888,1219.2955805958536,634.4906100799918,1222.9153157329815,635.5073514358303,1226.5109293309317,636.6067692539231,1230.103873773132,637.714937826726,1233.7163946556047,638.757142167323,1237.3612550639305,639.6795740253209,1241.0371029915054,640.4695340479973,1244.7374310586895,641.1357272814002,1248.4556589792346,641.6936814624065,1252.1867228802707,642.1583585699202,1255.9268555280828,642.5435153060287,1259.6733727080752,642.8607967840302,1263.4244212635585,643.1191872145438,1267.1787063403524,643.3254125120206,1270.935248533252,643.4854796831406,1274.6932923484605,643.6053861886143,1278.45227501558,643.6911410848306,1282.2117985330394,643.7487200573682,1285.9715993560328,643.7841031094798,1289.731520437789,643.8031640279386,1293.4914814259384,643.8117256893497,1297.2514506475666,643.8157185748428,1301.0114174561018,643.8213998448581,1304.7713615483829,643.8353276012618,1308.5312166241579,643.8644062362232,1312.2908262727135,643.9160039412428,1316.0498861141177,643.9981812987035,1319.8078601996547,644.1200507069068,1323.5638931774022,644.2913856865555,1327.3166151177932,644.5239150028448,1331.0638536070726,644.8322194904302,1334.803595314977,645.2210546900336,1338.5355495696701,645.6789038742511,1342.2618086263751,646.1811950150168,1345.9856987226456,646.7008344430083,1349.7109447698604,647.2106187435203,1353.4409425122521,647.6842220458899,1357.1781148556968,648.0971336199227,1360.9232336272419,648.4301308501718,1364.6746544771229,648.6825838743403,1368.430327269878,648.8611795254376,1372.1885995344273,648.9727150768941,1375.9481854206385,649.0240247130155,1379.7081288230866,649.0219372573195,1383.4677644121714,648.9732382243585
977,1204.417694518273,631.8473775389298,1208.16618073241,632.1302442511075,1211.8848242845243,632.6811957474208,1215.559686798468,633.4738636456889,1219.1826588996794,634.4779324890258,1222.7568688073668,635.6444840319766,1226.3015525631163,636.8984548673889,1229.849597818125,638.1428197373505,1233.4312662209313,639.2861838649109,1237.0578174151815,640.2777380928818,1240.724870735895,641.1071590335633,1244.4230045922782,641.7849577699551,1248.1436747576236,642.3258790440274,1251.8800109747697,642.7455264559036,1255.6267375619761,643.0595819186932,1259.3799608354882,643.2834926050765,1263.1369381255065,643.4322439437871,1266.8958470970074,643.5202820758867,1270.6555749514887,643.5614972819072,1274.4155303600019,643.5692384514441,1278.1754774168987,643.5563603893592,1281.9353901814738,643.5353784371777,1285.6953212830301,643.5181901652603,1289.4552877901936,643.5152542486464,1293.2152060900667,643.5339574282058,1296.9749050689925,643.5785386848005,1300.7341659711167,643.6511611142679,1304.4927419494722,643.7532231470807,1308.250354897011,643.8860690312919,1312.0066905333192,644.0511081286603,1315.7613906639297,644.2498867011698,1319.5140463541443,644.4840903516362,1323.2642128703055,644.7552365893413,1327.0115295665828,645.063283572757,1330.7558442733605,645.4059265230633,1334.4972880572786,645.7786472480132,1338.2362188248117,646.1758160574004,1341.9731619461754,646.5912937037205,1345.7087654078155,647.0186638858767,1349.4437442645562,647.4514654281899,1353.1787973125981,647.8836254963751,1356.9146030596737,648.3092225466297,1360.6515245181429,648.7249082693014,1364.389497073311,649.1310348593422,1368.1284280382447,649.5282423928227,1371.8682293142158,649.9171715477112,1375.6088170676298,650.2984634930177,1379.3501114046117,650.6727597940946,1383.092036043772,651.0407023321154,1386.8345185447497,651.4029274581516
978,1208.0536625705602,631.7694178804413,1211.7283398826548,632.5621939409534,1215.348274073941,633.5771721277011,1218.9162142310797,634.7625746140402,1222.4452181642228,636.0598862345759,1225.9640213726498,637.3847836887622,1229.5082969049374,638.6394658866079,1233.1030434869026,639.7403615105527,1236.7519218787759,640.6457530915021,1240.442147501001,641.3648344170273,1244.159269621407,641.9294584921126,1247.892955087581,642.3722038537867,1251.63674406395,642.7198241309438,1255.3868039010415,642.9919426780666,1259.140902234558,643.2013722467863,1262.8975509395689,643.358833941041,1266.6557318349787,643.4743662908085,1270.4147802418738,643.5572689173997,1274.1742964582427,643.6154564858048,1277.9340501713136,643.655688574941,1281.6939133388978,643.6841000663271,1285.4538174136255,643.7065785138078,1289.2137227692494,643.7288462591175,1292.9735914325165,643.7565368203303,1296.7333613994758,643.7952507107823,1300.4929212042407,643.8506003969627,1304.2520835912949,643.928257507088,1308.0105566275238,644.0340202151581,1311.767913811197,644.1738013738734,1315.5235565052326,644.3537378105877,1319.27668248211,644.5800846950091,1323.026459096342,644.8563951016384,1326.7723809620747,645.1808726298636,1330.5146150137027,645.5455247276093,1334.254084967601,645.9375897795934,1337.9922723260274,646.3417412158196,1341.7310899703202,646.7399947770875,1345.4724049034596,647.1139786691108,1349.2171499234346,647.4518455089444,1352.9646032970782,647.7583224518859,1356.712802260536,648.0556158797672,1360.4597127586978,648.3686919521236,1364.205037525879,648.70020444079,1367.948784448712,649.0490886175864,1371.6909762030743,649.414280250954,1375.4316493238916,649.7947159714821,1379.1708532728994,650.1893335768434,1382.9086495085635,650.5970722595065,1386.6451105600825,651.0168727627758,1390.380317600032,651.4476904126768
979,1210.683171101981,632.6014566326647,1214.3008349448846,633.6243467660114,1217.8655182158134,634.8195731794772,1221.3956828314801,636.1138035616842,1224.9226534478355,637.4167678821622,1228.478007355213,638.6397242189922,1232.0775634213924,639.7252629201779,1235.7195312752958,640.6588640849869,1239.393957418256,641.4554435606348,1243.0928374427103,642.1296120906826,1246.810750704278,642.6894899481263,1250.5433065171778,643.1417174127134,1254.286609867819,643.4942984661881,1258.0373470108384,643.7564996785752,1261.7928729357218,643.9379812674853,1265.551164604252,644.0487706953828,1269.3107644061595,644.0992064372304,1273.0707139400429,644.0997706790555,1276.830472772188,644.0610062905844,1280.5898313916532,643.9934646024993,1284.3488223175339,643.9076860447925,1288.1076313062263,643.8142029199593,1291.8665092001092,643.7235599905121,1295.6256839512153,643.646353630011,1299.3852705906966,643.5932348366895,1303.1451788090326,643.5745255713097,1306.9050498581378,643.5985683196365,1310.6642927049213,643.6711404946219,1314.4221494907972,643.796254759716,1318.1777120502627,643.9775211334774,1321.9299056248399,644.218588133187,1325.6774388484002,644.5235757654181,1329.418943345848,644.8952731858068,1333.1534558575966,645.3317264915344,1336.8812286173882,645.822550693761,1340.603969327939,646.3503072764755,1344.3245540162213,646.8931080107191,1348.046321896138,647.427707542986,1351.7721890440728,647.9328550317697,1355.5036616899847,648.3947081577736,1359.2404426425994,648.8115020636353,1362.9810393295718,649.1925960648579,1366.7246964027781,649.5423697895718,1370.470925955114,649.8634409178158,1374.2193004600192,650.1584367369234,1377.9694474904497,650.4299905685995,1381.7210443008785,650.6807388677818,1385.4738123101697,650.9133190555326,1389.2275115260657,651.1303680043555,1392.9819354723707,651.3345112355668
980,1213.4228339598315,633.2104910880952,1216.8769689731018,634.6953952378392,1220.309424890219,636.2301841636031,1223.7730530533793,637.6927634524161,1227.2987572277582,638.9981043406301,1230.885981535143,640.1233936563145,1234.522060086854,641.0794886006931,1238.1936911268103,641.8887622163385,1241.8911854741514,642.5704153634399,1245.6086540904896,643.1331462403666,1249.3418717303755,643.5796388022383,1253.0868328902616,643.9138127073905,1256.8396400814106,644.1440663420065,1260.597029061088,644.2811068196013,1264.3565320516993,644.3362894304681,1268.1164284440893,644.3213105277671,1271.875657221188,644.2481066421016,1275.6337124910397,644.1286433761094,1279.3905306036252,643.974901683074,1283.1464008882763,643.7993916710491,1286.9018743377767,643.6155343627375,1290.6576249842399,643.4374649137276,1294.4142039617764,643.2779344938807,1298.1718923628432,643.147274608463,1301.9306809983373,643.0537072050181,1305.690308505643,643.0047961685898,1309.4502435106035,643.0082734050147,1313.209624297803,643.0722713831199,1316.9671857487292,643.205219963581,1320.7211942087217,643.4155858271978,1324.4693813242957,643.7119109814457,1328.2091712145996,644.1000236197654,1331.9384419863222,644.57888258012,1335.6568728955592,645.1358975298069,1339.3668962342683,645.7466219149243,1343.0739036045456,646.3754922501165,1346.7850486348123,646.979308083893,1350.5062187658373,647.5176254159816,1354.2375273694345,647.9805334556136,1357.9755218909218,648.3862962564098,1361.7161805077637,648.7668841416648,1365.4568476819177,649.1473974736086,1369.1968684925694,649.5342126055544,1372.9362682363533,649.9269867345854,1376.6750750112428,650.32536618863,1380.413318502463,650.7289974536762,1384.1510298810847,651.1375271779056,1387.8882417028774,651.5506021728781,1391.624987807422,651.9678694119766,1395.3613026469038,652.3889810722588
981,1216.0834327078217,635.7753426520543,1219.5729870382715,637.1753625402935,1223.095496624226,638.4899614854147,1226.6620342934934,639.6796878284135,1230.273621034561,640.7246132413143,1233.9247374918145,641.6217687715588,1237.6073525534682,642.3795302578243,1241.314076610462,643.00905204357,1245.0390032842217,643.52014525491,1248.777374669971,643.921432244299,1252.5253272517384,644.220479016291,1256.2796961020863,644.4239296524273,1260.0378641958084,644.5376543206091,1263.7976481592414,644.5668657209532,1267.5572095142363,644.5160217069971,1271.3150351625252,644.3906643773612,1275.070118448135,644.1997532678242,1278.8222660568172,643.9576341858889,1282.5721434137931,643.6823915974412,1286.3210098329573,643.3936291513074,1290.0703913913894,643.111676632049,1293.821762679744,642.8577618915652,1297.5761413202997,642.6534849882843,1301.3335594182263,642.5166055170292,1305.0930078624567,642.4584335282384,1308.8528141133168,642.4837941776988,1312.6110335544058,642.5957635332499,1316.3656125149437,642.7954833401196,1320.1146701254715,643.0807648175421,1323.856907529421,643.4448866790433,1327.5918195229362,643.8778791357408,1331.319657533939,644.3681734519237,1335.0413455351322,644.9032440710386,1338.7583798879778,645.4698022416916,1342.4725846714123,646.0546572877679,1346.185807526168,646.6457246108203,1349.8997384345685,647.2323202804057,1353.615834481503,647.8050216204452,1357.3352736360396,648.3555677034451,1361.058783845459,648.8778496710518,1364.7862256436854,649.3713142117809,1368.516576374029,649.8423062494423,1372.2493437829576,650.2937515918983,1375.9842354242655,650.7272775523439,1379.7209823687028,651.1445149672935,1383.4593370999542,651.5470975026781,1387.1990714195406,651.9366608105126,1390.9399743254046,652.3148418629562,1394.6818498716145,652.6832784443085,1398.424515676165,653.0436018585344
983,1221.9183598978916,637.9812237109121,1225.4174616491327,639.3570596321347,1228.9564730760812,640.6264625768373,1232.5416181209562,641.7587492175898,1236.1734394287244,642.730715795196,1239.847120543696,643.5299884355567,1243.5541959629224,644.1565234684753,1247.285350761173,644.6188831520864,1251.03213864898,644.9307832660729,1254.7877027671257,645.1092571060714,1258.5470161469518,645.1725873241159,1262.3067307718395,645.1372338240624,1266.0647497165462,645.0180972570585,1269.819908031121,644.8287951001249,1273.571732470193,644.5818598405642,1277.3202600551917,644.2889587296121,1281.0659125679501,643.961238906104,1284.8093652840519,643.6092225830283,1288.5514504145156,643.2429216662642,1292.2932221488998,642.8734266203145,1296.0365863926345,642.5205294197738,1299.7841162173231,642.215531452823,1303.5375024511386,641.9949132650884,1307.2956643607422,641.8830497877631,1311.0555015358352,641.8841934080854,1314.8137943288716,641.9925320271326,1318.5678443449467,642.2015602499414,1322.3152801715382,642.5071290826403,1326.0541443533234,642.9041551365483,1329.783234411002,643.3845328441571,1333.50237208232,643.9368366562646,1337.2123639910333,644.5476727131839,1340.9148531241437,645.2025352901088,1344.6120685816293,645.8865980247016,1348.3064920018692,646.5856073967615,1352.0005219810791,647.2866961876555,1355.6965220016289,647.977308795645,1359.3960829267771,648.6485710255062,1363.0990562985094,649.3007657422917,1366.8028427794975,649.9483366691678,1370.5040938086913,650.6102151006295,1374.2020759918614,651.2901417488099,1377.8985252590926,651.9783596081362,1381.5938035042639,652.6728381673886,1385.288037208836,653.3728523078854,1388.981356114964,654.077677471861,1392.6738927938575,654.786589619624,1396.365782217012,655.4988651704668,1400.0571613292652,656.2137809336872,1403.74816846831,656.930614830021
984,1224.1343284486184,639.7647302336899,1227.698669960492,640.9616340733929,1231.2848302931827,642.0913490179262,1234.8991843270742,643.1271063637233,1238.5477511121874,644.0344744877668,1242.2354354214926,644.7659824599688,1245.9581939095692,645.2899314408866,1249.7043304249337,645.6072973682443,1253.4614818045427,645.7450387644813,1257.2212283004405,645.7329231634546,1260.9784807311946,645.5939532510401,1264.7301987705243,645.3466237502738,1268.4749640032994,645.0095712122645,1272.2131909503626,644.6060780269272,1275.947034685345,644.1636494571025,1279.6793538682819,643.7084819351331,1283.4129242098236,643.2637361541842,1287.1501421394794,642.8508962020095,1290.8927545182469,642.4904503577922,1294.6412248599977,642.1973295421351,1298.3947915684794,641.9790509852191,1302.1520184621222,641.8371091154748,1305.9113605804025,641.7719641354786,1309.6712459777013,641.7841896509719,1313.4300570718428,641.8747939661857,1317.186091004244,642.0452601003284,1320.9375586144747,642.2969077896424,1324.6827390370977,642.6292938224838,1328.4202074814523,643.0394671801223,1332.1490181725508,643.5221186337144,1335.868678092609,644.0709203080746,1339.5791177613696,644.6789992776576,1343.2806700570775,645.3390736068554,1346.9741073434498,646.0431851687009,1350.6608895011057,646.7813947703057,1354.3435419233238,647.5399740964947,1358.0254569810302,648.3021311489583,1361.7100714792416,649.0511087976973,1365.3994690010543,649.7761387121731,1369.0937133569626,650.4760658775213,1372.7931178309623,651.148141705158,1376.4997090081074,651.7793376479494,1380.2131710167705,652.3687849626607,1383.9325759411702,652.9195076173597,1387.6570911043818,653.4345550347823,1391.385972573739,653.9169936432357,1395.1185581345921,654.369900247937,1398.8542599224113,654.7963568203733,1402.5925568282764,655.1994465793276,1406.3329892335414,655.5822266807431
985,1226.8870746817715,640.9695309319377,1230.395899248525,642.3195419808502,1233.9698438346254,643.4861587295177,1237.6032569640402,644.4514213951292,1241.2886556557794,645.1933939719812,1245.0137024705018,645.7002626368185,1248.7623863632755,645.9852017190776,1252.5207783292813,646.0830395507107,1256.2802025553406,646.0313159523952,1260.0362417079723,645.8620162309429,1263.7871037074185,645.6014314991211,1267.5327499809405,645.2739181535952,1271.2742322116455,644.901632870969,1275.0129774226202,644.5027138467584,1278.7502237135614,644.0899563584869,1282.4870422104896,643.6733365410615,1286.224505514592,643.2625532870256,1289.9636769542155,642.8676544807182,1293.7055030752074,642.4988172359623,1297.4507363459209,642.1664502014432,1301.1998466937491,641.8812712913717,1304.95291141699,641.6542123069542,1308.7095076434396,641.4963967161067,1312.4686105895482,641.4195279701182,1316.2284426959004,641.4353629438576,1319.9864763447958,641.5523868947744,1323.739863973752,641.772823948349,1327.4859215363285,642.0947026937964,1331.2220838788203,642.5161979299763,1334.9458601637932,643.0358926256232,1338.6547691333749,643.6527905617876,1342.3457377087316,644.3692383937154,1346.017535112026,645.1783448224089,1349.6713527749368,646.0652388919261,1353.312771769188,647.0019411044736,1356.9594788217391,647.9177087271556,1360.6246034576548,648.7564320996363,1364.3088865216057,649.5067480186099,1368.004469889658,650.1994871906722,1371.7058410954883,650.8606978936854,1375.4093888889738,651.5096329752579,1379.1111174123996,652.1688237632661,1382.8062599407374,652.8639281680693,1386.4939637892003,653.5974870569945,1390.1744617319519,654.3663963910859,1393.8480752338091,655.1675626025659,1397.5152058888127,655.9979067616316,1401.1763269644468,656.8543673530088,1404.8319751262259,657.7339017821382,1408.4827384406562,658.6335027379718
986,1230.274703657733,643.1570284887969,1233.7073944537362,644.6873431916299,1237.2888317502177,645.8254044080303,1240.9742656878113,646.5618186887605,1244.7121413201671,646.9602886747181,1248.46868413488,647.1075507454528,1252.2279423263471,647.0551294427189,1255.9817457151894,646.8436469857445,1259.7267968404933,646.5103545311476,1263.463039938668,646.0891362843056,1267.1920095625555,645.6075066109038,1270.9155330576996,645.0853274234831,1274.6355546239229,644.5387015335193,1278.3542174919278,643.9828861522266,1282.0738752877369,643.4337851123984,1285.7968321912806,642.9075764674031,1289.5251065014265,642.4205784143796,1293.2602109794377,641.9892574065465,1297.0029204843743,641.6301253859012,1300.7529995710615,641.3589457016892,1304.509023571637,641.1895066144783,1308.2684031470287,641.1312595479401,1312.027827032869,641.1867120583254,1315.7840632565303,641.3514876775713,1319.534514772318,641.6174389846473,1323.277382632495,641.9747987286182,1327.0115949564847,642.4136060230612,1330.7366045315048,642.9247813131847,1334.4522647756257,643.5000626177562,1338.1587483358007,644.131828287002,1341.8564944262014,644.8129156262478,1345.5461875017922,645.5363934594158,1349.2287583730536,646.2953196662384,1352.9054205631576,647.0823960381155,1356.577714703712,647.8896250266964,1360.2474724942656,648.7083178753737,1363.916479314668,649.530372383992,1367.5861510201812,650.3494523344073,1371.2572325010085,651.1621895745052,1374.9296700934758,651.9687766501107,1378.6046844445616,652.7635278501901,1382.2836158449934,653.5399422260336,1385.9662709331528,654.2985005101367,1389.6523239389523,655.0403736825995,1393.3414650851444,655.7667367629313,1397.033399543936,656.4787680726085,1400.727846364411,657.1776486023809,1404.4245373766753,657.8645614726898,1408.123216077153,658.5406914799141,1411.823638955217,659.2072110210356
987,1232.8881935420372,644.9289611772563,1236.4865781179512,646.0138382550009,1240.1723716016515,646.750878114207,1243.9060488160217,647.1875045474876,1247.6611695599836,647.3654803913852,1251.420391779255,647.3196638503433,1255.1725765214705,647.0830621148929,1258.9115507064482,646.6883674348034,1262.6352547010538,646.1683513207355,1266.3449164962503,645.5557334057371,1270.0441818324698,644.8829379781776,1273.7382070882775,644.1818336255513,1277.4327462619062,643.4834523237137,1281.1331394190727,642.8168946839288,1284.8434568364362,642.2081900617608,1288.5659423397965,641.6792063627613,1292.3006549933,641.245083347088,1296.0459404351955,640.914489695232,1299.799158978006,640.6914266093396,1303.5572839708952,640.5778773124749,1307.3171280600175,640.5721726750394,1311.0757318098038,640.669455810563,1314.8306194361303,640.8630799426933,1318.5798206681648,641.1463769422307,1322.321815111533,641.5128875547799,1326.0554764682777,641.9563973856614,1329.780021526701,642.4709451491773,1333.494965139441,643.0508151571998,1337.2000912007325,643.6904633795291,1340.8954284096271,644.3844663831563,1344.5812308245538,645.1274747372306,1348.2579777690728,645.9140963146447,1351.9264674465321,646.7383931755185,1355.5879503336305,647.5933003856348,1359.2441695746338,648.4704651966722,1362.8972123991186,649.3607775990213,1366.5491677122825,650.2555440476474,1370.2022580711728,651.145660571695,1373.859168177957,652.0199299221299,1377.5233222416155,652.8632726097552,1381.198171395327,653.6586236218034,1384.8877620853075,654.382267896678,1388.5944075345712,655.0126782528849,1392.3153152737518,655.5526749696394,1396.0473684606147,656.0094405673982,1399.7879414463628,656.3903148259982,1403.5348661069947,656.7027133658987,1407.286390486334,656.9540653515487,1411.041133093475,657.1517688450127,1414.7980369413149,657.3031214344788
988,1235.6841536635795,646.1157094749786,1239.3483887674997,646.9536558359496,1243.0695938886322,647.4853809179207,1246.8201834562221,647.7401333431911,1250.5795751977876,647.7521429879183,1254.3338324723957,647.5528378229099,1258.0738638103994,647.1692918559394,1261.7942743074116,646.6269425239217,1265.4936883444357,645.955628355213,1269.175322149274,645.1923981204761,1272.846339829527,644.3794153117362,1276.5156194452086,643.5585894836813,1280.1922997161023,642.7717327439597,1283.8839258500675,642.0585873925094,1287.5941970340393,641.4501899865282,1291.3220736504297,640.9612559665861,1295.0639360840214,640.5943147938297,1298.815526028175,640.3456247213243,1302.5729301986894,640.2104075462091,1306.3326835026257,640.1836316821883,1310.0917635656099,640.2602148425649,1313.8475644589969,640.4351072432293,1317.5978651197534,640.7033357459437,1321.3407969946238,641.0600299876329,1325.0748188260582,641.500387270045,1328.7986921559398,642.0196751224436,1332.5114893502337,642.6130495018192,1336.2128162660456,643.274270400649,1339.9030181360058,643.9950608506099,1343.5831995783913,644.7654377448085,1347.2550287519634,645.5747326906725,1350.9205813220526,646.4120290068016,1354.5822438580528,647.2661959074708,1358.2426263550965,648.1258379957557,1361.9044750655503,648.9792050861657,1365.5705773914156,649.8140860459181,1369.2433389607781,650.6191335054452,1372.9240772063374,651.3868738697385,1376.612359579665,652.1175290752655,1380.3062455493775,652.8193455822149,1384.0027732357462,653.5071430033227,1387.6994926983693,654.1939107515382,1391.3961294678886,654.881123470454,1395.0926871121933,655.5687616824085,1398.7891692050878,656.2568059153372,1402.4855793268548,656.9452366980148,1406.1819210639414,657.6340345600299,1409.8781980086535,658.3231800317559,1413.5744137588322,659.0126536443213,1417.2705718335687,659.7024363795169
989,1239.618615578743,647.5279936402724,1243.3469758859355,648.0028474165181,1247.1036839186172,648.1263355039515,1250.8573837567303,647.9281827201581,1254.5843236054807,647.4371489007945,1258.2717525200464,646.7046830726108,1261.9230109397656,645.8077628724945,1265.5553414928622,644.8364440841561,1269.1893660057813,643.871506079295,1272.8400811900274,642.9720787199136,1276.5141731344056,642.1737294940637,1280.2116346919954,641.4918485348156,1283.9290478857868,640.9287680424055,1287.6620442900112,640.4803465338216,1291.4065216802805,640.1407241007101,1295.1589464333504,639.9043879777661,1298.9162856615167,639.7664568126145,1302.6759090897774,639.7226641649929,1306.4355047661923,639.7693204911415,1310.19300827557,639.9032767530807,1313.9465415730015,640.1219011722986,1317.6943542100496,640.4231199508334,1321.4347751636053,640.8053492623926,1325.1661798547866,641.2673866597543,1328.887001728148,641.8080907759382,1332.5959051350926,642.4252989181293,1336.2921467736548,643.1143432306264,1339.9757887419364,643.8679060532231,1343.6476654814069,644.6769081215521,1347.3091628683853,645.5317042804706,1350.9621049954599,646.4223868193822,1354.6086953279223,647.3387530487244,1358.251596749147,648.2696923734544,1361.8943709327573,649.2011300525315,1365.5410358541228,650.1171926318868,1369.195066049043,651.0033863104924,1372.8583969986482,651.8502856746097,1376.5313577508641,652.6543895335126,1380.2132335401125,653.4166468065814,1383.9028250976967,654.1406550500375,1387.5989435527483,654.8305847185858,1391.3008107067826,655.488980732963,1395.0077981904376,656.1179165604402,1398.7193218069992,656.7195135303947,1402.4348442988112,657.2959060109703,1406.1538721834515,657.8492374572628,1409.875952283879,658.3816578214062,1413.6006681412473,658.8953214515677,1417.3276363415612,659.3923854369996,1421.0565053040925,659.8749886639677
990,1242.2977542314331,648.0277378688941,1246.0477247616127,648.2609375396596,1249.7991387183488,648.036380564801,1253.5154576514153,647.4704032598361,1257.1959186530194,646.7025045884092,1260.851627017282,645.823474643742,1264.496774141,644.9013743687086,1268.1438557317902,643.9869754740294,1271.80029429261,643.1108313156458,1275.47026256574,642.2933258453505,1279.1569417508867,641.5550266799296,1282.8619327877152,640.9151223101097,1286.5842890089148,640.3856063534615,1290.3208627350284,639.9680239364279,1294.0680198747166,639.659393056916,1297.8223610921634,639.4558659123837,1301.5808523376681,639.3544163330671,1305.3407167141308,639.3526776179102,1309.099349738571,639.4490142368234,1312.8542316492249,639.642583456067,1316.6028611309619,639.9330807838612,1320.3427927993937,640.3197811509158,1324.0717837993955,640.8007076211867,1327.787970581167,641.3722714304043,1331.4901089773175,642.0287774233395,1335.1779509488927,642.7614268135674,1338.852323128287,643.5589709205311,1342.5149836325627,644.4087484609868,1346.16839514904,645.2974995082767,1349.8155462673635,646.2116346699589,1353.45973830785,647.1375108630708,1357.104321690348,648.0618435622014,1360.752465890306,648.9720043577773,1364.4070080052109,649.8560965982792,1368.070223867559,650.7034956112393,1371.743312070225,651.5070051409729,1375.4261647922897,652.2645044818681,1379.1176713681493,652.9786610081985,1382.8163425551036,653.6547619253574,1386.5206491238173,654.2993008464096,1390.2288387180386,654.9211477329595,1393.938437734026,655.5345472936581,1397.648487678208,656.1452138599741,1401.3588947445699,656.7537069448141,1405.0695735566119,657.3605408021692,1408.7804394267835,657.9662298062226,1412.4914081423676,658.5712884172376,1416.2023957511315,659.1762311488072,1419.9133183468414,659.7815725358679,1423.624091597994,660.3878286730182
991,1245.5140609638638,648.1600070063649,1249.267404014015,647.9711155446961,1252.983119608182,647.403644560228,1256.6583361154978,646.6107668241358,1260.3190237798556,645.7524368685825,1263.9837535987535,644.9115355881099,1267.6483392314162,644.0700043313856,1271.3068484531173,643.202483774835,1274.958550231327,642.3067019569713,1278.6098114823176,641.4091310267929,1282.2722660654056,640.5586284548787,1285.9555267477558,639.8037841868636,1289.6626639219712,639.1769335597485,1293.390893778601,638.6911754468375,1297.1351780666473,638.3507175479808,1300.890135620168,638.1618311380138,1304.6497000493214,638.1349876204849,1308.4063595653106,638.2837881214674,1312.15094475861,638.6193567124693,1315.8758057616606,639.1298355909471,1319.579496542292,639.7771655896372,1323.2674728434292,640.5092113588228,1326.9467975645382,641.2837333949092,1330.6211263195346,642.0816446370005,1334.2916194039583,642.8970228356503,1337.958486624495,643.7285560992748,1341.621721566385,644.5759478906639,1345.2812643540713,645.4391452554728,1348.937073964328,646.318019419077,1352.5891699304436,647.2122007105831,1356.2377880927038,648.1204720566452,1359.8841172254727,649.0378955168502,1363.5306271263112,649.9545990610907,1367.1808435463915,650.8564074839891,1370.8385996348297,651.7270811213527,1374.507040006725,652.5515127482317,1378.187756633537,653.3192368796826,1381.8806498265685,654.0260691712896,1385.5843902340366,654.673689486607,1389.2972990585936,655.2665377660346,1393.0171044510494,655.8145449602182,1396.7417686551253,656.3285263526205,1400.4705025358653,656.8121148637232,1404.2027245977843,657.2680154497382,1407.9379138601264,657.6989440411749,1411.6756042349546,658.1076237366512,1415.4153787321027,658.49678185134,1419.1568635481165,658.869147717558,1422.899722082077,659.2274511464789,1426.6436501461062,659.57440800269
992,1248.8068227883389,648.3878160470858,1252.530402920609,647.8745003922198,1256.2099731779144,647.103218513507,1259.8509998269737,646.1659939557787,1263.455171801571,645.0954245236251,1267.029608400145,643.9291089786174,1270.589127363392,642.7178364288206,1274.1544323534674,641.5237951582175,1277.7470467548585,640.4150765178538,1281.3816284192965,639.4535464882417,1285.0611355128194,638.6821873216728,1288.7780165681913,638.1176814153896,1292.5196957533049,637.7513281897754,1296.2747664238134,637.5658575327825,1300.0344097897355,637.5436037029714,1303.792093536452,637.6684751689721,1307.5430642744855,637.9259486618158,1311.2839186268336,638.3031988438189,1315.0122672484313,638.788905789216,1318.7265285023243,639.3727853078279,1322.4258384398706,640.0450201443641,1326.110058756307,640.7956503117217,1329.7798362179174,641.6140534382928,1333.4366716789211,642.4885382331356,1337.082937298565,643.4061528784193,1340.7217607284765,644.3528874550682,1344.3568008176098,645.3140657479777,1347.9919974370334,646.274651028099,1351.631330436241,647.2194215428323,1355.2785300000298,648.1333121099776,1358.936146430161,649.0045368059273,1362.604804567225,649.8280294319687,1366.2832158100953,650.6068302971922,1369.969116624101,651.3494179057404,1373.660128594693,652.0662020362029,1377.3543019834187,652.7665260939949,1381.050473713754,653.4562299328511,1384.7484495400417,654.1361938231402,1388.4484318646494,654.8051508030368,1392.1506823621148,655.4614364542226,1395.855139085196,656.1051565153189,1399.5609998200189,656.7407488612918,1403.267880182049,657.3703677564856,1406.9756885112056,657.994498996699,1410.6843376886923,658.6136145678386,1414.3937425132704,659.228186795436,1418.1038195229505,659.8386882969645,1421.814486815818,660.4455919387918,1425.525663870155,661.0493707973063,1429.237271714487,661.6504959558467
993,1251.8788256242526,647.0981526846915,1255.5890359145442,646.4910563195599,1259.2637340518345,645.6965921075148,1262.8972144152572,644.7307113271545,1266.4914927634566,643.627344432882,1270.0595239645972,642.4414720886862,1273.6211387478447,641.236371170187,1277.1958942182996,640.0710039097253,1280.8009260639576,639.0034531825413,1284.448572473389,638.0929323067178,1288.1421990820259,637.3929241751109,1291.8728916846715,636.9298889806065,1295.6254610029314,636.7033916061865,1299.3849590915197,636.6945472261041,1303.1400648296503,636.8786382505579,1306.8833074492866,637.2301124106574,1310.6105252246757,637.72389121427,1314.3202548330003,638.3357217759553,1318.0131768027313,639.0422081709771,1321.6917066601077,639.8203399352135,1325.3592836791147,640.6486655883638,1329.0194511277607,641.5091905684845,1332.6749148458512,642.3895027449521,1336.3273683527007,643.2822288090467,1339.977882947878,644.182853363331,1343.6272702325662,645.0880364406314,1347.2763102787465,645.9946187400274,1350.9257881595786,646.899436370922,1354.576482597821,647.7993314580281,1358.2291468709498,648.69119494903,1361.8845150701345,649.5719069425767,1365.5434315006542,650.4377535262622,1369.2069427407423,651.2839369689755,1372.8761860179045,652.1048942940666,1376.5521285120135,652.8952981191901,1380.2353727945792,653.6509333706407,1383.9255125849518,654.3721573543191,1387.6206664930796,655.0672791726203,1391.3175280091682,655.7532815928673,1395.0133068023993,656.4450855770407,1398.707061811836,657.1476177280466,1402.4006721423877,657.8509074762595,1406.0982250782035,658.53312866819,1409.8004909969547,659.1892977014685,1413.507000334258,659.8210620908674,1417.2173150128324,660.4300852397158,1420.931027829986,661.0180370550762,1424.6477603554745,661.5865923201974,1428.3671607610627,662.1374293393594,1432.0889049612238,662.6722051848151
994,1254.8608375013864,645.9978640791211,1258.521304222924,645.1395622699235,1262.151316584421,644.1600483224828,1265.7568420074629,643.0936837392267,1269.3472938981672,641.9774582259976,1272.9326359169527,640.844894062862,1276.5205960471174,639.7207310800832,1280.1386579077403,638.6983627935239,1283.7610216368055,637.6913353286785,1287.3511379512038,636.5741414451549,1291.0052888498449,635.6989102799605,1294.7523410945705,635.4947529935009,1298.5058357127953,635.7120257516302,1302.2653165972513,635.768217506599,1306.0168962205873,636.0047257150555,1309.7487562120975,636.4614431770775,1313.4586963185511,637.0710141761158,1317.1398215286522,637.8358390877287,1320.7927572986225,638.7260106693153,1324.4213141242417,639.7110925217986,1328.031522228157,640.7615952959452,1331.6311771690632,641.8477934190392,1335.228358120904,642.9421752087807,1338.830169136203,644.0211941685437,1342.4416910734387,645.067212000181,1346.0658307839444,646.0686041919238,1349.703815948436,647.0184449541534,1353.3553931864403,647.9146150238983,1357.0187916576842,648.7612068335144,1360.6912060414343,649.5678404560588,1364.3695774755274,650.346897197468,1368.0511095444808,651.1108990927352,1371.7338045017868,651.8692803151204,1375.4170229503593,652.6251141812339,1379.1019590137284,653.3725193137423,1382.7911396348595,654.0986450894443,1386.4876128101582,654.7865971200857,1390.1949428237865,655.4131609097278,1393.9163224063789,655.9497581329874,1397.6496700219259,656.3958662135441,1401.3848776456318,656.8264369925889,1405.1107136539363,657.3313812724172,1408.8250462509416,657.9150236656021,1412.5273216073037,658.5708732693216,1416.217360565309,659.2924437199405,1419.8953198722088,660.0732957036992,1423.5616526261538,660.9070670835088,1427.2170694080141,661.7874919136148,1430.862501098194,662.7084098633788,1434.4990556211221,663.6637991431561
995,1257.9145743424695,644.0773295209693,1261.4606337217847,642.8272784931974,1265.0253797876776,641.6316034005976,1268.6116146301965,640.5020765316419,1272.2216940752994,639.4513343588447,1275.857363193055,638.4929912726665,1279.5195442996878,637.6417155811486,1283.2080726854122,636.9132424495792,1286.921381623122,636.3242890491717,1290.6561500235696,635.8923286163065,1294.4069447716072,635.6351766109152,1298.165914723615,635.5703504092721,1301.9226221711228,635.7141521141782,1305.6659920469551,636.0630877367389,1309.391094163439,636.5722496753568,1313.0939614076826,637.2237849190786,1316.7711803348052,638.0074458407754,1320.422200713205,638.9054874416536,1324.0488814189598,639.897438935467,1327.6558696262334,640.9589174058619,1331.2507980423254,642.0606529069998,1334.8433358362252,643.1701795391839,1338.4428294573572,644.256879606068,1342.0553702744621,645.2993235704365,1345.6832982949768,646.2868646485583,1349.3260553621749,647.2182323300972,1352.981651211452,648.0978885576446,1356.6479795243677,648.9317126097732,1360.3231607982752,649.7256325535003,1364.0055853677175,650.4852694348326,1367.6938653232557,651.2159651858397,1371.3867759731456,651.9229001685183,1375.0832679189689,652.610874101619,1378.7825881414512,653.28347863224,1382.4844333583726,653.942045325167,1386.1888177279234,654.5861745967427,1389.8957424136752,655.2155201465645,1393.6049662346934,655.8311747416868,1397.315979951412,656.4359505414585,1401.0285210293207,657.031278902959,1404.7429262242124,657.6148552238558,1408.4606136812986,658.1770888758399,1412.1838023349387,658.7015942002884,1415.9124353755217,659.1859018215149,1419.645745618406,659.6327467778259,1423.3830482604928,660.0448887608245,1427.1237361401263,660.4251007943222,1430.8672739568274,660.776163806224,1434.6131922396262,661.1008623245747,1438.361083181412,661.4019552703188
996,1261.0868471776248,641.3782017262437,1264.6648659236403,640.2228660826581,1268.2647167545529,639.1375414187363,1271.8887552788028,638.1360457824742,1275.5386208160555,637.2333435902099,1279.2149761306923,636.4456371907753,1282.9171802196206,635.790376989568,1286.6428970502877,635.2861423922172,1290.3876607024145,634.9523337357873,1294.144445267948,634.8086116222927,1297.9033246566287,634.8740356631132,1301.6514521008075,635.1648359638859,1305.3784596733913,635.6591141882232,1309.0826596240938,636.3031040984517,1312.7624824051884,637.074521824496,1316.4183106217504,637.95287427101,1320.052334106084,638.9176179271582,1323.6676399139776,639.9504015869223,1327.2686869267015,641.0319333943027,1330.8614113433534,642.1408480403946,1334.4528944926558,643.2537840171524,1338.0500874550385,644.3480958195305,1341.6576266681604,645.4077668379956,1345.2771152121045,646.4258645865557,1348.9083974808898,647.4010638797188,1352.5507139233423,648.3342113599767,1356.203267917179,649.2264514979158,1359.8652407000077,650.0792175783373,1363.535800851637,650.8942364502132,1367.214104783485,651.6735710340537,1370.8993064811152,652.4196168040825,1374.5907034490222,653.1343850438471,1378.2878753466189,653.818654427748,1381.990684875975,654.4717236447173,1385.699155399025,655.0918306734953,1389.4133671816242,655.6765541517566,1393.133393960462,656.2230450609982,1396.8591583627324,656.7289332194683,1400.590252365934,657.1938909815453,1404.3259859112832,657.6199965927972,1408.065213426459,658.0143375372552,1411.806796099445,658.3856954375582,1415.55032673399,658.7368825413197,1419.2955273050875,659.0697976624737,1423.0421476450738,659.386343109113,1426.789962610905,659.6884235000706,1430.538769213663,659.9779448589104,1434.288383723123,660.2568139444446,1438.0386387563647,660.5269377867859,1441.789380688814,660.7902186284291
997,1264.3306615619358,642.389314730522,1267.8093848881083,640.9625325244629,1271.3125720907851,639.5970654719712,1274.850609046961,638.3248995433969,1278.4399097456019,637.2062823781367,1282.0671718762774,636.2163263271871,1285.714655620265,635.3048499346885,1289.4208441211636,634.681395344328,1293.1738683369845,634.4967577747543,1296.931206104012,634.6311124955043,1300.6848007546532,634.8471896872096,1304.42108813431,635.2627760046761,1308.1296502202092,635.8805407559448,1311.8095512302993,636.6512037732523,1315.458906512064,637.5558096169243,1319.0802152491492,638.5671173950365,1322.6784113480455,639.657977800525,1326.2610084332916,640.7991506218245,1329.8374626615496,641.9594767351056,1333.4164761429097,643.1118716983691,1337.0039689432417,644.2375602782237,1340.6035893032354,645.3238110569168,1344.2173237013071,646.3621173688307,1347.845653856475,647.3481994436884,1351.4876923383895,648.2823911212306,1355.1420500609147,649.1671816490745,1358.8073666608273,650.0054311034704,1362.4824542087492,650.7997605805999,1366.1662834072167,651.552520084511,1369.8579663708445,652.2657765567136,1373.5566709265026,652.9416902592812,1377.2614852596985,653.583287210556,1380.9713732752377,654.1948841442513,1384.685448726004,654.7805278363327,1388.403156391785,655.3426570056358,1392.124303267011,655.8815491565738,1395.8488038523474,656.3967501004996,1399.5765446898927,656.887957633387,1403.307295210172,657.355764129389,1407.040657417356,657.8022597462701,1410.7761149764121,658.2308881369728,1414.5125368803394,658.651049641163,1418.2487432625348,659.0731228109144,1421.9845806948754,659.4984491678259,1425.7200335843345,659.9271395911355,1429.4550860353243,660.3593049441561,1433.1897218416275,660.7950560563577,1436.923924476623,661.2345037207623,1440.6576770835288,661.6777586911502,1444.3909618164166,662.1249370803852
998,1267.124486692731,640.3863340237168,1270.5666010410873,638.8741576985371,1274.0870366676331,637.5553782092893,1277.6901741133538,636.4837193742687,1281.3634613832228,635.6848355799443,1285.0817833038534,635.1305099879779,1288.8251673452676,634.7819395678271,1292.581092400445,634.6152666192812,1296.3407175448276,634.6255374419234,1300.0960298863579,634.8064223770833,1303.839979530243,635.1501317183668,1307.5665717295485,635.6481471211989,1311.270919855361,636.2912040258257,1314.9491932086755,637.0698058043469,1318.5985590522162,637.9743677362362,1322.2170310296679,638.9956052942666,1325.8037674049808,640.1233548531908,1329.361256452117,641.3403582961954,1332.8973670949247,642.6182975746736,1336.4252210969148,643.9189235237837,1339.961092770768,645.1975172102672,1343.5208504991103,646.4077973825554,1347.113722755266,647.515710786113,1350.7401791125428,648.5082221033856,1354.3940490436103,649.3946686332688,1358.068051792768,650.1937792204703,1361.7559698436703,650.9261526067536,1365.453296419794,651.6095335956564,1369.1571881164675,652.256438921908,1372.8657817879484,652.8758507445325,1376.5776232572775,653.4755139104708,1380.2914488112442,654.0627769644248,1384.0062154905536,654.6440617225585,1387.7214310494892,655.2224712365523,1391.4372870099737,655.7967501201747,1395.1544511041434,656.3624929426215,1398.8737760077747,656.9138377454149,1402.5961270905595,657.4443448993227,1406.322345678364,657.9469342734193,1410.0531211728062,658.4144546722009,1413.7888890690917,658.8401939711832,1417.5297806575359,659.2182324029102,1421.2751885259022,659.5485803179304,1425.0242307272877,659.8347955986457,1428.776148276841,660.0805106851875,1432.530300608002,660.2893738675014,1436.2861553721932,660.4650401351356,1440.0432778373606,660.6111642467366,1443.8013200691705,660.7313958047777,1447.5600104729876,660.8293576551034
999,1269.5909890372493,639.0254302241505,1273.0994971923697,637.6747284436237,1276.6807200228602,636.5311991688841,1280.3259162769782,635.6112645746206,1284.0102127389612,634.8619997719775,1287.7260449448809,634.290833547826,1291.4739592866797,634.0116689636232,1295.2309215163382,634.1318968766948,1298.980949794432,634.4047689082016,1302.7191702663563,634.8040659036643,1306.4288631077357,635.4144327718121,1310.108063570209,636.1883933212356,1313.7556808371978,637.0999178323073,1317.3743205990465,638.1207391194928,1320.9706072820243,639.2179042208223,1324.5523990192155,640.3616064919479,1328.1277318910988,641.5253815005982,1331.7026713597306,642.6903660600277,1335.2811796533238,643.8443336616557,1338.8659925956506,644.9785507566509,1342.459665274549,646.0843557856743,1346.064510499075,647.1531510919928,1349.6823471490195,648.1770822812953,1353.3143272981022,649.1496288746815,1356.9609205464424,650.0658420391169,1360.6217931128895,650.9232166696048,1364.295815812444,651.722382073145,1367.9812774940574,652.4670468420277,1371.6763347788185,653.1625707684082,1375.379339059312,653.8144927588286,1379.0888817175448,654.4281460538056,1382.8037625398374,655.0086335858748,1386.5229551624261,655.5608424487535,1390.2455689856608,656.0895137189522,1393.9708206251353,656.5992801109765,1397.6979988825726,657.0947749528805,1401.426493549087,657.5802697675916,1405.1564128302637,658.0546867252672,1408.8889588315726,658.507908026174,1412.6265001481922,658.9176218267578,1416.3718196886975,659.2480364070766,1420.1253781032478,659.4643976030187,1423.884143753076,659.552743809372,1427.6438622538092,659.5232297370297,1431.401284713457,659.3878064524306,1435.1541736982294,659.1585210191131,1438.9011824457766,658.8473421803188,1442.641724578216,658.4660475310209,1446.3758446489278,658.0261628970616,1450.1040896993723,657.538898512628
1000,1272.0989380626966,637.1483508470096,1275.6598471821167,635.942472231746,1279.277150086945,634.9179660648524,1282.9481471637882,634.1083377154699,1286.6684412576299,633.568910201321,1290.4163364796266,633.2757722496725,1294.1753251555267,633.2349017133881,1297.9282408160684,633.453438952067,1301.659186178921,633.9148637940743,1305.3563109442218,634.5968048126251,1309.0141645316435,635.4657363524021,1312.6337011816959,636.4830203184355,1316.2205996509972,637.6103108345847,1319.783536083482,638.8113853400612,1323.3332929761707,640.0509687541206,1326.8806097126685,641.2975332770327,1330.4341020793345,642.5263583756117,1333.9989965304312,643.7216707313014,1337.5778925422946,644.8743623497148,1341.171650721149,645.9798378952237,1344.7801654878842,647.0361450870681,1348.4029886766161,648.0422820429851,1352.0394539617573,648.9979395101678,1355.6887268244195,649.9034649565561,1359.3498769828013,650.7597114775231,1363.0219945960282,651.5676335818052,1366.7043454152447,652.3275548350351,1370.3962043080305,653.0398554472602,1374.096704300547,653.7058224317047,1377.804784372422,654.3282195368789,1381.5193886133206,654.9104357239596,1385.2395814120175,655.4558217677786,1388.9645706944425,655.9674388315772,1392.69368207969,656.4481048235823,1396.4263337172463,656.900471612942,1400.162007979021,657.3271720129594,1403.9002395752611,657.7308676895987,1407.6406358882425,658.1139965385381,1411.382979277165,658.477616420095,1415.1272339035088,658.8209892159276,1418.873383119879,659.1430357406794,1422.621240597852,659.4445593910391,1426.3705766807284,659.7271130831346,1430.1211723140723,659.9924336714796,1433.8728324087597,660.2422608496544,1437.6253834834422,660.4783360053067,1441.3786712630547,660.702401506138,1445.1325582605245,660.9162001731539,1448.8869213477049,661.1214749175356,1452.6416496104473,661.3199629715352
1001,1273.2902165025262,634.2550131627204,1277.02755024164,633.8437271127368,1280.77366007414,633.522397344642,1284.527302082152,633.3067941369477,1288.2859241568808,633.2133033845789,1292.0453830000022,633.2587219804989,1295.7996721391642,633.4598963574126,1299.5407078569365,633.8331774066227,1303.2583721579006,634.3928969163572,1306.9432869914156,635.1385505558006,1310.5884584297266,636.0591885249338,1314.1880552994387,637.1445542428366,1317.7387909724002,638.3806208743821,1321.2481963998553,639.729976156721,1324.73854061715,641.1281407804165,1328.2396573130945,642.4990103081785,1331.767130750351,643.800429125648,1335.3234446727195,645.0208546155835,1338.9055435003147,646.1634019075867,1342.511094602263,647.2296444260355,1346.1379864493315,648.2208802160953,1349.7844260528516,649.1376002726199,1353.4486939514056,649.9802496839912,1357.1287225164779,650.7512001665434,1360.8217760426621,651.4571923041187,1364.5250763149495,652.1073706005427,1368.2363327210255,652.710528706789,1371.9539629336919,653.2731030250592,1375.6767573041343,653.8004522772401,1379.4036673496616,654.2979101895107,1383.1337526207672,654.7709952645254,1386.8661552020599,655.2254572537868,1390.6000009744525,655.667921194935,1394.3344265290777,656.1054715371807,1398.0684556781446,656.5463855334052,1401.8007732014685,657.0015264521633,1405.5295968576336,657.4844052680845,1409.254637668857,657.9956860703885,1412.9779883356002,658.5191774000003,1416.7036282647482,659.026034738289,1420.4354286451792,659.4850650186488,1424.1761477942125,659.8640684037327,1427.9253727062855,660.1468991229144,1431.6801487483253,660.3430718155226,1435.4382179487834,660.4607033946832,1439.1978534039758,660.5070593670576,1442.9577438134404,660.4894728700592,1446.7169525895322,660.4152907647875,1450.4748737664638,660.2918352276852,1454.2311846661655,660.1263356256416
1002,1277.4865207455266,634.1318094875221,1281.172098249353,633.3924800833091,1284.9041846291127,632.9421919274823,1288.6581676055425,632.7409839765098,1292.417458303962,632.7705251973624,1296.168608362006,633.020520264026,1299.8997939720857,633.4809177813795,1303.5990248629519,634.1512555122048,1307.2547011872289,635.0286411900682,1310.8583689603022,636.1000642185219,1314.4078031044912,637.3397443401088,1317.9098273953218,638.7080344823329,1321.3845916934754,640.1444469745712,1324.8614606747074,641.5757295228879,1328.3665913694463,642.9361171481082,1331.9101000221553,644.1930248943494,1335.489583192073,645.3435589431315,1339.098815550804,646.3971661186291,1342.7318515304335,647.3656064787598,1346.3838583308657,648.2599316435343,1350.0509358990337,649.0903689552925,1353.729913354675,649.8664466026361,1357.4182402105644,650.5968441258784,1361.1139845100893,651.2887612793206,1364.8159847851102,651.9463985346342,1368.5236413231294,652.571361060413,1372.2366144438904,653.1639213626781,1375.9545495413397,653.7245097549475,1379.6770392458875,654.2540159929066,1383.4036647981347,654.7535906289589,1387.134018851651,655.2245238266094,1390.867710990612,655.6682233567072,1394.6043653764507,656.0862512874468,1398.343618150864,656.4803700261928,1402.0851135594626,656.8526079866659,1405.8284977831281,657.2053572381534,1409.5734096816243,657.5415133229942,1413.3194844884392,657.8644646629728,1417.0663331467667,658.1783215815104,1420.8135202634853,658.4881170927787,1424.5605662239345,658.7996115627257,1428.306646231491,659.122479829468,1432.0510120836875,659.4646457215923,1435.7936068842412,659.8256739740613,1439.5344685607577,660.2042436257332,1443.273653579605,660.599034705959,1447.0112355107547,661.008728691351,1450.7473035964279,661.4320088319071,1454.4819613265392,661.867560360883,1458.2153248581346,662.3140719674687
1003,1279.7404886192912,633.4246380968301,1283.4954911607285,633.2759192220617,1287.239606111938,632.9669801526937,1290.9809380805684,632.6283961196655,1294.7315316274323,632.8674845824071,1298.4667352895779,633.2971037467786,1302.1762528531776,633.9072394216488,1305.8440403216407,634.7327834644283,1309.4670531092104,635.7370825379815,1313.0423924909023,636.9000407710614,1316.5760125055099,638.1845570459697,1320.080854871965,639.545876011384,1323.5740796913071,640.9368320916254,1327.0734824473245,642.3121371359598,1330.5897709020044,643.6436133154679,1334.1273009652602,644.9175524600766,1337.6873065646128,646.1272321143923,1341.2706187432127,647.2659869658728,1344.8774253844756,648.3279506076934,1348.5071897343275,649.3085550545856,1352.1582973373418,650.2064520815388,1355.8279270090177,651.0254217385618,1359.5126846097223,651.7734635062037,1363.2096494647346,652.4586920640807,1366.9165821882648,653.0878135735543,1370.6317710084484,653.6662263227831,1374.3537917982974,654.1989447503587,1378.081442060794,654.6907615986447,1381.8137002796734,655.1463238928152,1385.5496954030064,655.5701784950461,1389.2886878510371,655.9667487123646,1393.030027857224,656.3405465572501,1396.7731471354664,656.6961045604505,1400.517541015148,657.0379946045355,1404.2627075420266,657.37132551011,1408.008160865303,657.7014225954485,1411.753597538054,658.0317086091114,1415.4990341994567,658.3619946130059,1419.2447110163532,658.6895436116292,1422.9908940016987,659.0112474805387,1426.7377433655713,659.3250930321177,1430.485240172387,659.631113381764,1434.233065986075,659.9330825847584,1437.979609320708,660.2504591487296,1441.7232999162193,660.5998571474452,1445.4639505157086,660.9804391141893,1449.2015409644655,661.3899970521826,1452.9361022285698,661.8263248736531,1456.6677123156937,662.2872206306872,1460.3964919333462,662.7704901261997
1004,1283.932816389173,630.964848357987,1287.6815261848333,631.2541715455492,1291.4202330091111,631.652087117065,1295.143728886813,632.1731747972649,1298.8453000989614,632.8319398268393,1302.5165879353615,633.6424085129833,1306.1475944211568,634.6174097226445,1309.7320155515647,635.7520585370171,1313.273785160334,637.0138388675542,1316.7790906352361,638.3738204000425,1320.2578318238543,639.8005325317232,1323.7236341766,641.2584697600722,1327.191590393133,642.7112654675772,1330.6750883407167,644.126314057447,1334.1835631405324,645.4781548710428,1337.7229862828337,646.746646095752,1341.2968686043996,647.9144191985384,1344.9055418398118,648.9697193727002,1348.5456977052088,649.9107534743414,1352.2119763713702,650.7443499066928,1355.8988641835633,651.4815978867816,1359.6018547047354,652.1332886339302,1363.317140423729,652.7109097941764,1367.0414722925657,653.2271324277971,1370.7721565747183,653.695357306536,1374.5071334030297,654.1280922184303,1378.244860156154,654.5364457144954,1381.9840832315076,654.9308937461643,1385.7236586679867,655.321994632325,1389.462562210997,655.7194571581913,1393.2002566404672,656.1281295193007,1396.9368275593151,656.5469584415828,1400.6728849251106,656.9703493602816,1404.4091436611802,657.3919571169768,1408.1464006130184,657.804609032327,1411.8853975333056,658.2011636429272,1415.6265783180963,658.5765456101177,1419.3698129842949,658.9308695976861,1423.1147287041022,659.2669779200982,1426.8609180302276,659.5885940601145,1430.6080384840043,659.8991829463372,1434.3557914299763,660.2020533276433,1438.1034953174021,660.5055287041758,1441.8506042139247,660.8162615599792,1445.597092526954,661.1343900400868,1449.3429753216208,661.4595713714095,1453.0882695966295,661.7914628957764,1456.8329941889713,662.1297220851982,1460.5771696786992,662.4740065545137,1464.3208176143855,662.8239812976739
1005,1287.4090177423298,630.9511917058992,1291.16021687421,631.2010495084747,1294.8905376588514,631.6676440429627,1298.5828230142113,632.3740829848159,1302.2175484071417,633.3336854814813,1305.7875467976849,634.5122822382216,1309.296691061834,635.8617912708521,1312.754102354119,637.3391539604648,1316.1745850998786,638.9003371044375,1319.5757606378938,640.5032537069305,1322.9763571061176,642.107401617148,1326.3950291664112,643.6725569157437,1329.8490878152213,645.1577799676014,1333.3516296358519,646.5244665489602,1336.9065538267175,647.7483442135841,1340.5088340699301,648.8249700071997,1344.1491173971358,649.7653216958802,1347.8184603036834,650.58521230114,1351.509558873599,651.301023200455,1355.216759885925,651.9283093993336,1358.9357189853827,652.481801447956,1362.6631026763953,652.9755224514508,1366.3963527905742,653.4228421817388,1370.1334613565346,653.8367794530977,1373.8728111670864,654.230007357142,1377.6133184331634,654.6120878574752,1381.354454803647,654.9879615579131,1385.0960807403603,655.3589309356812,1388.8381549817925,655.7253507257692,1392.580656268108,656.0873829078337,1396.3235742516174,656.4450813022027,1400.0669041014924,656.798443470255,1403.8106346426111,657.1475350462456,1407.5547349769881,657.4926382858266,1411.2991419685284,657.834398914331,1415.0437467039314,658.173986845689,1418.7883765526442,658.5132978292213,1422.5327690684742,658.8552156422023,1426.2765080715799,659.2042070056003,1430.019191878076,659.5643335324396,1433.7608249600119,659.9352257813721,1437.5021952092984,660.3087654706521,1441.2449321230463,660.6682843319973,1444.9903002030921,660.9992394358335,1448.7380590419418,661.3019391436134,1452.487837067429,661.5785209917015,1456.2393075418647,661.8311285964568,1459.9921850238059,662.0619092682389,1463.746221746969,662.2730121072583,1467.501204350495,662.4665787149959
1006,1290.303227489452,630.7950008997892,1294.0397713886514,631.2089746801597,1297.7424911641372,631.8587032437134,1301.3945189881729,632.7505310636346,1304.985852059184,633.8621958358265,1308.5099421030022,635.1717431416628,1311.967451172037,636.6485328361804,1315.369952364562,638.248351788849,1318.7391777796554,639.9173432799603,1322.103743058248,641.5957450901354,1325.4933536762921,643.2227818620776,1328.929103769644,644.7497911028906,1332.415317981667,646.1577158460506,1335.9481750913228,647.4441667189196,1339.5223493527765,648.6109440328785,1343.1328091270213,649.6601211660737,1346.7742958622407,650.59600035245,1350.4422872952193,651.4219575349335,1354.1327561776723,652.1408952648152,1357.8419442626937,652.756062728381,1361.5662164318715,653.2722227145385,1365.3018219389264,653.6989047002482,1369.045173617998,654.0515476610191,1372.7933228151817,654.3491868188452,1376.5442182312227,654.6101517217294,1380.296464601264,654.8510240362532,1384.0489760196592,655.0877544073343,1387.8007454288697,655.335910086668,1391.550765162323,655.6091561216957,1395.2983150365135,655.9143789676488,1399.0430960745146,656.2519017535524,1402.785217452849,656.6177665676054,1406.5250475443847,657.0063851295263,1410.2632567262945,657.4103238175642,1414.0008201299495,657.8202071680363,1417.7388246714688,658.2260403032759,1421.4780987703261,658.6199923496404,1425.2187869000343,659.0002844976826,1428.9607091866922,659.3682408893259,1432.7036033181075,659.7261819226438,1436.4472192584108,660.0764974938598,1440.1913052990217,660.4217560828173,1443.935402567124,660.7668930222425,1447.6790948997336,661.1163935381347,1451.4223541505914,661.470502621063,1455.165195892477,661.8289979747968,1458.9076364787882,662.1916573672257,1462.6496930038088,662.5582586300236,1466.3913832627966,662.9285796600982,1470.1327254583755,663.3024009571844
1007,1293.2443180322182,630.3670281514038,1296.932985482448,631.083632631463,1300.5761893722329,632.0122778246722,1304.1542354511755,633.1649171643074,1307.6517601730525,634.5438281857389,1311.0801415736612,636.08702915794,1314.4494601101985,637.755575053777,1317.7822163385083,639.496238143767,1321.1054359751784,641.2550967420624,1324.44850639405,642.9757843881098,1327.8405748067776,644.5973841668012,1331.3021111175658,646.0644149647751,1334.8345207219381,647.3513998900364,1338.4257185528252,648.4641991620073,1342.0595201808271,649.4292364440718,1345.7231679779318,650.2742604104521,1349.4082157941584,651.0206616987888,1353.1093363831665,651.6829010769359,1356.8230019064954,652.2708328864665,1360.5464093806618,652.7936266099576,1364.2772866619657,653.2602265638127,1368.0138101386037,653.6792978680152,1371.7545371735068,654.0590899673949,1375.4983410057218,654.4073042633528,1379.2443281884384,654.7312318888253,1382.9917728582586,655.037870453847,1386.7400619146144,655.3340286102798,1390.4886445724171,655.6264542062055,1394.2369836430544,655.9219799951619,1397.9846175668351,656.2263066290488,1401.7312537802172,656.5426753426801,1405.4768594010666,656.8710237261041,1409.2215701797727,657.2094310507697,1412.965597171657,657.5553261895164,1416.7091492910906,657.906325937233,1420.4523777591294,658.2607617066622,1424.1953699044398,658.6176848939059,1427.9381973309896,658.9763315980324,1431.6809344527824,659.3359196194724,1435.4236289041019,659.6959515316304,1439.1662783959805,660.056450445969,1442.9086848110571,660.4194618654893,1446.6505629163812,660.7878778398577,1450.391902227828,661.1617262690877,1454.1327404803176,661.5405560893405,1457.873117210855,661.9239163853614,1461.6130735929332,662.3113564042923,1465.3526522726602,662.7024255513372,1469.0918972052289,663.0966733817038,1472.8308530860443,663.4936534016247
1008,1295.3607824449225,630.3761474102514,1298.9847673196703,631.3752006945236,1302.5327548102096,632.6179235352532,1306.0006822433563,634.0696273770325,1309.3947093285678,635.6870074156365,1312.7303840121522,637.4218735881391,1316.0312439518552,639.2223027459307,1319.326676220584,641.032679699422,1322.6489919290173,642.7930470672364,1326.0291550335407,644.4391793793062,1329.4837798196963,645.9223497008902,1333.0111847959543,647.2230460594752,1336.5966745190183,648.3541415359133,1340.2246550234665,649.3408671676667,1343.8832335305146,650.2075536951883,1347.5643806087737,650.9729162930173,1351.2626849072612,651.6506834116965,1354.9740054106173,652.2532434195382,1358.6952110973873,652.7914968829075,1362.4239819648053,653.2746468437145,1366.1585935048686,653.7104236782786,1369.897701491324,654.1058248381777,1373.6402432336863,654.4673317778252,1377.385371843299,654.8010156285438,1381.1324041647267,655.1126286663713,1384.8807788787697,655.4076807892202,1388.6300313371976,655.6913782203425,1392.3797730891201,655.9685424113849,1396.1296703452679,656.2435974717756,1399.879410500804,656.5207833352248,1403.628676545914,656.8043022075982,1407.3771296197845,657.0983617720087,1411.1243890471223,657.407242570066,1414.8700025103642,657.7354594768644,1418.613528264623,658.086671928548,1422.3547357476493,658.4617829593977,1426.093833422006,658.8573938074289,1429.8314866773858,659.2664482190028,1433.5686073965858,659.680348388682,1437.3062331387268,660.0896535637522,1441.0454398706465,660.4842224429862,1444.7872192244783,660.853536764294,1448.5324458070643,661.1859687574953,1452.2812473749007,661.4753255961725,1456.0328932850402,661.7251709614816,1459.7867136943923,661.9399451846087,1463.5421637851737,662.1240995419272,1467.2988081700637,662.2820882604733,1471.056305015247,662.4183632537727,1474.81439063391,662.5373522207459
1009,1299.3767226992643,631.3543880391014,1302.907009436139,632.6458606121672,1306.3373920443246,634.183631671451,1309.671340384658,635.9212260997602,1312.9361591337054,637.786069923699,1316.189856399902,639.6703961108386,1319.4827313373103,641.485131616827,1322.8362903421305,643.1849882197578,1326.2491405893911,644.7624235920102,1329.7174292884222,646.2138959104801,1333.2377465650413,647.5341436528871,1336.8064978802493,648.7171982816568,1340.4188902604728,649.7594297591824,1344.06824443326,650.6638733459719,1347.7471181277856,651.439752371362,1351.4484254006193,652.1006072720892,1355.1661479321424,652.6620550948742,1358.8954634403035,653.1407256384748,1362.6328269827093,653.5520601515389,1366.3757687804548,653.9092380585022,1370.1225891393483,654.2232481748841,1373.8720328334941,654.5043031757299,1377.6231405696237,654.7622720225625,1381.3751503270382,655.006814889052,1385.127433768433,655.2471347806919,1388.8795080090695,655.4906921990952,1392.631024665892,655.7426815774252,1396.3817198053468,656.006605526968,1400.1313441006055,656.2853182692224,1403.8796259578712,656.5815250703356,1407.6262549497594,656.8979383743762,1411.3708861139262,657.2371645045282,1415.1132136739375,657.6009228339693,1418.8532368564317,657.9876703733503,1422.5913661126717,658.3923393285229,1426.3282693839283,658.8081918182746,1430.0645983924067,659.2291784155803,1433.8008899671397,659.6504974388571,1437.5375907638286,660.0681688438224,1441.275072637182,660.4787877085835,1445.0134874692096,660.8808265194175,1448.7523088659361,661.2790716344048,1452.491234360913,661.6763383248806,1456.2302458351603,662.0727949948858,1459.9693310253003,662.4685558442029,1463.7084777316654,662.8637350798697,1467.4476738078477,663.2584469149741,1471.186907150236,663.6528055674607,1474.9261656875567,664.046925258965,1478.6654373721738,664.4409201969373
1010,1301.9257809490507,632.1182579315123,1305.310217688764,633.7553465364434,1308.6243121645275,635.530992823398,1311.8956959944073,637.3844161933022,1315.1554546090467,639.2582757159066,1318.4325632686464,641.1015436254118,1321.7497171125256,642.8715601511558,1325.1235516994423,644.530757434456,1328.563725375904,646.0474023958099,1332.0714261877965,647.4004662173672,1335.6383567542287,648.5887506251323,1339.252379845701,649.6252934810215,1342.9019688038857,650.5289219598454,1346.5781801897824,651.3175139464977,1350.274166819794,652.0077066512703,1353.9849654468917,652.6133780229816,1357.7070695265472,653.1452806395384,1361.4379663110742,653.6116217471655,1365.175706234333,654.0195831774826,1368.9187762811202,654.3754055508654,1372.6660156790874,654.6843002167338,1376.4165139515037,654.9507870961744,1380.1694730061586,655.1801073245529,1383.9241203335575,655.3800005564668,1387.6797516346444,655.5605627958555,1391.4357551864937,655.7332518851022,1395.1915882165936,655.9095911451338,1398.9466768014631,656.1010548147459,1402.7002920921848,656.3193831214228,1406.4514684429178,656.5761035592377,1410.199110584418,656.8800055176439,1413.942399570561,657.2335208764665,1417.6810908522737,657.6328022699714,1421.415595662835,658.0695734213488,1425.1467651757055,658.53402583964,1428.8757403158863,659.0158107716404,1432.6037679430876,659.5048854996694,1436.3319737014244,659.992599264852,1440.0611122998473,660.4731226633716,1443.791585489299,660.9431689359365,1447.5234758702322,661.4018286331727,1451.256974524304,661.8471895302024,1454.9931138366178,662.2697894202167,1458.7320415008983,662.6669726519401,1462.4734041360928,663.0405332317895,1466.216878728175,663.3923095283063,1469.9621745097268,663.7241441730351,1473.7090303262503,664.0378825642505,1477.4572119529903,664.3353716771722,1481.2065103801904,664.6184456176055
1011,1305.7533313556032,634.1793239221909,1309.0771235558568,635.9368117522652,1312.3566357386467,637.7757619802945,1315.609900864462,639.6608529331689,1318.861259651757,641.5492382673176,1322.1403200826678,643.3889354180744,1325.475866819048,645.1238057102098,1328.8847373442022,646.7094245208249,1332.3705269536551,648.1177279450486,1335.9267799324334,649.337221673809,1339.541150543615,650.3720713459612,1343.1991864430936,651.2404319682223,1346.888601644308,651.9643682431239,1350.600043734958,652.5656293436936,1354.3266894225644,653.0644006518627,1358.0636197472113,653.4794553963847,1361.8073630569472,653.8280060192042,1365.5555685168933,654.1249424306769,1369.306706646997,654.3823316786776,1373.0597786072433,654.6098899349118,1376.8140600192496,654.8166103821346,1380.569018221865,655.0106901186667,1384.324270798394,655.1990038588788,1388.0795462576975,655.3868617750912,1391.834602470839,655.5790436421361,1395.5891807697722,655.7803281510545,1399.3429775527206,655.9956691565878,1403.0956262942343,656.2301324479874,1406.8466587794971,656.4891271804925,1410.595491006193,656.7781818163444,1414.3413858770055,657.1030357151983,1418.0833544968737,657.4702972341839,1421.8201647158155,657.8867194754366,1425.5508639154536,658.3547539444954,1429.2755444052245,658.8685746660282,1432.9959276912018,659.4127207722843,1436.7147512821086,659.9674595424742,1440.4354996791183,660.5090831157215,1444.1615567720512,661.0127602473664,1447.8945184342456,661.4623381934622,1451.6329755567808,661.8638252836453,1455.3742808081806,662.2379934861776,1459.1141765023447,662.625725690674,1462.843763426428,663.1016556115193,1466.557715491754,663.687307189996,1470.2539533262077,664.3760486718139,1473.9309784352808,665.1609887318904,1477.5878144711676,666.0352275284945,1481.2239592515552,666.9919330700624,1484.839320654638,668.0244428914638
1013,1309.7007922913215,637.3582562382505,1312.8077086533501,639.4756334995218,1315.9886277306784,641.4799957443973,1319.2434882431562,643.3618876984018,1322.5732605064818,645.1076705143716,1325.980282477106,646.6972694701245,1329.4627995208741,648.1137579531965,1333.0126918157428,649.3517980341734,1336.6176785220202,650.4190642955457,1340.2652793536624,651.3303699285547,1343.9450408370826,652.1018985861514,1347.6484966925343,652.7505039516547,1351.3690065878823,653.293080665683,1355.1015577948162,653.7457167933937,1358.8425092881137,654.1229052237784,1362.5892941466054,654.4370981777994,1366.340070009523,654.6995628343188,1370.0935020111956,654.9209833467564,1373.8486339739802,655.111540679065,1377.6048136365332,655.2802807208649,1381.3616063557618,655.4348240973733,1385.1187019882464,655.5818463156777,1388.8758452598788,655.7276503611215,1392.63278740406,655.8785307310773,1396.3892588531837,656.0406726198573,1400.1449263061218,656.220424134837,1403.8993622728726,656.4242253959866,1407.6520621658976,656.6577696972421,1411.4025016688508,656.9251351706912,1415.1501225133366,657.2294389662143,1418.8942815327769,657.5736977892401,1422.6341975643988,657.961311910723,1426.3690087835728,658.3953371053742,1430.097536159231,658.880334507777,1433.8185295477622,659.4201063499479,1437.5320260969884,660.0093147898369,1441.2400895446742,660.6318986265273,1444.9495731939262,661.2458729021662,1448.669125660793,661.795210470899,1452.400458261921,662.2577060650233,1456.1404431365995,662.6444295506192,1459.8857603593165,662.975789929429,1463.6342426151093,663.2693909958764,1467.3841484337365,663.5443061370382,1471.1348885918605,663.8075990479995,1474.88633371613,664.0606537251231,1478.638367607029,664.304827568549,1482.390883713465,664.5414786707535,1486.1437836635891,664.771965592822,1489.896976106581,664.9976419278893
1014,1311.7954753986319,640.0434034551446,1315.0194500909215,641.9770294229277,1318.3559924949018,643.7092773799202,1321.7800723392177,645.2619272956681,1325.2598662406592,646.6857539573964,1328.7769596893434,648.0149527557887,1332.3252992353728,649.258316676201,1335.9056697913154,650.4060723286802,1339.5203849358984,651.4404299256155,1343.169707333518,652.344972074626,1346.851173383875,653.1081097205697,1350.5594588182714,653.7280799825442,1354.2875876767903,654.2150380922143,1358.0291034978065,654.5858340622017,1361.7791144469115,654.8581106122203,1365.5341984375034,655.0485811184687,1369.292078814461,655.1728173692785,1373.0513283462456,655.2453670865548,1376.811129684796,655.2799814329624,1380.5710844579169,655.2898298214201,1384.3310548637896,655.2877125462909,1388.0910253988723,655.2863124425546,1391.8509725908264,655.2984956461497,1395.610728783522,655.3375414408149,1399.3698243862723,655.417491050971,1403.1272953781472,655.5533879542461,1406.8815915175587,655.7587525136928,1410.6306970752044,656.0434077239024,1414.3724506552267,656.4122807913305,1418.104981047597,656.8650976195913,1421.8274134023604,657.3946774352354,1425.5403409010003,657.9873870620198,1429.2458770913936,658.6247915648546,1432.9472189348799,659.286182468715,1436.6482285522966,659.9494355313656,1440.3525941187743,660.593633495034,1444.062867966417,661.2028307972317,1447.7797061708668,661.7705902837143,1451.5022902268151,662.299405691968,1455.2290682050686,662.7978629435955,1458.9583294413035,663.2774258539131,1462.6885195736436,663.7497244561573,1466.4178506449891,664.228743484987,1470.1453094756232,664.7221180735738,1473.8709347262673,665.229155406374,1477.594831711971,665.7487359527884,1481.3171170253754,666.2797414909301,1485.0379175046821,666.821055219711,1488.7573692080457,667.3715618063852,1492.4756146779005,667.9301587508656
1015,1315.2902740002448,641.5845288023909,1318.5044627367638,643.5347435359787,1321.8085376184713,645.328598566938,1325.1942823111967,646.9630183811194,1328.65935099066,648.4215680222369,1332.1977660591253,649.6918582220984,1335.7981778645362,650.7741777987143,1339.4468789709608,651.6807728902619,1343.1312318332111,652.4298191004156,1346.8406482996904,653.0432700657238,1350.5668523449149,653.5452280550348,1354.3038813815513,653.9593515277771,1358.047965104705,654.3041815494192,1361.796840815122,654.5924383597771,1365.549099991249,654.832805179082,1369.303723672946,655.032995503076,1373.0599581623815,655.2003781967836,1376.8172525516943,655.3420930951868,1380.5752088268966,655.4650975410308,1384.333537135895,655.5762147758381,1388.0920158179208,655.682150611701,1391.8504520685124,655.7895737126919,1395.6086452170157,655.9051509080547,1399.3663509210105,656.0355553189363,1403.1232430622827,656.1875251438285,1406.878874266714,656.3679005692551,1410.6326357871603,656.5836195838541,1414.383713523274,656.8417385790706,1418.1310289811458,657.1495958099138,1421.8732748708587,657.5138592708738,1425.6091649765112,657.9383683851711,1429.3379107304274,658.4216644317011,1433.0595322873153,658.9571317631026,1436.774781711995,659.5352229040911,1440.4850374102568,660.1445949005317,1444.1922202265098,660.7724234179733,1447.8986671842586,661.4045899897852,1451.6069865221414,662.0256543168339,1455.3197841528245,662.6192963253138,1459.0393388083794,663.1689016823931,1462.7671198735459,663.6595373213089,1466.5001771524505,664.1085689735792,1470.2347189634702,664.5451183757677,1473.9702375189847,664.973231401616,1477.7065757805667,665.3941322327129,1481.4435837785588,665.809046151915,1485.181117420324,666.2191992774208,1488.9190372885562,666.6258183745086,1492.65720743535,667.030130699535,1496.3954941485526,667.4333640970884
1016,1317.5746198075103,643.4975911312,1320.8391799061196,645.3626531947353,1324.1780675641785,647.0908871092624,1327.597799368794,648.6528239265382,1331.0972233827263,650.0267844585769,1334.6674308071058,651.2047218970556,1338.294945545328,652.1924115222091,1341.965949369296,653.0040086112722,1345.668451755009,653.6574523281058,1349.3927899724647,654.1725379389447,1353.1316136799546,654.5695355747284,1356.8796342066018,654.8679804347876,1360.633196047232,655.0864821826257,1364.3898914053325,655.242640202436,1368.1482238521842,655.3531162067167,1371.907330445039,655.4334781597125,1375.6667687588395,655.4967026387191,1379.426328990103,655.5522924755588,1383.1859030008968,655.6069519416822,1386.9454074732444,655.6661681486545,1390.7047438461886,655.735176276975,1394.4637750503873,655.8191049418416,1398.2223045827473,655.9230217797009,1401.9800551376998,656.0519898288951,1405.7366466118365,656.2111031571646,1409.4915734666938,656.4055015808484,1413.2441912230292,656.6402224263074,1416.9937121351368,656.920028945185,1420.7391858309916,657.2495538808997,1424.4794430673264,657.6337256932827,1428.2129936089154,658.0782995203347,1431.9379285585103,658.5899920055923,1435.6521311144777,659.1744796667673,1439.3549500502156,659.8273108652062,1443.049154780542,660.5274258919328,1446.7421432287108,661.2339537007934,1450.4442296020757,661.8907945989243,1454.1615534760122,662.4546327379405,1457.8923877118223,662.9212683439931,1461.6296394852002,663.3338896186091,1465.3675625595736,663.7404476119165,1469.1012546906554,664.1839168851299,1472.8271923017692,664.688356797881,1476.5446756550407,665.2517674106386,1480.2535014017153,665.8696394430451,1483.95366272439,666.5374699008535,1487.6453311281373,667.2507787370554,1491.3288380689248,668.0051209245835,1495.0046568278904,668.7960944037713,1498.6733780861753,669.619374634051
1017,1319.6932491552382,645.3287063222705,1322.9705553077274,647.1695306403655,1326.3813202662873,648.7500358248662,1329.886724690021,650.1086653693479,1333.455036809859,651.2928736608949,1337.0668313903304,652.3372891061093,1340.7133690665796,653.2531135968641,1344.3896451006274,654.041118673507,1348.0914208579827,654.6989699877699,1351.8142662100145,655.2246717358983,1355.5529827513917,655.6222918115528,1359.3022824021728,655.9036621401319,1363.0577757469318,656.0852198423252,1366.8164027242115,656.1833966774718,1370.5762117629092,656.2137542445846,1374.3360918587368,656.1910953905212,1378.0955496441093,656.1296300162993,1381.8545222189148,656.0431299508235,1385.6132153964822,655.9451085199847,1389.371958062387,655.8490258976815,1393.1310595020868,655.7684030136485,1396.8906649619696,655.7169966956138,1400.650600186496,655.7090735213607,1404.4102189041055,655.7574030173979,1408.1684243935313,655.8709731713755,1411.9239032867413,656.053628430806,1415.6753715119842,656.3055789244737,1419.4216556215858,656.6255268494183,1423.161725719312,657.0114184665969,1426.8947109196956,657.4607326298807,1430.6198491806776,657.9710557358142,1434.3364970930918,658.5399468059734,1438.044420089971,659.163221233005,1441.7441830602002,659.8332884877078,1445.4372466416792,660.5393959504738,1449.1255633965284,661.2699262669486,1452.8113125130938,662.0133195610172,1456.4967419888615,662.7582979557827,1460.1840603247697,663.4938584584194,1463.8753254559438,664.2093242426688,1467.5724761569904,664.8936815819291,1471.2773267545863,665.5349773349053,1474.9912429282147,666.1214261380889,1478.7136850452587,666.6511032533182,1482.443236721708,667.1281946931972,1486.1786501769432,667.5570232021489,1489.9188474181005,667.9419446467039,1493.6629062729844,668.2873317300581,1497.4100454614454,668.5975615458957,1501.1596107871371,668.876983669732
1018,1323.4516979656962,646.9972321565446,1326.7000282420454,648.8895063160058,1330.0738191984533,650.547364387437,1333.561440195361,651.9500402225028,1337.1401747138445,653.1009935003685,1340.7853582832145,654.0206793840846,1344.4764920983166,654.7346475306603,1348.1979557463899,655.2692209052439,1351.93840150037,655.6497103251307,1355.6898984279183,655.8996606522213,1359.447114603317,656.0407667688271,1363.206654446502,656.0929802397939,1366.9665401435113,656.0747756096283,1370.7258121211653,656.0034131507689,1374.484216257367,655.895182705328,1378.2419562945186,655.765725552699,1381.9994892146497,655.6303351079989,1385.757339901308,655.50416270211,1389.515912206343,655.4019790481129,1393.2752823149758,655.335783101155,1397.0351659961218,655.3139946489401,1400.795002260051,655.3421204013864,1404.5540302943227,655.4247515827146,1408.3112930349478,655.5663580179042,1412.0656094605679,655.7716193005473,1415.8155539827085,656.0452770953665,1419.559524679232,656.3911456028652,1423.2961134750635,656.809314674949,1427.0244032987523,657.2960186129033,1430.7440681942087,657.844825652003,1434.4552240847968,658.4485519004255,1438.1583942558318,659.0995180506861,1441.854610098849,659.7889215764505,1445.5455261207856,660.5061963026532,1449.2334604741473,661.2386705862496,1452.9211370568466,661.972443668802,1456.6114034803752,662.6930561493986,1460.3070138416256,663.3856892721464,1464.0103463096862,664.0356985509161,1467.722550684695,664.6329055960906,1471.4432335992033,665.1748109593233,1475.170350357551,665.6706742863139,1478.900683494178,666.1418145933193,1482.6330949782657,666.596202404879,1486.3672969639929,667.0356381528132,1490.1030251309544,667.4619094862478,1493.840034110376,667.8768064347407,1497.5780949430289,668.2821207165255,1501.3169925157679,668.6796452118489,1505.0565233104205,669.0711704458702
1019,1326.230606409854,649.1884409093464,1329.6535203493042,650.7424487452647,1333.1729284278774,652.0640767673036,1336.7633754915378,653.1787942085031,1340.4076390710118,654.10273930871,1344.0936122090045,654.8431466280567,1347.8108213732926,655.4063427210017,1351.5499891031186,655.7983353616149,1355.3026728829561,656.028008209144,1359.061514468314,656.1118538293866,1362.8212137590035,656.0775833950958,1366.5791528371087,655.9557392104301,1370.3347383962428,655.7746816733253,1374.0885090121565,655.5589357976457,1377.8415868962402,655.3313606106583,1381.5952779035033,655.114220592465,1385.350702048006,654.9297912518718,1389.1084200181665,654.8011101075049,1392.8679861905357,654.7524005468205,1396.6275409770267,654.8001703511993,1400.3845759362284,654.9463331876591,1404.1375013099314,655.17551710921,1407.8866554394463,655.4602722395173,1411.6334738308265,655.7744520689788,1415.3789402408854,656.1043699940733,1419.122635918402,656.4537576322158,1422.8629377471843,656.8376464015265,1426.5974600117527,657.274008470123,1430.323170163776,657.7799409458522,1434.036856811814,658.367588792702,1437.7367021130688,659.0369243639176,1441.4232914330853,659.7759284784279,1445.0996211954157,660.5645098522339,1448.7705677291876,661.3778516700066,1452.4422305435103,662.1879458757476,1456.1198251725411,662.9706080021197,1459.8059322243091,663.7121206570627,1463.5003264882002,664.4111889614684,1467.201565240203,665.0730948001067,1470.9081057005512,665.7046644640984,1474.6191495198761,666.309209061091,1478.3344007132334,666.8873495135216,1482.0526992313999,667.4455755665048,1485.7734047034933,667.9875306446928,1489.4962334601962,668.514706371263,1493.2209221659948,669.028579464262,1496.9472233665808,669.530629079115,1500.6749037619556,670.0223362028144,1504.4037424602402,670.5051831661148,1508.1335299826892,670.9806472189523
1020,1329.2725931189434,651.2763176690796,1332.732668792146,652.7449742655292,1336.3028071383458,653.9214285571738,1339.9518567654573,654.8247742478977,1343.6517936227674,655.4909907086009,1347.3822639722418,655.9581437477812,1351.1298480807789,656.260014837316,1354.886022848998,656.4251137633294,1358.6455290661033,656.476206813657,1362.4051621799204,656.4322822913855,1366.1630876599966,656.3099365375176,1369.9184276810408,656.1240841295821,1373.6709659129847,655.888103381068,1377.4211835522676,655.6175528784298,1381.1704890587544,655.3345490153113,1384.921182809167,655.0708006462428,1388.6753921804038,654.8638462673048,1392.4333918516586,654.7456526797555,1396.1932175849374,654.733757570601,1399.9519000963883,654.8277148632166,1403.7069334093667,655.0185511237098,1407.456576947684,655.2960468058194,1411.1997112176327,655.6508560187802,1414.9357164041232,656.0742978290151,1418.6643634637794,656.558349959037,1422.3857502125643,657.0954354434233,1426.1002503240215,657.678293276015,1429.808477494201,658.2998489747853,1433.511274934741,658.953001849598,1437.209589447706,659.6310977805347,1440.9044057076908,660.3280166457321,1444.5967890783097,661.0377223831251,1448.2881003754403,661.752988295062,1451.979952286427,662.4654555613749,1455.6740600892024,663.1661190442421,1459.372057168487,663.8459338942195,1463.0753259289418,664.496388147196,1466.784861889702,665.110059509218,1470.5007393447572,665.6840948797525,1474.2217017812952,666.22424338931,1477.9452330768402,666.7464438988541,1481.6682018036456,667.2726261143192,1485.3884782821253,667.8175081240847,1489.1059821490687,668.3809996272834,1492.8208298180602,668.9617477351993,1496.5331564751948,669.5584016979165,1500.2431145437365,670.1696132644583,1503.950872160462,670.7940369111989,1507.6566116663912,671.4303299501619,1511.3605266319573,672.0771609965725
1021,1332.0938941881548,652.8838430994384,1335.6269624770773,654.1653041653816,1339.2698777468975,655.0911411916765,1342.9749909702643,655.7267632263839,1346.7116746087447,656.1409876979186,1350.4632035789607,656.3894415667786,1354.2210630868583,656.5111747658516,1357.9808908806126,656.5307877096329,1361.7402699892482,656.4675185761704,1365.4980010945467,656.3387802375804,1369.2537472834404,656.1609755346424,1373.0077557383465,655.9494388597421,1376.7606427007026,655.7187614984474,1380.513218076368,655.483045071982,1384.2663312824477,655.2560965560892,1388.0207272305106,655.0515849621116,1391.776904488499,654.8831681487014,1395.5349850216276,654.7650932338961,1399.2945152250584,654.7111477564833,1403.0543554077253,654.7327019197847,1406.8128038782038,654.8368685711018,1410.5678199813617,655.0281475367148,1414.317090765124,655.3103471600765,1418.057937272561,655.6880406632304,1421.7872868099944,656.1660369518203,1425.5028464741658,656.7415931300826,1429.20403800903,657.4034444117444,1432.8920967446713,658.1350746419158,1436.5691212043557,658.9203742281273,1440.2378543008754,659.7436017379721,1443.901485326288,660.5892807973909,1447.5634573550535,661.4421261695911,1451.227376493202,662.2865537187747,1454.8968195527182,663.1066031171413,1458.5750848555897,663.8860545219391,1462.2649779525493,664.6083451264715,1465.9685744848198,665.2565722462439,1469.6859855444393,665.8201272133191,1473.415248076111,666.2991391778183,1477.15304627057,666.7064954968673,1480.8956185864474,667.0677000217402,1484.6381637519366,667.4291796433873,1488.3749170820377,667.8457289970439,1492.0998163068757,668.3572776008702,1495.8104603406227,668.96375533563,1499.5060601925884,669.6561157643558,1503.1864480618137,670.4253234488217,1506.8520010115126,671.2624361004024,1510.5035635536028,672.1586582568772,1514.1423594066976,673.1054210216014
1022,1334.6091852258219,654.1659293602835,1338.2035220285857,655.2644952272087,1341.8888175812328,656.0029374116426,1345.6256452290081,656.4100063412271,1349.3824843810619,656.5483983681843,1353.1417271554542,656.4908561645437,1356.8968429637548,656.3021285411684,1360.6473577043018,656.0360776175803,1364.3951816553447,655.7341328889992,1368.1426732811954,655.428056018653,1371.8918045558205,655.1428892211337,1375.643679309178,654.8966243332417,1379.3984833152767,654.7001680129952,1383.1558319418727,654.5608380042785,1386.9150051650481,654.4858829634866,1390.6749115802984,654.4832431180166,1394.4339842893964,654.5616830596451,1398.1900445700921,654.7309060177327,1401.940313819111,654.9992922784579,1405.682186457134,655.3667322623801,1409.4145223885241,655.8212059103957,1413.1382519448118,656.3417643540896,1416.8561730256372,656.9024686713628,1420.5722846811386,657.4750925269602,1424.290212262218,658.0357699448684,1428.0114630469543,658.5739521906295,1431.7349706952866,659.0963211241573,1435.458304019772,659.6199273091684,1439.178708739788,660.1638931725475,1442.8935546334571,660.7445378449363,1446.6008423843302,661.3716033350803,1450.3000180371428,662.0448940631807,1453.9918961563626,662.7571598885415,1457.6783239466517,663.4971569616145,1461.3618490224374,664.251493319025,1465.0455724699948,665.0048583485019,1468.7328650241952,665.7405201666309,1472.427073445255,666.4405459356921,1476.1308431930697,667.0879877622148,1479.844966112965,667.6730874268379,1483.5675761690172,668.2016254869895,1487.2954529473052,668.6917893938726,1491.0257919917713,669.1628894013753,1494.7579784071327,669.6191266972967,1498.4917951827174,670.0618266015546,1502.2270397506452,670.4923166134653,1505.9635225984366,670.9119259293593,1509.7010658724041,671.3219850052873,1513.4395019688327,671.7238252068462,1517.178672682632,672.1187731611828
1023,1337.5382608800073,655.4173221161558,1341.1965227223725,656.2792003237055,1344.9216814383506,656.7794044769312,1348.6764399491974,656.959422100197,1352.4352109063275,656.8876904605614,1356.1862398668563,656.6322523406494,1359.9269929521006,656.2535748426931,1363.6600552238153,655.8047380588002,1367.3903479825792,655.333253060103,1371.123144459342,654.8821615754857,1374.8622706124897,654.4873347282712,1378.6092352819335,654.1760477745671,1382.3631792067445,653.9653783105832,1386.1215807882559,653.8610456914754,1389.8814452250037,653.8588793673022,1393.640198775216,653.9510224173362,1397.3958950131369,654.1287502326795,1401.1471859044252,654.3832479727503,1404.8932688404768,654.7056058905019,1408.6338394065763,655.0867519106212,1412.3690122639896,655.5176772701604,1416.0991601811284,655.990179602278,1419.824596321203,656.4985254136234,1423.5454556986972,657.0393649233849,1427.2617630840084,657.6106536483646,1430.9735591496699,658.2105617975038,1434.6809107123165,658.8373565317078,1438.383884806175,659.4895190690933,1442.0825471042097,660.1657109193244,1445.7769688951014,660.8647032464751,1449.467237861181,661.5853020815964,1453.1536508672616,662.325380467096,1456.8369292973828,663.0809142065149,1460.518326713511,663.8455678676812,1464.1994471051964,664.6115552387422,1467.8820066975222,665.3705867288428,1471.5677081461859,666.1141970354017,1475.2581672211593,666.8337995703329,1478.9548430609282,667.5207177905319,1482.6588493196523,668.1669016676553,1486.3711003542014,668.7638355559573,1490.091992156554,669.3042799721921,1493.8204004143045,669.7902084764098,1497.5550323131165,670.2257713870807,1501.2947646841915,670.6151620637295,1505.0386317282303,670.9625993030659,1508.7858115991603,671.2723133052151,1512.535612240454,671.5485350730414,1516.2874568007933,671.795488906595,1520.0408699744048,672.0173688582909
1024,1340.4266094402653,656.2684981661313,1344.1328362876882,656.8813468594889,1347.8892919989494,656.9527467198686,1351.634073524747,656.623017791721,1355.3701279979152,656.19961214946,1359.1074151714927,655.7872294737023,1362.8463361564807,655.3899632130467,1366.5877286984146,655.0167248000989,1370.3318940063778,654.6724436892798,1374.0790347100615,654.3622689437334,1377.8292604073833,654.0920108282661,1381.5825337609235,653.8681430174122,1385.3386308202598,653.6983169669631,1389.097022494605,653.5910465803158,1392.8567628584908,653.5556689682236,1396.6163692048592,653.6018613840583,1400.373777864889,653.7380804164154,1404.1266269077776,653.9678228556227,1407.8727476560252,654.289235791321,1411.6105224203893,654.6964962999626,1415.3389307070836,655.1821842580785,1419.057527420206,655.7381127717671,1422.766369596485,656.3558458794744,1426.465946223723,657.0268995772726,1430.1571313715501,657.7427187858219,1433.8411334951325,658.4946672134165,1437.5194494315722,659.2739818465558,1441.1938100259472,660.0717550512956,1444.8661088061824,660.8789750844674,1448.5382958046578,661.6867039825122,1452.2122559526579,662.4863217000152,1455.8895645550047,663.2703861742218,1459.5711841345853,664.0339438656628,1463.2574177285956,664.7749035074755,1466.948174485959,665.4929951944532,1470.6431226972431,666.1892028355287,1474.3417592595176,666.8655477367221,1478.0435948589015,667.5241625073484,1481.7485660476568,668.16489863311,1485.457095440344,668.7846957931525,1489.1700306687312,669.3774937129389,1492.8889507257222,669.9314365524447,1496.6141147284009,670.4417191409802,1500.3446148570472,670.9114287834088,1504.0796138616772,671.3439355030549,1507.8183761436935,671.7426277831421,1511.560259139221,672.1109047340815,1515.3047043052338,672.4521700390598,1519.0512278549522,672.7698275082108,1522.7994134922885,673.0672505181298
1025,1343.3459212838761,656.4025286255636,1347.104575884362,656.451976732577,1350.8594588442422,656.2635735175951,1354.6050995734136,655.9368027164095,1358.3443979120473,655.5432231161617,1362.0816116449241,655.1301666650837,1365.8195418795622,654.7236714546483,1369.5601252488236,654.3424519625743,1373.3044603362723,654.0001398900449,1377.0528436710686,653.705527131194,1380.8049944047402,653.4636640428955,1384.5604236459892,653.2797283859643,1388.3184228526468,653.1594781842549,1392.0779998604853,653.1092659098629,1395.837802895911,653.136204717203,1399.5960123089433,653.2483957026234,1403.3502114497692,653.4547167807941,1407.09716770774,653.7656560809625,1410.8325702745358,654.1933538928891,1414.5517265015233,654.7446787695308,1418.251492600508,655.414062011536,1421.9326726753397,656.1794201365478,1425.6018196318503,657.0007959970626,1429.2702968509009,657.8251859068679,1432.9451675239225,658.6205516113736,1436.6264133658417,659.385910736439,1440.3098677788464,660.1405946604917,1443.9918886532623,660.9022303998893,1447.6699143711498,661.6829127677769,1451.3431785740604,662.4857104960595,1455.0136181954442,663.3013421226439,1458.685136499218,664.1120946686013,1462.3615053258347,664.9005229641506,1466.0453970934743,665.6529723125637,1469.7383684991662,666.3594644430391,1473.441329077258,667.0115168975855,1477.1551763419423,667.5982802597292,1480.8798270225777,668.1120115055796,1484.6132248625086,668.5579190887894,1488.3517870791247,668.9584866838514,1492.0920544851676,669.3429124528384,1495.830852247542,669.7412928211642,1499.564745836647,670.1830364339231,1503.2893403717626,670.6970452653834,1507.0019262339733,671.2916751917495,1510.7019196211425,671.9602647685589,1514.389195955842,672.6958145141012,1518.064003248599,673.4913651352903,1521.7269166125652,674.340032497298,1525.3787857056025,675.2350608438614
1026,1346.363450554576,655.842075314891,1350.1222551654998,655.9186047138494,1353.8804811136804,655.8150789394958,1357.63096957824,655.5515913652357,1361.370215207864,655.158658213587,1365.0988991300305,654.6750326145091,1368.8210679134684,654.1432598711478,1372.542537149078,653.6065812571154,1376.269541177315,653.1101030417409,1380.0065217301797,652.6959599633817,1383.7543254453176,652.3957945054974,1387.5101562568127,652.2234989544324,1391.2697283527048,652.1847617339962,1395.0282228115013,652.2824533320858,1398.7806822691896,652.5168723063678,1402.5228955916841,652.8801534239338,1406.2523756065536,653.3570726087312,1409.9685943626935,653.9284764516382,1413.672656249281,654.5742010124492,1417.3668270171606,655.2744232561186,1421.0536174473234,656.0125832462762,1424.735238335842,656.7761381921124,1428.4135085920507,657.5556899775133,1432.0902158658928,658.3425873246968,1435.7671344899413,659.1284956896393,1439.4457355239197,659.9064863532465,1443.1269502050152,660.6720103115304,1446.81116569242,661.4229570458207,1450.4985487418082,662.1581908299247,1454.1891789887065,662.8769460168335,1457.883095035746,663.5786178531463,1461.5803024004765,664.2627345409696,1465.2807748723258,664.928963225297,1468.9844565617857,665.5771135440235,1472.6912617569244,666.2071551394286,1476.401071732237,666.8192563893467,1480.1137364316694,667.4137984789415,1483.8290724543322,667.9914142636517,1487.5468692410932,668.5529758599554,1491.2668938879053,669.0995876444226,1494.9888300940854,669.6330320772818,1498.7125504756912,670.153874450094,1502.4380982993207,670.6614806418479,1506.1653229124508,671.1566265647602,1509.894047790907,671.640347115811,1513.6241059441609,672.1136786825599,1517.3553390711957,672.5776588299764,1521.0875967078148,673.0333260383536,1524.8207353672108,673.4817194869642,1528.5546186173724,673.9238708842637
1027,1349.0107210033689,656.4240012522778,1352.7692277714975,656.3432990895072,1356.5168390041415,656.044007155248,1360.2469691641293,655.5731104268838,1363.9603453216919,654.9836201790843,1367.6620960131634,654.3246532018197,1371.3593280437224,653.6406527757498,1375.0598685486834,652.9748864626193,1378.7710795789953,652.3718272769352,1382.4981774468508,651.8771786651129,1386.241972091454,651.5320462999183,1389.9978000579615,651.3636466673859,1393.7573636384873,651.3799267624937,1397.5118943946845,651.5758403111763,1401.2541901396096,651.9372256124709,1404.9797939254079,652.4429813602122,1408.6872320938758,653.06853903435,1412.37798055647,653.7863443076963,1416.055726695556,654.5682298168698,1419.72487928501,655.3895860418963,1423.388788348273,656.2340567174917,1427.0497950825381,657.0910328842477,1430.7097602742458,657.9524499913662,1434.370557439753,658.8103217551013,1438.0339478059989,659.6570432496621,1441.7012065242056,660.4868424016674,1445.372882672551,661.2968701262579,1449.048764715149,662.0875958750103,1452.7281908653777,662.8616688105159,1456.4102254012882,663.6232446191424,1460.093751579139,664.3775774368556,1463.777550643834,665.1305773865045,1467.4605092365246,665.8876757567373,1471.1426478601954,666.648753647706,1474.8257933983916,667.4049338685077,1478.5136123602006,668.137923546394,1482.2103702546246,668.8242741211607,1485.9189709547597,669.4432876397146,1489.6395702411496,669.9855539486273,1493.3697432378701,670.4576321017394,1497.1064675847674,670.8748779328545,1500.8474706907186,671.2519519048167,1504.5914864225706,671.5978694865637,1508.338009755232,671.9154961857892,1512.0866442763984,672.2071692056163,1515.8370422937198,672.4752323322172,1519.5889005925771,672.7220332948197,1523.3419560996742,672.9499217065594,1527.0959814853952,673.1612475337569,1530.850781465415,673.3583458574362
1028,1352.5057991718725,655.774033477902,1356.2449920508996,655.380352814416,1359.9740271567277,654.8995014508125,1363.6945866300841,654.3567164036475,1367.4096528118216,653.7773864954017,1371.1236170541508,653.191002479303,1374.8416679795923,652.6312596871677,1378.5687562441526,652.1356790674043,1382.3081164060009,651.7440954849048,1386.0590923305617,651.4876322650396,1389.8172876213216,651.3803071379389,1393.5768230929518,651.4200364076046,1397.3322962889679,651.5996799515985,1401.0790001646574,651.9130050012963,1404.812642230019,652.3556574082911,1408.5292070754272,652.9241992804797,1412.2253632641036,653.6131744619288,1415.9002407396679,654.408073620399,1419.5565618876853,655.2846093639877,1423.2004762675492,656.2115240497941,1426.8399285619848,657.1558599459919,1430.4827843048272,658.0869463310015,1434.1343372406063,658.9832697239425,1437.7962704848312,659.8361887696806,1441.4673408888748,660.6489048578946,1445.1456597040597,661.4281864476544,1448.8293565159051,662.1816591966107,1452.5167248288967,662.9169698979789,1456.2062074040023,663.6416069932051,1459.8963042216901,664.3631124549752,1463.585685145067,665.0882671641516,1467.273761826732,665.8200273264699,1470.961597812601,666.5529996725354,1474.651980220888,667.2730146282513,1478.3484153930194,667.9612011578423,1482.0541174264347,668.5974684015814,1485.7710841302835,669.1640905207832,1489.499125367322,669.652523142104,1493.2360555902255,670.0676997597319,1496.978981896184,670.4250348535431,1500.7254377325753,670.7434499304326,1504.473227088856,671.0458682576082,1508.2213379171658,671.3442791345337,1511.9696862197222,671.6396926604071,1515.718219865682,671.9327453901047,1519.4668879261023,672.2240739875488,1523.215640349499,672.5143152002469,1526.9644276371484,672.8041058365445,1530.713200518233,673.094082744863,1534.4619094375078,673.3848852054056
1029,1356.0928405931177,655.8502103838118,1359.8070941818637,655.2666361169411,1363.5043997224473,654.5834523987834,1367.1898858321188,653.8388446593212,1370.8719475671207,653.0773986213337,1374.5599794641064,652.3455836910748,1378.2630671021125,651.6947905463078,1381.9868632972605,651.1764374359385,1385.7305497235966,650.8308885332639,1389.4867887516725,650.672427381643,1393.2463008882094,650.6995543582725,1397.0003233175369,650.9049363494205,1400.7410209602945,651.282024504341,1404.4612767593665,651.8250591719526,1408.1559682737225,652.5213816758153,1411.8239491529864,653.3473310167191,1415.469173807584,654.2688499124968,1419.099075079668,655.2491837536558,1422.7225950643533,656.2529180385542,1426.3477639725163,657.2506695441236,1429.9797691481567,658.2232132123828,1433.6204920547684,659.162580182481,1437.2706249401172,660.0646792543017,1440.9305117919364,660.9263405457921,1444.6002394864345,661.7450718794634,1448.2793414668392,662.5205953322613,1451.9669163220383,663.2547894562167,1455.661685749686,663.9519012617794,1459.3620962866235,664.6184487190653,1463.0665992872132,665.261883632985,1466.7742518253087,665.8869220495712,1470.4846975036114,666.4951600336917,1474.197922032841,667.086195160942,1477.91393848879,667.6594130753768,1481.6327528110255,668.2141880221961,1485.3543513289658,668.7499661381073,1489.0786934452622,669.2663269159638,1492.805709643638,669.7630184680753,1496.5352865880404,670.2401021398509,1500.2672746873789,670.6979444296159,1504.0014423443147,671.1376636459268,1507.7373874571056,671.5620246210705,1511.4748454857988,671.9728509261863,1515.213645030541,672.3712867300288,1518.9536267124192,672.7584718071582,1522.6946414634992,673.1355471556301,1526.4365494975407,673.5036546872972,1530.179219272908,673.863936977564,1533.9225264498139,674.2175370679921,1537.6663534667318,674.5655915814705
1030,1358.9988781099619,655.3266493458497,1362.6714207779592,654.5208220474391,1366.3321581730636,653.6627437128309,1369.9910304862967,652.7967121996327,1373.6594252974223,651.9721586956865,1377.3467314933164,651.2372929490539,1381.0598296344363,650.6476593705589,1384.7989125333427,650.2569016332947,1388.5547883892177,650.094245167154,1392.3138879929343,650.1494685756079,1396.0652316120454,650.3986429857063,1399.80148008041,650.8178369601212,1403.5180483005447,651.3860522979553,1407.212330282808,652.0849093710069,1410.8834952948193,652.8966971576727,1414.532978085789,653.801182656755,1418.1651061333062,654.7731761441469,1421.7862296711182,655.7854931406129,1425.4037993662066,656.8104678317811,1429.0249369003795,657.8227416879209,1432.6546568902752,658.8037628535528,1436.294248169275,659.747495917524,1439.9434629108266,660.6533067913263,1443.6017321981624,661.5218292913055,1447.2685506236082,662.3535212785407,1450.9434159879208,663.148907014595,1454.6256724708735,663.90934985459,1458.3143438361076,664.6380580733055,1462.008166497093,665.3402040101303,1465.706173002728,666.0199797492057,1469.4080802242715,666.678178457134,1473.1140953978725,667.3128306869618,1476.8245479462068,667.9209922567773,1480.5397095885694,668.4996785684101,1484.259796494941,669.0457921785681,1487.9849683278335,669.5560482820828,1491.7153045651867,670.0270435893906,1495.450759739837,670.4555254731968,1499.1912053986648,670.8379661683051,1502.9362753200005,671.1720950726572,1506.685385455487,671.4573143072181,1510.4378966429078,671.6937539224643,1514.191113915617,671.9189507810422,1517.9425723307377,672.1716717238781,1521.6918671243657,672.4546880205635,1525.4387796650897,672.7676698602653,1529.1830990005085,673.1102854855533,1532.9246217804287,673.4822015477971,1536.663152169963,673.883083448407,1540.398496758258,674.312638021991
1031,1361.366189306197,654.8293272499812,1365.0107137761975,653.9048063922751,1368.6534765749532,652.9733387944457,1372.3066006872366,652.0835613154293,1375.9805083370102,651.2845033013955,1379.6846027615888,650.6406466290244,1383.4047683966653,650.0950275887432,1387.1310951557025,649.5946278180711,1390.8808740424984,649.3371214383939,1394.634212319446,649.5142951560236,1398.3684405986126,649.9531552517561,1402.101637607526,650.4002575118001,1405.8084481008395,651.0271837966136,1409.482798977703,651.8240825872623,1413.1288411184846,652.7420317918846,1416.74843514378,653.7595414404607,1420.349641475345,654.8405157024805,1423.9414918025686,655.9522585520574,1427.5322287993235,657.0675995136975,1431.1283064459974,658.165576462616,1434.734015320782,659.2314620292289,1438.3529255043836,660.2515746412371,1441.9877894603155,661.2132316941952,1445.6397817757922,662.1076154584167,1449.3079968382117,662.9329542440393,1452.9903115967882,663.6929585906452,1456.6844181465367,664.3934519915676,1460.3881950563446,665.0409182425444,1464.099759086291,665.6421859895997,1467.8174832175416,666.2041502764904,1471.539970476411,666.7336809053255,1475.2660187790443,667.2375729267739,1478.9945484378693,667.7227872745788,1482.7244411876402,668.197425301232,1486.4546762568352,668.6693690765576,1490.1845016778002,669.144537479047,1493.9135242424322,669.6259633528051,1497.6414819331762,670.1155652822008,1501.3684543141246,670.6126150673373,1505.0952045381782,671.1113295227098,1508.82352934892,671.5980901123719,1512.5561494100143,672.0506107457228,1516.2937075412392,672.4603680603939,1520.035425708487,672.8302437250877,1523.7805969016201,673.1633727582398,1527.52860710797,673.4629047326658,1531.2789277970837,673.7319969789439,1535.0311080975341,673.973809304032,1538.7847667839021,674.1915000890045,1542.5395852056251,674.3882030067663
1032,1364.1413218988491,651.4488844355797,1367.863942071063,650.9205460720499,1371.5956843136903,650.4611724045906,1375.3363400282387,650.081332142783,1379.0850593596344,649.7919838267834,1382.840222636617,649.6044262177943,1386.599305521561,649.5301985953556,1390.3587473070293,649.5809196723233,1394.1138368049678,649.768055812167,1397.8586355063733,650.1026142557082,1401.5866263354872,650.5901098489677,1405.2946050642831,651.2121799982797,1408.979678998046,651.9580287234952,1412.6379063615652,652.8260855055274,1416.2675882233766,653.8068268770222,1419.8720285055647,654.8768209167512,1423.4582882525997,656.0063998916061,1427.034333433376,657.1679693849684,1430.6068303570835,658.3404239302452,1434.183280456197,659.5007400023906,1437.7720732446858,660.6222089729417,1441.3813002913037,661.6758970875195,1445.016977849268,662.6341358768267,1448.681172122529,663.4766182100831,1452.3703501301152,664.2020785189305,1456.0776753622654,664.8285895125034,1459.7960450636276,665.3861475984166,1463.5199065279905,665.9059511413665,1467.2452092938777,666.4153656737825,1470.9693899445635,666.9329076385213,1474.6915351032903,667.4648878193693,1478.4119567454716,668.0087997484261,1482.1315351746196,668.5584547441475,1485.8516253257203,669.104628751814,1489.574190761679,669.6336219153362,1493.3016703298458,670.1266829805828,1497.0356429147632,670.5677604324204,1500.7759587794635,670.9513958601955,1504.5209639879727,671.2863216240522,1508.2688276890917,671.5877328244604,1512.0180762461237,671.8714778299494,1515.7677237238217,672.1499169193688,1519.5172909235628,672.4294345987574,1523.2666910191738,672.711184955487,1527.0159271537977,672.9951088336074,1530.7650025674848,673.2811471613037,1534.5139206001238,673.5692408736388,1538.2626846886346,673.8593309126752,1542.0112983641645,674.1513582275676,1545.7597651641277,674.4452648577573
1034,1368.655338711934,652.1628090691391,1372.293188308058,651.2127921983256,1375.9606212490144,650.3848102865461,1379.6610670506009,649.7205721645932,1383.3919639207859,649.2582245088298,1387.1443608050943,649.0306863276764,1390.90355834026,649.0571991793195,1394.6538585429766,649.3190877836759,1398.384061370301,649.7879880419694,1402.0874480896182,650.4360489818055,1405.7607430694638,651.2376381245325,1409.4027842233788,652.171244200865,1413.014402340078,653.2165572772736,1416.5986551516248,654.3523172102067,1420.1616910002208,655.5531258814068,1423.7148270351297,656.7830038725232,1427.27492507024,657.992496191245,1430.8574054080557,659.133785593496,1434.4691844696226,660.1785562907997,1438.1075723805752,661.1265910859543,1441.7669409047182,661.990246033252,1445.4420930562471,662.7841570593465,1449.1293201286069,663.5200228002104,1452.826035527507,664.2066852092333,1456.5303123051135,664.8513488573553,1460.240643577142,665.4602290016326,1463.9558083569123,666.0389097311297,1467.674789765702,666.5925514111179,1471.3967452732174,667.1258471436414,1475.120982455526,667.6429787465258,1478.846915499272,668.1477544925433,1482.5740076160882,668.6439046104391,1486.3019041913628,669.1339755578141,1490.0305934755138,669.6179761672706,1493.7604337723214,670.0930192425787,1497.4919449549163,670.5547429817909,1501.2255946679395,670.9988286960461,1504.961771277731,671.4211100231552,1508.700796448203,671.8173539864556,1512.4429298746377,672.1830468682961,1516.1884074970874,672.5126770391527,1519.9372918791307,672.8009360362933,1523.6893055933533,673.045114781041,1527.4437903300998,673.2478451324673,1531.200128524199,673.4127738957434,1534.9578131028245,673.5435615349936,1538.716437134171,673.6438741539297,1542.4756831577488,673.7173775251028,1546.2353123520718,673.7677329584646,1549.9951537268405,673.7985868202929
1035,1372.5749329466535,650.6781135428965,1376.247893970298,649.8746671835661,1379.925294036351,649.0910752837679,1383.6222677002766,648.4093078932958,1387.3683231011232,648.133664938765,1391.1134991833887,648.4451415567719,1394.851561008982,648.8493436704812,1398.5795834508283,649.3322306365961,1402.2613834695526,650.0918313517988,1405.8996174530844,651.0396533806497,1409.4957245607504,652.1368313443012,1413.0588810406616,653.3371692365071,1416.6064450976496,654.583016868378,1420.155346477113,655.8250428998973,1423.7180147468036,657.0269246650682,1427.2994364315532,658.1716836293234,1430.8996256798184,659.2559817354178,1434.516979214026,660.2815748631695,1438.1500768484154,661.2499237883758,1441.798144678511,662.160243064524,1445.4607525965946,663.0101589263842,1449.1374272900248,663.7969838237335,1452.8274168304054,664.5187843532212,1456.529510353322,665.1757016009916,1460.2418944399126,665.7717846223834,1463.9623043187116,666.3156134541649,1467.6885036025287,666.8183258845992,1471.4185115580337,667.2920151591929,1475.1506304872178,667.7488113955784,1478.8834905607725,668.1995219422334,1482.6162257730132,668.6512646790796,1486.3483913300781,669.1076879946487,1490.0797755127244,669.5704545363578,1493.8102012512381,670.0408822241121,1497.5394787159987,670.5203290098049,1501.2685036663202,671.0017379192474,1505.000800757255,671.4568511922415,1508.7413595226647,671.8373864058408,1512.4916885728137,672.1043659238679,1516.2475604858123,672.2788318644353,1520.0051404151297,672.4128405589515,1523.7623464606966,672.5567290778928,1527.51737426178,672.7487242021067,1531.2690136100352,672.9983831376359,1535.0166822677813,673.3019306208382,1538.7599689757922,673.655480894503,1542.4986170672373,674.0551469153495,1546.2325116233862,674.4970527225373,1549.9616663744368,674.9773426898473,1553.686206553978,675.4922171275886
1037,1379.2846806470907,648.577593976919,1383.017947877931,648.135877342814,1386.769480440974,648.2509567744189,1390.5121145494952,648.5851964921662,1394.270963063891,648.5097716606222,1397.9958275916636,648.9760920700515,1401.654073615657,649.8439964554866,1405.2773271497279,650.8470962123654,1408.8414316450767,652.0438013734414,1412.3643667631275,653.3574664636441,1415.865970984579,654.7271568350253,1419.365950455251,656.1010086653355,1422.8833591195923,657.4294841647115,1426.4284145034724,658.6822013910763,1430.0033620955417,659.8468384112991,1433.6073904525379,660.9180745487042,1437.2386972938061,661.8928415837811,1440.8943473686072,662.771960573136,1444.5702397926452,663.5622712271393,1448.262109595171,664.2743364580438,1451.9661851232177,664.9200123465795,1455.6794819222655,665.5104348697982,1459.3997965532792,666.0549499484974,1463.1256503927225,666.5602065409745,1466.8560533141028,667.0307266671139,1470.59021844191,667.47041493452,1474.3274698618718,667.8830696387223,1478.0672235563632,668.2724135682537,1481.8089686338103,668.6421464266276,1485.5522451274717,668.9960529117826,1489.2966289982871,669.338055918001,1493.041705073873,669.672402252217,1496.7870468638857,670.0037624209867,1500.5321897919252,670.337359353141,1504.2765656346492,670.6794445658342,1508.0194104854957,671.0378598935207,1511.7600041453368,671.4190376157412,1515.4981934129787,671.823131752164,1519.2347663809921,672.241939614014,1522.9710388671288,672.6634264995267,1526.7083900975574,673.0752164772355,1530.4479739039896,673.4661621420133,1534.1907741271352,673.8249385677099,1537.9368326286717,674.1479421851311,1541.685610976645,674.4377032680416,1545.4366269298907,674.696920650312,1549.1894644999077,674.928301343497,1552.9437682867751,675.1345565568057,1556.699237668303,675.3183986375454,1560.4556216656122,675.482521055257
1038,1381.1170144539421,647.1779085824996,1384.8759837278842,647.2515761209236,1388.6277503214294,647.494467521467,1392.3625700014784,647.924913442145,1396.0679717262935,648.5601616249661,1399.7294052343473,649.4129285549762,1403.3408495271744,650.4580964716621,1406.9075339415326,651.6475280526972,1410.4387632595292,652.9387445696777,1413.951280925775,654.2802168682293,1417.4641875821458,655.6206675640079,1420.993109775638,656.9182724069976,1424.5464829009265,658.1472534040809,1428.126031735788,659.29774082561,1431.7307479027536,660.3667609035126,1435.358660223903,661.3542113038695,1439.0072778549984,662.2622031107634,1442.673685609252,663.0955051690447,1446.354977287065,663.8604326377364,1450.0485345051259,664.5638032629978,1453.7521570443416,665.2121360331354,1457.4640467035103,665.8113676402296,1461.1827600745587,666.3667149557185,1464.907129017031,666.8828013159546,1468.6361847792982,667.3638801232822,1472.3691097442795,667.8139751396387,1476.1052090977805,668.2369327090476,1479.8438886051977,668.6364590762475,1483.5846357181629,669.0161544986161,1487.3270034831598,669.379542186477,1491.070594790205,669.7301112228234,1494.815050353588,670.0713332055235,1498.5600350437255,670.4067031963283,1502.3052208889267,670.7398213315342,1506.0503196848726,671.0739160357729,1509.7951915747794,671.4105446552527,1513.539946106409,671.7484769105229,1517.2849231357798,672.0839316325985,1521.0305510330154,672.412029315906,1524.7772857105188,672.7272164047838,1528.5255736032739,673.0233266726806,1532.2757609169626,673.2942864287469,1536.0277453574133,673.5391243643222,1539.7812148325131,673.760051344207,1543.5358970115255,673.959329269755,1547.291558795797,674.1392231032155,1551.0480022716574,674.3019992024675,1554.8050606198285,674.449924101878,1558.5625940011585,674.5852636873974,1562.3204857409698,674.7102732750626
1039,1384.9204547980275,647.1382561642797,1388.6787476971194,647.2169213285069,1392.4206564674603,647.5774741374589,1396.1331359559156,648.1698434305335,1399.8054552311423,648.9747062291314,1403.429996931227,649.9732910505336,1407.003777191212,651.1408733090306,1410.5283471612793,652.4498298028157,1414.0133179585423,653.8611195709301,1417.4750706532782,655.3286180081082,1420.9340480636781,656.8026673389215,1424.4113709880305,658.2327563469064,1427.9248152031596,659.571385230074,1431.482182154037,660.7883269036926,1435.081834757395,661.873862576997,1438.7168441055221,662.8345043129148,1442.3800069732508,663.6816311936329,1446.0651441649352,664.4275367664574,1449.767226728417,665.0843337665243,1453.4822382821228,665.6636774684212,1457.2070130448594,666.1766353866055,1460.939068543034,666.6337255666514,1464.6764773049472,667.0448444156328,1468.4177672214298,667.4190706016973,1472.1618444880312,667.7643491287668,1475.9078797736702,668.0877309134438,1479.6552109657835,668.3957591194243,1483.403273709599,668.6947699759783,1487.1515557102878,668.991024455731,1490.8995455975914,669.290945363419,1494.6467268839083,669.6007894424465,1498.3926337539253,669.9256645135883,1502.1370011123554,670.2678225464825,1505.8797866215984,670.626876546547,1509.6210833943903,671.0011309823514,1513.3610213184413,671.3887338589567,1517.0997065085608,671.7882421887326,1520.8371541241036,672.1991669689573,1524.5732773186785,672.6219617802997,1528.3079531130227,673.0573561783798,1532.0413153111147,673.5038831150825,1535.7747354182043,673.9499251307169,1539.5092869756559,674.3863896183442,1543.2449579680783,674.8131676620593,1546.9816763212812,675.2306767754452,1550.7193730762428,675.6393349433788,1554.4579822535045,676.0395605546262,1558.1974407163236,676.4317723411847,1561.9376880327407,676.8163893243052,1565.678667489253,677.193819271406
1040,1387.2651892184465,647.1617426543264,1391.0123008974322,647.4665610429548,1394.7328712164638,648.0041307218703,1398.407166611148,648.7990616502212,1402.0265242964992,649.815896802025,1405.5883249476537,651.019371989779,1409.096952961267,652.3704465950772,1412.5635657217272,653.8262333847009,1416.004497989482,655.341898335498,1419.440856295147,656.867938345519,1422.8960013912954,658.3507937506154,1426.392395658135,659.7331799928537,1429.9453766741317,660.9624514035083,1433.5536377267415,662.0184545726356,1437.2047010400534,662.9158666131252,1440.8845332764483,663.6873549605396,1444.5826734741652,664.3660604341695,1448.2916448752956,664.9830893642918,1452.0064994628874,665.5637643714119,1455.7248648695754,666.1215301223059,1459.4468107834193,666.654852534543,1463.1736394794161,667.152836462828,1466.9064687031869,667.6035419954409,1470.646063338932,667.9939698832911,1474.3924691230363,668.312383393899,1478.1441722512027,668.5609076315653,1481.899018563814,668.7568095612891,1485.6553038125917,668.9231710892079,1489.4119734932037,669.0807058518021,1493.1682244465246,669.2478418869489,1496.9231247957448,669.4427667749013,1500.675407241955,669.682623171292,1504.4231377360886,669.9850240172781,1508.1629751651026,670.3726803595155,1511.8919966719523,670.8533777443172,1515.6082821971313,671.4243061257057,1519.3173686973764,672.0406986724521,1523.0428997571087,672.5463143265843,1526.7836925261636,672.9246506802389,1530.53070840402,673.2362594441482,1534.2796631082356,673.5238660305571,1538.028134531317,673.8176610582391,1541.7741124296178,674.1415454634397,1545.5163040279995,674.5065817869072,1549.2545153186127,674.9103717932529,1552.9887212426243,675.3496837807029,1556.718988395873,675.8212906679123,1560.445466221991,676.3219747747056,1564.1683782218724,676.8485310961996,1567.888008341694,677.3978021252103
1041,1390.7632904091445,646.9351890218587,1394.4740131058747,647.5369538950229,1398.1362641576732,648.3858740193712,1401.7431879452322,649.446160205357,1405.295584970142,650.6773305011071,1408.800524978378,652.0380849120094,1412.2697999958086,653.4875873454669,1415.7181849860306,654.9862324214481,1419.1619066437459,656.4955889426399,1422.6173438495744,657.9778607676279,1426.0999027021464,659.3950736055874,1429.6220749291097,660.7105013294731,1433.1899238788474,661.8962941949864,1436.801562808573,662.9411345879713,1440.449762797015,663.8502729378191,1444.1265917944586,664.6358587295197,1447.8251571122746,665.311954302427,1451.5399591205735,665.8924416477345,1455.2666909743864,666.390815584044,1459.002040762061,666.8200207575919,1462.7434899236139,667.1924843978416,1466.489141023434,667.5201362448173,1470.2375880059496,667.8141825780027,1473.987831191408,668.0844228537726,1477.7391565973453,668.3392386647827,1481.4910217051283,668.5860001492689,1485.2429493346954,668.8318114321612,1488.9944691058604,669.0837565134226,1492.7450697989098,669.349002452022,1496.494149292926,669.6349012333209,1500.240981329959,669.9488347349511,1503.9849281028119,670.2954630786691,1507.7257072607108,670.6747750525025,1511.4635808573148,671.0817611425992,1515.1992547127716,671.5084994014577,1518.93364772279,671.9463232240992,1522.6676955765292,672.3870853505791,1526.4021697776661,672.8242171928819,1530.1375062245002,673.2539152206319,1533.873785456282,673.6753376610793,1537.610906500038,674.0892301392063,1541.348833366465,674.495778494863,1545.0878105712088,674.8925464224413,1548.8278650590005,675.2790293024566,1552.5688897411821,675.6560069800589,1556.310782441259,676.024270489752,1560.0534465195783,676.3846114852115,1563.7967903768747,676.7378221053389,1567.5407269550735,677.0846948627037,1571.2851734572944,677.4260201295655
1042,1393.4375430681564,647.484320557334,1397.1118482915706,648.2803075353867,1400.7394240768724,649.2676227354328,1404.3077484530202,650.4511820101642,1407.8038469407775,651.8336342674676,1411.2314430197544,653.3787015306,1414.6137322201498,655.020992154317,1417.9837744701742,656.6883799521045,1421.3758581533416,658.3102435177531,1424.8259274855661,659.8040634538266,1428.3522859748807,661.1072887517428,1431.9459354884239,662.2117792992233,1435.587005546944,663.1488235150551,1439.2599918545343,663.9521517143642,1442.9541103913373,664.652310590991,1446.6614694154187,665.2788433360012,1450.3776533133437,665.8508239758968,1454.1010795107259,666.3735775641951,1457.8314584531659,666.8441176620047,1461.5686345794768,667.2571461470408,1465.3123250180188,667.6061304028256,1469.0618916545097,667.8848718517484,1472.8159860487983,668.0941927121462,1476.5728624225621,668.2460715679747,1480.3311342548416,668.3587848772801,1484.0899873913668,668.450407058836,1487.8489360999981,668.5380840044905,1491.6075561324817,668.6386966357558,1495.3652651304099,668.7686612654512,1499.1210780419822,668.94474984364,1502.8733527564877,669.1843040805921,1506.6197833561523,669.5022404632625,1510.3583005404778,669.9026590349579,1514.0884250180657,670.3751196377012,1517.8112515448538,670.9021602108537,1521.5290072877785,671.4639734676296,1525.24540577465,672.034731989915,1528.9639213667201,672.5914896596765,1532.6862404043572,673.1222111597712,1536.4121049498262,673.6274571377301,1540.1406016076285,674.1129202733584,1543.8707750277433,674.5853442119127,1547.600331183484,675.0625864830874,1551.326068768821,675.5687265193385,1555.0474658271607,676.1058611545029,1558.7645980777415,676.671765845225,1562.4775926391098,677.2642196213393,1566.1866237847767,677.8810073007423,1569.891908731305,678.5199210059122,1573.593700347674,679.178778484508
1043,1396.377496215934,647.3692220153038,1399.9797113952627,648.4444331529593,1403.5075851232543,649.7435101898443,1406.9642735869552,651.2221784052315,1410.3670438078211,652.8214641180605,1413.740726706531,654.4814472115092,1417.114118736343,656.1420229873985,1420.5144979972963,657.7464490042937,1423.9587051342096,659.2542965978612,1427.452577305247,660.6430795499793,1430.9964015227533,661.8988239450916,1434.587777319687,663.0112536356478,1438.2209290410733,663.9786148750688,1441.8879963142329,664.8083733907525,1445.581178356888,665.5130735140583,1449.2938621336627,666.1067493731283,1453.0207948826578,666.6034161025498,1456.7578995122462,667.0168736794228,1460.5021274247013,667.3600945070215,1464.2512770921219,667.6447458926478,1468.0037917928723,667.8810981856274,1471.7585545148627,668.0786975806618,1475.5147670734675,668.246623959624,1479.2718614153973,668.3936063677735,1483.029425281495,668.5281157997201,1486.7871360885536,668.6584773825459,1490.5446996762971,668.7929944208546,1494.3017911880927,668.9400481966071,1498.0579941246835,669.1081873965261,1501.812732105892,669.3062511699335,1505.5651664741713,669.5438561338607,1509.3141834692078,669.8302642568065,1513.0585878579452,670.1716612109674,1516.7973111886292,670.5704797679894,1520.5296510403211,671.0252121014565,1524.2555724062101,671.5299145757369,1527.9759677592983,672.0739270622521,1531.6923272111917,672.6449096409335,1535.4064310974186,673.2304101701031,1539.120073049658,673.8188382615124,1542.8348654067986,674.3999487775485,1546.5523219831864,674.9637405285366,1550.2733054929943,675.5037520469892,1553.9979035055073,676.0182439653745,1557.725749776132,676.5086540790433,1561.4564519065432,676.9768511837714,1565.1896510285032,677.4247101488892,1568.925019118777,677.8541101843972,1572.662256246405,678.2669334346991,1576.401089931961,678.6650433147985
1044,1399.8744697725601,648.6881019076378,1403.3878110332103,650.0263725032669,1406.8380194974711,651.5202260760923,1410.2349256507089,653.1318907511618,1413.595691415047,654.8178270983051,1416.9462434543236,656.5240423966014,1420.3177302331983,658.1883368862412,1423.739125938546,659.7470707185705,1427.2277742595948,661.1484291339749,1430.7831794871981,662.3704808530642,1434.3943709181813,663.4165062944999,1438.0478812278711,664.3038039178442,1441.732708649641,665.050768876218,1445.440273285963,665.6754779235106,1449.1640482232128,666.1951896560621,1452.8991711279505,666.6261106633283,1456.6420845215243,666.9833456496634,1460.390232341953,667.2809032119401,1464.1417990404314,667.5318970433968,1467.8955224789054,667.7484046357242,1471.6505619786449,667.9408389821202,1475.4064055383058,668.1169349474683,1479.1627209073988,668.2826897989261,1482.9192514913263,668.4435074152095,1486.675746767002,668.6051451142329,1490.431938276351,668.7736733058457,1494.1875026610737,668.9556005578548,1497.9420142784682,669.1580316000051,1501.6948805839575,669.3888791084995,1505.4452442020786,669.657223832748,1509.1918611932451,669.9734653961921,1512.933153978258,670.3473668081252,1516.6676028358356,670.7843347186849,1520.3943757642724,671.2825907298093,1524.113520754342,671.8349865416577,1527.8260664651705,672.4302018432875,1531.533998742388,673.0535691842787,1535.2397182204222,673.6899848328928,1538.945533804243,674.3258398321715,1542.6534344261872,674.9494032281615,1546.3650390024409,675.5504982062354,1550.0814275480336,676.1212419955972,1553.8026507913146,676.6595725831259,1557.528109093326,677.167780363099,1561.257241006723,677.6483022983837,1564.98953976197,678.1035852740664,1568.7245487206972,678.5360827486551,1572.4618566805702,678.9482520973773,1576.2010930771637,679.3425525833785,1579.9419250691467,679.721424361017
1046,1405.3985263741763,650.8815963847333,1408.756513488798,652.5727199275395,1412.0671570574325,654.3550227442507,1415.3612189965813,656.1679020514642,1418.6762046912997,657.9420650848614,1422.044587089087,659.6122779882639,1425.4839584107187,661.1306272256819,1428.9951327822328,662.4744992555621,1432.568956016229,663.6417385198142,1436.1927825676416,664.6432702220186,1439.8547394863676,665.4951483473578,1443.5456968403105,666.2112408911692,1447.2585377365128,666.8037134294378,1450.9876519492652,667.283421920982,1454.7286161524441,667.6599279697999,1458.4779342570453,667.941569120836,1462.2326928617358,668.1381662851595,1465.9905703743148,668.2622247848049,1469.7499313571461,668.3283913414664,1473.5098204233525,668.3509181042781,1477.269777580335,668.3431680581537,1481.029664892516,668.3182151772436,1484.7895267461859,668.2895382698772,1488.549451079161,668.2714661611795,1492.3094019140435,668.2792547728307,1496.069022192135,668.3286316482344,1499.8274184112297,668.4357763473427,1503.5829082104592,668.6177465723557,1507.3329241940057,668.8897569774148,1511.0742913116565,669.2621402571084,1514.8040088767239,669.7372795283604,1518.5204755647314,670.307018992411,1522.2238822457964,670.9564307293792,1525.9158736676113,671.6680072013028,1529.5990165355952,672.4241372169724,1533.2765042547103,673.2073614196044,1536.9521403694778,673.999247437999,1540.6293421970126,674.7838206397164,1544.3099028555253,675.5524800181344,1547.9932691483539,676.3075857757749,1551.679146648223,677.0503350731295,1555.3690985477826,677.7725313875075,1559.0684583166988,678.4445284954562,1562.7856602242286,679.0088631839421,1566.5192996820228,679.451779548194,1570.264611413781,679.782013887407,1574.0176329867888,680.0087440716521,1577.7751789176816,680.1413091225394,1581.5347766323891,680.1890691517615,1585.2945889451994,680.1611991278393
1047,1407.2968898329027,652.8069599961132,1410.470480758087,654.8232923922908,1413.6873791019375,656.7694647160181,1416.9873597580324,658.5706604370564,1420.3820759782,660.186018547097,1423.8628099938269,661.606728594635,1427.4125256226332,662.8453320319952,1431.0151936308125,663.9205217862549,1434.6585563054898,664.8487351954052,1438.3338579881345,665.6412253716284,1442.034543736504,666.3052987453362,1445.7548616649096,666.8488801150733,1449.4898931251098,667.2800969618994,1453.235501412329,667.6071669934711,1456.9882156947265,667.8392444531523,1460.7451711692518,667.9882143784006,1464.5042332856185,668.0690854371413,1468.264073519401,668.0977937062921,1472.0240256079185,668.0894215087485,1475.7838581028832,668.0574853523248,1479.5435823432945,668.014403718247,1483.3033155398516,667.9721293867856,1487.0631669162042,667.9425777906417,1490.8231247924198,667.937870117444,1494.5829332387764,667.9705415644713,1498.3419494339428,668.0536831388,1502.0989730049553,668.2011170397645,1505.8520778093825,668.4269502899378,1509.5987626535334,668.7416339060837,1513.336472089713,669.1493070353397,1517.063181620649,669.6476803393987,1520.7777006295908,670.2300853990558,1524.4796931791975,670.887519412702,1528.1696907292755,671.6093294578271,1531.849313070893,672.3823781998341,1535.5217679965008,673.1888617453825,1539.192331416496,674.0039352707153,1542.8678447724806,674.7963026484717,1546.5547114342023,675.5338683904863,1550.2558576706438,676.1959926334781,1553.968208770512,676.7923007111199,1557.6863800488377,677.3513654902159,1561.4062092536255,677.8993170048369,1565.1269940684267,678.4407432628735,1568.8484791228568,678.9773365863188,1572.5704156361758,679.5107903224108,1576.2925590917118,680.0427985978271,1580.0146669045332,680.575056117782,1583.7364960853095,681.1092579839235,1587.4578005054234,681.647102263802
1048,1409.99826621045,654.9040834861463,1413.176720222622,656.9126661143903,1416.411079632061,658.8295853381741,1419.7326333604926,660.5905799880072,1423.1539934427374,662.1484061716978,1426.6693610752388,663.4805884683776,1430.261449137032,664.5896929317994,1433.910437074819,665.4947010883703,1437.5993786256358,666.2204642365699,1441.315585078148,666.7909298954228,1445.0500562216967,667.226589728185,1448.7963172436605,667.5458883072812,1452.5497813191307,667.7654208112582,1456.3072718234757,667.9001455347785,1460.0666599454198,667.9637196032213,1463.8265980907001,667.9690365118493,1467.5863375773745,667.9288231148457,1471.3455875683364,667.855579957887,1475.1043759018992,667.7613681439165,1478.8629173939282,667.6576894318897,1482.621515501698,667.5561039052327,1486.3804638194586,667.4685919172108,1490.1399300831965,667.4077005600401,1493.8998182773973,667.3865425506369,1497.6596115673954,667.4187811481781,1501.418201191196,667.5184382842168,1505.17370731774,667.6998340670176,1508.9233154853866,667.9772433089743,1512.6633972170282,668.3621250063642,1516.3903427140244,668.8583570363086,1520.1017579467684,669.4599857824471,1523.797353972378,670.1523578833841,1527.4785930277626,670.9175496695408,1531.1483203505763,671.736281101499,1534.8104507700205,672.5884190449844,1538.469678891865,673.4529613456571,1542.1310835126585,674.3082181005909,1545.7998748823943,675.1311298777867,1549.4802108070548,675.9006718683563,1553.1733353811314,676.6062797723112,1556.8761267955495,677.2594136085987,1560.5809283557542,677.9011271401797,1564.2800963106135,678.5745001322042,1567.9727549866234,679.2827090010228,1571.6590217537023,680.0234772224044,1575.339073759634,680.7945342724141,1579.013143321714,681.5936182818803,1582.68151333061,682.4184780808641,1586.3445127209106,683.2668745871234,1590.0025049421363,684.1366112060122
1049,1412.4850901238376,656.742733070763,1415.661410139436,658.7544892227755,1418.920281774821,660.6290445981494,1422.2854363435606,662.3047127585465,1425.7583501671397,663.7436610185108,1429.3220362935722,664.9404814945703,1432.9543414590628,665.909819105395,1436.6347254598502,666.677384871739,1440.347247624672,667.270991230252,1444.080737013474,667.7146319340501,1447.8274400421578,668.0283204495414,1451.581832162086,668.2309810193087,1455.3401244402696,668.3407020542903,1459.0998940189186,668.3744440974574,1462.8597439831958,668.3482077101717,1466.619028179819,668.2771346143614,1470.3776291303564,668.1758438427621,1474.1357666664344,668.0584577397165,1477.8938062158018,667.9379474456791,1481.6520804636093,667.8250462345768,1485.4108109779745,667.7286349231928,1489.170084310174,667.6566474401436,1492.9298335641888,667.6171495211851,1496.6897825262836,667.6184554327945,1500.4493796443246,667.669203689582,1504.2077207416503,667.778422347668,1507.9634584653138,667.9555725607056,1511.7147000964276,668.2105312651854,1515.4588969836827,668.5535370527858,1519.1927162669992,668.9952083877968,1522.9119615839616,669.5461306914444,1526.6121328503687,670.2131624227314,1530.2893477703715,670.9969635080284,1533.9414253354637,671.89070793984,1537.5689276373137,672.8796310121107,1541.1760008131746,673.9408079310689,1544.7701015127004,675.0452340071918,1548.3610472187702,676.1599031323826,1551.9596953192972,677.2493723840503,1555.5767526708553,678.2758627454667,1559.2201670377826,679.2041836814403,1562.8912790721013,680.0161320613877,1566.5833579682846,680.7268999990936,1570.2916339479818,681.3477421875107,1574.0127998805906,681.8860618940066,1577.7440526694959,682.3494354563329,1581.4830566741205,682.7455407786164,1585.227901341543,683.082090904697,1588.977053596176,683.366786212214,1592.7293104923979,683.6072374027692
1050,1414.9249035441205,657.7702377580864,1418.2364561332902,659.5509619074644,1421.5490850797964,661.3296441178678,1424.9079314262817,663.0188811716886,1428.3513377594645,664.5273697469763,1431.8913730872316,665.7919707957049,1435.5154035474284,666.7908702945076,1439.198100897696,667.5463231116081,1442.9179955399354,668.0909158058901,1446.6598938833986,668.4560690054426,1450.4135039204496,668.6711482683322,1454.172228441011,668.7625596317342,1457.932103915654,668.754034514202,1461.6910177416164,668.6670515003414,1465.448134152248,668.521249072192,1469.2034658155176,668.3347447332852,1472.9575390336497,668.1242745159609,1476.7111433057762,667.9055523760894,1480.4651495840453,667.6938852236531,1484.2203581824817,667.504893076058,1487.9772186864097,667.35247109464,1491.735695674351,667.2475144435757,1495.495303352794,667.1980582383358,1499.2552016792736,667.2115750743803,1503.0141670390212,667.295858646994,1506.7705116307966,667.4592191148132,1510.5219915916196,667.7103774510732,1514.2657244532336,668.0582241188645,1517.9980235892663,668.5124184333126,1521.7142838219324,669.0829922097993,1525.4096163779836,669.7762847382177,1529.0809780225486,670.5870534530213,1532.7248967081264,671.513377267032,1536.3401591789425,672.5460692634698,1539.9288496329145,673.667677211663,1543.4918405596557,674.8685849026767,1547.0579528627968,676.0600996616554,1550.6624369064502,677.1290011479448,1554.3143205238734,678.0229117013654,1557.9914972749682,678.8073376209895,1561.6776459496693,679.548732320958,1565.3634314966462,680.2919274344065,1569.0422345507047,681.0688383162548,1572.707805027586,681.9058471313609,1576.357990755971,682.8076208033403,1579.9931722012484,683.7681247324612,1583.614040512201,684.7812777295235,1587.2215438134956,685.8410581351204,1590.8168523445447,686.9415185936964,1594.4013155881094,688.0768225248196
1051,1417.6656789529654,660.2466299864587,1420.8915803509722,662.1771346762877,1424.2376336734105,663.8904470649743,1427.7012528456928,665.3512954092264,1431.263825910582,666.5510065386776,1434.9012650852849,667.5004032999318,1438.5908350852387,668.221872793021,1442.3142198158412,668.7422939466353,1446.0579881828714,669.0878381128483,1449.8126835132437,669.2829220006228,1453.5719052503596,669.3499947673291,1457.3315516602631,669.3093632982077,1461.089206671544,669.1794419773273,1464.8436862952042,668.9771405692061,1468.5947003950364,668.7181474977356,1472.342597089124,668.417222970797,1476.088216349725,668.0890627683652,1479.8329744055045,667.7511703729552,1483.5788490407786,667.4259778631866,1487.3280029368889,667.1414178417236,1491.0817991968179,666.9274011606207,1494.8397546326685,666.8079287979948,1498.5995781446875,666.7955151803552,1502.3582473867302,666.8897828663295,1506.1129841128886,667.0860595392764,1509.8614069323332,667.3792660043066,1513.6014341729292,667.7651362070799,1517.3311943563613,668.2401441519382,1521.0489499253,668.8014549897536,1524.7530278213253,669.4469040416578,1528.4417480145296,670.1750186607247,1532.1133671975197,670.9849721371668,1535.7661222306015,671.876147826026,1539.398169277948,672.8482807741909,1543.008479938629,673.8983089452175,1546.5990330433308,675.014124232713,1550.1777496222364,676.1674400736214,1553.7596685151589,677.3107212789113,1557.3655575367675,678.3754416839338,1561.011235498652,679.2944641295718,1564.6816271261714,680.1101109929306,1568.3535444488716,680.9189387256856,1572.0099840533621,681.7949388903704,1575.6490797101374,682.740444091631,1579.2711227582993,683.7493376892344,1582.8767172460214,684.8155503538117,1586.4667429988108,685.9330873564455,1590.0423194947748,687.0960461760905,1593.6047714430078,688.2986255402217,1597.1555842481991,689.535162234213
1052,1420.283554591467,661.5549505004134,1423.5168902119226,663.4729943545057,1426.8749710067466,665.1622289702244,1430.362548053231,666.564024436184,1433.9590849305746,667.656752286283,1437.631396861616,668.4599404241661,1441.3500468633601,669.011821192954,1445.0938984741697,669.3554233272515,1448.8495899522698,669.5292479489731,1452.609230435311,669.5633072108992,1456.3682039030234,669.4819898063562,1460.1240500194938,669.3075086753183,1463.8758587207187,669.060545241407,1467.6238008405742,668.7602904776447,1471.3687618049414,668.4247421264142,1475.1120123950327,668.0705529113261,1478.854953564553,667.713097278555,1482.5989423180606,667.3668244042402,1486.3451858167884,667.0459563697771,1490.094612553562,666.7648865413132,1493.8477122500628,666.5383720637875,1497.6043503429094,666.3816633752873,1501.3635546312403,666.3106644236842,1505.1232575726797,666.3422737251692,1508.8799902903381,666.4938609396835,1512.628574779298,666.7831858717516,1516.3618739555911,667.227800994299,1520.0720538214348,667.8358121428153,1523.7535574391547,668.5987861116494,1527.405123844851,669.4944265214551,1531.0281535227234,670.4995038378652,1534.6254846473616,671.5931398964972,1538.2019753634993,672.7532395367626,1541.7661204958938,673.9508294680119,1545.331060286456,675.1460470502002,1548.9086406890508,676.3027714982551,1552.511508706104,677.3777948834987,1556.1457131480959,678.3416777871755,1559.7989819688935,679.2309588186325,1563.4548920092943,680.1094013364325,1567.1017139031794,681.0247504394544,1570.7353829943793,681.9909982256828,1574.3584494696315,682.9963343140844,1577.9773886336723,684.0164633227924,1581.5961988577294,685.0370500682153,1585.2149900269958,686.0577043746453,1588.8336992331565,687.0786492359066,1592.452263513098,688.100107634504,1596.0706198075056,689.1223025306363,1599.6887044089772,690.145458655552
1053,1422.740508546838,663.7480894655162,1426.2126484342857,665.190482121891,1429.7233869210554,666.5362605525029,1433.2810864530154,667.7517785148299,1436.9056208418326,668.748745771916,1440.5997868271493,669.4421247565684,1444.3408775643243,669.807813069793,1448.099137723937,669.8997256245999,1451.8576845518699,669.8052899562363,1455.611338992697,669.5892260758274,1459.3595375060645,669.2925211235411,1463.1029194030962,668.9399887655416,1466.8419756573721,668.5440997446974,1470.5778538468903,668.1191720000099,1474.3128770482606,667.6867576132911,1478.0502447999133,667.2752267531533,1481.7927815032551,666.9140100969407,1485.5414571479337,666.623650267616,1489.295447823797,666.4129120234832,1493.0530643075926,666.2818082055818,1496.8126006034581,666.2291753090162,1500.5724195756914,666.2545670806202,1504.3308839651256,666.3585551431134,1508.0862243301217,666.543564414821,1511.836254165603,666.8155432043428,1515.5779617986473,667.1845019293864,1519.3072604691313,667.6626221326846,1523.018894571808,668.2624400086064,1526.706543515511,668.9952488370265,1530.3633632407493,669.8689045916459,1533.9841409330986,670.8816993609871,1537.5678455246248,672.018937202419,1541.119465215811,673.2529520288526,1544.6498629839498,674.5466036657409,1548.176189688521,675.8513534557709,1551.72095652615,677.1048624552749,1555.3054520565336,678.2393475453312,1558.9298839161245,679.2390779743279,1562.5771219138232,680.1527939485745,1566.2268366866426,681.0566447279897,1569.8685564619173,681.9921039742744,1573.4964986202044,682.9795881006805,1577.1085266752357,684.0237962000807,1580.7049625651282,685.1205215567795,1584.2864117032511,686.2652559748502,1587.8536563635498,687.4535296083683,1591.4076356239998,688.6809213965424,1594.949425976476,689.9430653542993,1598.4802228500205,691.2356532251998,1602.0013139235132,692.5544585291423
1054,1425.2232187814902,666.2089916677938,1428.781204271475,667.4219935146002,1432.420148396824,668.364941788472,1436.1168484731345,669.0479825200528,1439.8493391180343,669.4973549132517,1443.600672725188,669.7465947386283,1447.3594959757756,669.8286450007496,1451.1188836060585,669.7728341538841,1454.8750115675234,669.6052965612248,1458.6261943000866,669.3493340022017,1462.3722006067098,669.0259960530644,1466.113778786142,668.6547102950123,1469.8523023913128,668.2537260361848,1473.5893749487018,667.8393948133914,1477.3264356035995,667.4249557409161,1481.0647660734048,667.0221623727984,1484.805763924504,666.6450405620266,1488.5509955277214,666.3128242396499,1492.3015654498731,666.0480840693592,1496.057433505188,665.875032407967,1499.8167829106699,665.8162201146366,1503.5759971416778,665.8822755386049,1507.3309610798615,666.0730730624991,1511.0779151023075,666.3838149998953,1514.8133579495818,666.8113073621693,1518.5341730223745,667.3515832263288,1522.2379983968551,667.9982470196301,1525.9234216124437,668.7427583110758,1529.5898445641405,669.5758922852436,1533.2370848647024,670.4894079777167,1536.865279420549,671.4758980508208,1540.4749410717898,672.5282205197952,1544.0670898556664,673.6388893036334,1547.6433203952051,674.7998226123912,1551.2056513134967,676.0027572569621,1554.7565677708053,677.2390021156878,1558.2994126437654,678.4982122116807,1561.8394093565482,679.7654166807565,1565.384153529305,681.0192543760776,1568.9445374983413,682.2278241496559,1572.5321034991507,683.3529737933417,1576.1477274017548,684.3844600664185,1579.7794603544303,685.3580255686127,1583.4155598317216,686.3151840145791,1587.054675259579,687.2608125029692,1590.6964358624525,688.1962035366885,1594.3404816816635,689.1226530952688,1597.9864622413781,690.0414600502348,1601.6340351995495,690.953925624772,1605.282866419768,691.861347118195
1055,1428.5487477051365,667.2077864851359,1432.0964238536442,668.4513244575486,1435.722278522495,669.4433271301747,1439.4150702009617,670.145124860097,1443.1545271908155,670.5262177537645,1446.9128624365835,670.5995727030994,1450.6679604328867,670.418651323143,1454.4099407441001,670.0539124584394,1458.1379683737105,669.5656344691143,1461.8560157373113,669.0058846980685,1465.5703687324014,668.4219636291842,1469.2872114683512,667.8541808399241,1473.0105688366255,667.3309724259101,1476.7419019393587,666.8681862441621,1480.4813418229717,666.4763971566521,1484.228249599852,666.1641588742128,1487.9813178222023,665.9378122589104,1491.7386408133161,665.7989569204718,1495.4981632527983,665.7461928012698,1499.2579270674294,665.7775686580578,1503.016059768182,665.8926428200164,1506.7706350995454,666.0925032829748,1510.5195826633035,666.3791004052192,1514.260633706537,666.7549189009135,1517.9912681043327,667.2229100783067,1521.7086431124037,667.7865670164231,1525.4096478830318,668.4492069030623,1529.0912219914078,669.2124461745789,1532.7508504825983,670.0748158366906,1536.3868464851714,671.0319842636987,1539.9982725235773,672.078087455344,1543.5849529607228,673.206164112891,1547.1477359110957,674.4076381128662,1550.6892576832126,675.6704662487535,1554.2143392814157,676.9785420183306,1557.7298496721428,678.3121651313406,1561.244620815664,679.6477372272224,1564.7699006497755,680.9552571666684,1568.3160543181768,682.2049391885064,1571.8874034618002,683.3806794094273,1575.4786805480849,684.4942045598926,1579.0760276868682,685.5880409164737,1582.673292304568,686.6821487572051,1586.2702986621714,687.7771053404588,1589.8669645509665,688.8731797385461,1593.4632075030668,689.9706409743601,1597.0589447323114,691.0697579984903,1600.6540930751698,692.1707996662614,1604.2485689318328,693.2740347141913,1607.842286843753,694.3797361643128
1056,1431.3802771077137,668.2497478062876,1434.9649561081933,669.3819928534593,1438.62513646095,670.2377033762451,1442.34802330116,670.7536071837745,1446.1035192414747,670.9064632092658,1449.8588005029658,670.7369102639254,1453.5967621838786,670.3343401030615,1457.315807887743,669.7820486521854,1461.0223011857631,669.1503109542851,1464.7248245987169,668.4955568316981,1468.4300548258216,667.8563562510564,1472.141824351322,667.2563941389784,1475.862171033789,666.7122710546967,1479.5918696395038,666.2365688500739,1483.3304156791703,665.8363731603134,1487.0765293768886,665.5146669478363,1490.8286894190253,665.2735743959527,1494.5852774211994,665.1159917335727,1498.3445037157994,665.0456860652623,1502.1043125294505,665.0675901771658,1505.8622398865664,665.1880358918787,1509.6152411208418,665.4146645180213,1513.3595337843979,665.7559618452477,1517.0905259244955,666.2204253089809,1520.8027142018925,666.8166469107823,1524.4898879997365,667.5517884168335,1528.1461865717943,668.4276949109883,1531.768723292834,669.4343106544678,1535.358671436713,670.5517993970741,1538.9208663073462,671.7549894631748,1542.462336730332,673.0179890560888,1545.991595813904,674.3147825235669,1549.517679154746,675.6202016177579,1553.0485115788056,676.9127052310992,1556.5892511081622,678.1777942505232,1560.14250567007,679.4072785745097,1563.7089664734185,680.5979098721311,1567.285820283387,681.7569877198314,1570.864768581787,682.9095948350379,1574.4345747158072,684.0901394860614,1577.9859068220985,685.3250723703974,1581.517400039882,686.6157212453488,1585.0383047821826,687.9350297684634,1588.5519503804114,689.2735547494161,1592.0592225670937,690.6286947254328,1595.561042618377,691.9978644257345,1599.0583625665504,693.3784903977403,1602.5521593932428,694.7680093591425,1606.043429372091,696.1638661652189,1609.5331817313547,697.5635134766301
1057,1434.0973908104697,669.8077888515821,1437.804133371032,670.4322855054663,1441.548351551671,670.7664973419517,1445.307014410624,670.8375520992162,1449.063808729047,670.6930508598057,1452.8105135290243,670.3802892571873,1456.5446630497256,669.9414697861538,1460.2674292173933,669.4142383203572,1463.9821276434282,668.8326232935684,1467.6931445263053,668.2278658850518,1471.4047543392376,667.6267689630705,1475.1202318605554,667.0501213296691,1478.841583219705,666.5127653154124,1482.570076573558,666.0275467932997,1486.3064140118477,665.6071380302731,1490.0506734503758,665.2646275586507,1493.8021237461178,665.0131901862326,1497.5590464045624,664.8650695695692,1501.3187002297254,664.828842216284,1505.0776823941887,664.9083464112247,1508.8323695382974,665.1047458169663,1512.5790034113572,665.4193045104211,1516.3135986541865,665.8539945611117,1520.0319251093026,666.4109183788696,1523.7297716097387,667.0906605767,1527.4036164233082,667.8900772702323,1531.050940412516,668.8029642374861,1534.6701635050674,669.821632438516,1538.2601598709987,670.9389873174373,1541.8195699911503,672.1502736303952,1545.3487182183294,673.4471602707272,1548.8517781231756,674.8130472728399,1552.337522322615,676.2226154318198,1555.8162238049608,677.6495064542133,1559.298975104825,679.0664648803242,1562.7960139394204,680.4477346042677,1566.3133728225591,681.776367944729,1569.8513047294036,683.0492193334792,1573.4064816621935,684.2731187075985,1576.972916433311,685.4638695837427,1580.5420042106862,686.6466613822,1584.1087533853095,687.8364839996071,1587.6799505392523,689.0128321781473,1591.2674731148072,690.138353467358,1594.871042915757,691.2114059965648,1598.488665178694,692.2361028457102,1602.1185142518095,693.2166252912464,1605.7589226552686,694.157202716581,1609.4083683589047,695.0620963751915,1613.0654709935568,695.935543362701
1058,1437.059077666165,670.7338793262617,1440.7943788641985,671.1534679196347,1444.5519477338714,671.2549897793787,1448.3071524049367,671.0788579660787,1452.0475762386777,670.6990953886894,1455.7711851259194,670.1784816464472,1459.4807549368961,669.5652674676503,1463.1804027703313,668.8945797694298,1466.8739354402255,668.1909041326562,1470.565290297492,667.47586342183,1474.2591131374022,666.7737254998358,1477.9604783256684,666.1126582817698,1481.6739250579817,665.5235484402485,1485.4021179903866,665.0368792161411,1489.1440790672284,664.6710857579429,1492.8961474529967,664.4299631883853,1496.653972633926,664.3073329407266,1500.4137971774633,664.2976617696071,1504.1722897929862,664.3982838754631,1507.926178120567,664.6096415773724,1511.6719426538627,664.934508348048,1515.4057883567473,665.3756752177176,1519.1236845503656,665.9355209325028,1522.821389123454,666.6160422920162,1526.4945152370447,667.418688113181,1530.138869151911,668.3432362830443,1533.7512438956387,669.3858098548214,1537.3308709518399,670.5359251690602,1540.8806373093673,671.7752684039011,1544.4061126898716,673.0822138731783,1547.9139790797644,674.4357763928624,1551.4117825075014,675.815172638814,1554.9078195828197,677.199046233734,1558.409481595147,678.5686090118608,1561.9209822033572,679.9127336029771,1565.4438209887062,681.2268501860218,1568.9777888563658,682.5107430804004,1572.5207522601108,683.7696129493023,1576.0693122284695,685.0126319196378,1579.621582813601,686.2450057159507,1583.1786453221257,687.4634754148502,1586.7409980388775,688.6663943814372,1590.3025721511071,689.8716119995349,1593.857386493756,691.0966187237154,1597.4053857804602,692.3412283519111,1600.9470114923395,693.6038623150216,1604.4827289501486,694.8829494776355,1608.0130250194566,696.1769262300691,1611.5384058758627,697.4842363730951,1615.0593932518436,698.8033350147136
1059,1440.1806640706957,671.0508758092564,1443.9374605181001,671.1843964600583,1447.6946479566168,671.0581770371593,1451.4380476052556,670.7101233229208,1455.1617094004012,670.1905876603432,1458.8661805028155,669.5476179432673,1462.5558594659765,668.8241931011944,1466.237289856894,668.0597252401036,1469.9179643316636,667.291610796872,1473.60504345153,666.5549650442989,1477.3033741695197,665.8772404538828,1481.0152684854916,665.2784187119705,1484.7411541500214,664.774148362126,1488.4801585128384,664.3790342687446,1492.2299990238548,664.1056241206292,1495.986990161761,663.9606589496897,1499.7467505759332,663.9444586044856,1503.5049887018886,664.0530335856644,1507.2577677820495,664.2829184273799,1511.0013393869394,664.6320447043471,1514.7319366130819,665.099856036825,1518.4456152946439,665.6870238914042,1522.1382970006252,666.3943114568684,1525.8061440075371,667.2207963421572,1529.4457374137814,668.1639727723671,1533.0544901576006,669.2190862608009,1536.6326219762218,670.3739075963211,1540.185699473637,671.6038259551315,1543.7231394142698,672.8781181479256,1547.2536065132847,674.1716292240902,1550.7796684485188,675.4771014137942,1554.2991373859836,676.8002309953799,1557.807147593735,678.1534193951533,1561.2987820115056,679.5482997545661,1564.7735305164651,680.9847475626041,1568.2406995577705,682.439435836863,1571.7302746561454,683.8390407670928,1575.2824072679682,685.0703082987582,1578.8980626579537,686.1007424769255,1582.5253647327513,687.0903587827871,1586.1197756227489,688.193297474581,1589.6819191299207,689.396513948176,1593.212830157532,690.6885589868041,1596.71307669119,692.0615470323639,1600.1837604869859,693.5076713926281,1603.6264469033486,695.019267138371,1607.043096402868,696.5888521836384,1610.4360003040554,698.209149520141,1613.807722330499,699.8730936978392,1617.1610225430236,701.5738717029982
1060,1441.9141056255214,671.728660367879,1445.6722892156463,671.6347168417041,1449.4191160850967,671.3256589665065,1453.146763249385,670.8360486285474,1456.8509580193427,670.1921566514806,1460.5303079614528,669.418444791382,1464.1878013799449,668.546900221675,1467.8323786912415,667.6225767724513,1471.4771195425133,666.6989031682708,1475.1347959851046,665.828091857411,1478.8129250856946,665.0484973666435,1482.5141098045929,664.3872963957997,1486.2378027574603,663.8681708690499,1489.9805445627221,663.5118800419785,1493.7354771776388,663.3231555044534,1497.4950711414533,663.2907140590534,1501.2533051700054,663.3984119124118,1505.0057278578756,663.6339059645398,1508.7487642981048,663.9887931131752,1512.4792593502123,664.4575648077293,1516.1941029800205,665.0374692733494,1519.8899678248147,665.7280646435879,1523.563346340983,666.5296973792073,1527.2109504311716,667.4414692101684,1530.8302154286303,668.4599711733199,1534.4199273802733,669.5782491721766,1537.9809585123173,670.7848292220912,1541.5165037869897,672.0642506324859,1545.031426173818,673.3993524878592,1548.531359064655,674.7733113031223,1552.021922843372,676.1709245267401,1555.5084108122871,677.5786833254535,1558.9965370221382,678.9823735494233,1562.4931975232319,680.3646370698615,1566.0058732120476,681.7056377002642,1569.5359393676986,683.0001767823918,1573.0791944101031,684.2582146944617,1576.6285624500852,685.4989264180632,1580.1771092297568,686.7419819453993,1583.7183289267703,688.0057335608636,1587.2466449040542,689.305045071997,1590.7587623373397,690.6475228922351,1594.2580015791552,692.0232708861656,1597.7664902295119,693.3751475613523,1601.298547231939,694.6641745958851,1604.8521770507525,695.8925002098472,1608.4248247619873,697.0643810538365,1612.0141459876068,698.1841726946276,1615.6179968551392,699.2563009050793,1619.2344391541526,700.2851735780872
1061,1444.669990479965,670.9120357439576,1448.4172091497874,670.6097867054882,1452.1426171997368,670.1037099872369,1455.8452315455631,669.4503868154846,1459.5302289107196,668.7035448235741,1463.2054387900228,667.9097225589782,1466.8786372462262,667.106606953455,1470.5553205539807,666.3196354873472,1474.2392136042615,665.5671979586265,1477.9331629933083,664.8659040334508,1481.6396613995298,664.2344649818443,1485.3603700953963,663.6933030760033,1489.0956268376424,663.2643884897794,1492.8438431353295,662.9702795806653,1496.6009487773235,662.8309984194983,1500.36053528245,662.8559534514083,1504.115465037828,663.044994386323,1507.8590710565281,663.392555102569,1511.5855465592613,663.8915192045837,1515.2904828859773,664.5312824878449,1518.9712496341758,665.29816943929,1522.6269794066409,666.1768521341846,1526.2582594904238,667.1517885070114,1529.866991692058,668.2072338640746,1533.456063698109,669.327790336214,1537.0283298167844,670.5008580015378,1540.5853138663954,671.719492222754,1544.1267291999611,672.9826532690655,1547.65163935626,674.2911625823541,1551.1592127820654,675.6454585397801,1554.6495188220433,677.0436678043653,1558.125240102469,678.4777730203353,1561.591742822617,679.9340438097606,1565.0560233037017,681.3955991191364,1568.5256757708974,682.8443380573444,1572.0093785364138,684.2589060828735,1575.5153559454898,685.6172453353714,1579.0467849722484,686.9079804217441,1582.598806286034,688.1409964536409,1586.161705221677,689.3422902045776,1589.7266766580233,690.537430726275,1593.2891194937392,691.7400862327644,1596.8492100849028,692.9496878186663,1600.4072364121344,694.1653482861207,1603.9634053902248,695.3864316357973,1607.5179268454258,696.6123028071471,1611.0710131608082,697.842327612914,1614.6228789318761,699.0758726430031,1618.1737406250081,700.3123051600654,1621.723815404491,701.5509953767435
1062,1448.1120526775653,670.8438446177421,1451.8292228889313,670.2804402508581,1455.5217677091155,669.5723963775356,1459.1950783404386,668.7700922161625,1462.854764611596,667.9075971431556,1466.506747030924,667.0129585246074,1470.1577421612674,666.1142885595596,1473.8150287668373,665.2416539336717,1477.4852567256644,664.4253418374713,1481.1740263476045,663.697739149282,1484.8847488106076,663.0925120169084,1488.6169879869663,662.6390609348753,1492.3654766339016,662.3493261749991,1496.1230381662701,662.2228296449955,1499.8826125492772,662.2542548886894,1503.6377472943693,662.4398105089945,1507.3823686413327,662.7764672413728,1511.1106579741786,663.2616768312093,1514.8173399124441,663.8911425989412,1518.4985789329198,664.6556360876726,1522.152870646691,665.5401982864475,1525.780680314264,666.5279184534626,1529.3839526652973,667.6018229479756,1532.9658115507782,668.7452096124983,1536.5303281762465,669.9416271691425,1540.0806537240019,671.1795456389898,1543.6178645905602,672.4544549748737,1547.1409740261818,673.7678244229351,1550.6488106647157,675.1214516615104,1554.1400087540483,676.517424509231,1557.6133592594765,677.9572285821528,1561.0688654024173,679.4393595689758,1564.509750641187,680.9551504248166,1567.9439371140304,682.486080272474,1571.3812127555902,684.0100535024629,1574.831675406947,685.5038563529139,1578.3133251442202,686.9232276651948,1581.8358730109003,688.2377105525768,1585.3938143733849,689.4533868856134,1588.9699573999178,690.6146350425274,1592.5486324511887,691.7680868437883,1596.1176225346494,692.9510942190096,1599.665002281636,694.197232770882,1603.1781116777179,695.5368422240119,1606.6542992642203,696.9695827400981,1610.094422284126,698.4869173239584,1613.4999444209877,700.0804303774345,1616.8728493769506,701.7418994727041,1620.2155577363753,703.4633403457121,1623.5308437592553,705.2370410792327
1063,1451.625018898698,670.3051765475072,1455.3316303713552,669.675018671586,1459.0170596300236,668.9306539431523,1462.6826366893752,668.0937796059602,1466.3320386085823,667.1888004344895,1469.9714543397404,666.2443487741492,1473.6092917659498,665.2938174628309,1477.2548801931366,664.3735689741064,1480.9170411846646,663.5219328675929,1484.6026960956972,662.7790357516301,1488.315167688581,662.1852410117392,1492.0520397940497,661.7729018960953,1495.8055471595214,661.5604934692673,1499.5650574550841,661.55302578996,1503.319675720033,661.7456494807835,1507.0601215335803,662.1248813147747,1510.7799206966351,662.671175729264,1514.4755828167397,663.3625015075729,1518.1457286530622,664.1787334342295,1521.789435779636,665.1059904698052,1525.4054615957336,666.1359682113639,1528.9924895455888,667.2628323404812,1532.5499144831576,668.4799691990718,1536.0779519826342,669.7798778709215,1539.5786253014755,671.151833999012,1543.056328277519,672.5810788701051,1546.517700600703,674.0494794441589,1549.9705018804852,675.5379474246007,1553.4230689739857,677.0269591034878,1556.8853706887446,678.4931496764881,1560.3684018634044,679.9093192282529,1563.8764193357108,681.2624116408505,1567.3960776920899,682.5850547294137,1570.9078086364068,683.9285550617323,1574.402073314639,685.3168366560345,1577.8843720387486,686.7349183692875,1581.3690027823377,688.1472424719387,1584.87334344758,689.5097689632672,1588.4106180188683,690.7842221843498,1591.9792988923145,691.9679930641746,1595.5634599453927,693.1042812670852,1599.1397760805758,694.2648754017465,1602.6863663240058,695.5131518155825,1606.1985187408166,696.8553186540123,1609.676781703083,698.2830562137937,1613.1222954561667,699.7881455550563,1616.5367116474088,701.3625410424937,1619.9221150685205,702.9984174185662,1623.280950791574,704.6881948759213,1626.6159491732883,706.4245636906516
1064,1453.187251407148,669.7598849392468,1456.8076784859275,668.7450652715719,1460.4347792014091,667.7543831954697,1464.0709353994048,666.7975025910619,1467.7183305946924,665.8844402034129,1471.3788747325546,665.0256670354046,1475.0541107518873,664.2322001094724,1478.7450986887961,663.5156782510918,1482.4522736756728,662.88841238136,1486.175275785915,662.3633968968943,1489.9127528413344,661.9542643735499,1493.6621427006874,661.6751618413003,1497.4194497390483,661.5405247250204,1501.1790411548984,661.5647266214307,1504.9335010601535,661.7615924431327,1508.6737786721885,662.142207135732,1512.3928099326229,662.6936853713216,1516.0866018202655,663.3947357132021,1519.7506248436403,664.2377647977071,1523.3824707528668,665.2102640214202,1526.9813869615152,666.2984353848822,1530.5477132317444,667.4891714461514,1534.0825188402814,668.7705177895075,1537.586738820148,670.1333325508081,1541.062369326552,671.5675435561857,1544.5140723870727,673.0584881590488,1547.950082171796,674.5853023556618,1551.380462871988,676.1247412617864,1554.8149512409684,677.6549819900249,1558.2616114820862,679.1575781395288,1561.7259376739732,680.6189565739139,1565.2100782164648,682.0324324639346,1568.7134498628727,683.3975558927933,1572.2338340540243,684.7182060655899,1575.7684242335142,686.0003685112091,1579.3144712684498,687.2505120561933,1582.869261091082,688.475588212165,1586.429962266633,689.683386323502,1589.9935062599707,690.8827768254148,1593.5566945605572,692.0832230659785,1597.1170724263654,693.291975573581,1600.6725990529114,694.5149178031394,1604.2215436477916,695.7568284337012,1607.763897273848,697.0174178461729,1611.3000949516238,698.2951758768731,1614.8305935120156,699.588599176989,1618.355869515471,700.8961912110987,1621.8764172029178,702.2164621344776,1625.3927464977833,703.5479285125027,1628.9053775561226,704.8891220437217
1066,1458.7027562240944,662.8313207745906,1462.4416852469942,662.4340928966402,1466.1804464928387,662.0352852388705,1469.9202273884466,661.6461788837315,1473.662134924929,661.2781398628118,1477.4070997065876,660.9427294981522,1481.1557710421157,660.6518071422871,1484.9083983993298,660.4176197932399,1488.6646951742093,660.2528708668045,1492.4236820220526,660.1707574358223,1496.183509410953,660.1849616614679,1499.9412631408245,660.3095784150652,1503.6927628657234,660.5589582069643,1507.432372407148,660.9474442039216,1511.1528512935652,661.4889867821472,1514.845306767761,662.1965406373216,1518.5010234393174,663.0744341340347,1522.114111358995,664.1140407412569,1525.6802344232767,665.3049380250426,1529.1993844485012,666.6284190896882,1532.6772493870653,668.0570804768735,1536.1243310128866,669.5586437781685,1539.5530496053052,671.1017588011613,1542.9767622405798,672.6559703277314,1546.4092674331948,674.190625966885,1549.8610761583063,675.6813312021743,1553.3286457592412,677.1350422342061,1556.7994803238703,678.5809601113949,1560.260963002758,680.0490979168336,1563.708042876341,681.5507403894642,1567.1457976754427,683.0736381755316,1570.5933647791103,684.5741044194599,1574.0683531201971,686.0098372051456,1577.5730285275558,687.37151077275,1581.1019463210419,688.6691288223567,1584.6499167569714,689.9137465676935,1588.2125116142663,691.1159038615988,1591.7850705357573,692.2881473923114,1595.3636679259118,693.4418405748426,1598.9458611340217,694.5843245381528,1602.5302652421892,695.7198549442528,1606.1156886870695,696.8521638154043,1609.700349561333,697.9868837218196,1613.2835729726455,699.1261347764929,1616.8654449615312,700.2696277945743,1620.4460627266276,701.4170422249887,1624.0255245168512,702.5680578444953,1627.6039295437417,703.7223547379247,1631.1813778943679,704.8796132766144,1634.7579695960062,706.0395167101825
1067,1461.5299040455725,666.7064152977376,1465.1292640528418,665.6193264255594,1468.7451787419868,664.5886963709679,1472.3799545478626,663.6267752274207,1476.0353760727728,662.7466656748871,1479.7125251630644,661.9624199468099,1483.4115534295352,661.2890898869628,1487.1314062037943,660.7427022901668,1490.8695040744744,660.3401229023468,1494.6214019819024,660.0987658939343,1498.3804661972697,660.036106107964,1502.1376342389071,660.1689660739961,1505.8814811872053,660.5113746793901,1509.601946589644,661.0523858771409,1513.292296630421,661.7707472827245,1516.9440746252099,662.6647891377356,1520.551813992858,663.7228286431099,1524.1150196180813,664.922597628305,1527.6383459611272,666.2351042579935,1531.1304455233412,667.6287361562595,1534.601571240756,669.0739109996381,1538.0608152656457,670.5473355389439,1541.5135250580793,672.0360131545558,1544.959881870857,673.5393370812914,1548.3978122619562,675.0618273884047,1551.8281984295822,676.6012494055257,1555.258465236819,678.1409345548225,1558.7045042043146,679.6448713188604,1562.1879133195127,681.0598431828714,1565.701997248326,682.3971581255008,1569.2172007326242,683.7315379339099,1572.7061947611055,685.1328842907621,1576.1724793761714,686.5896424611645,1579.6409957022174,688.0410464988801,1583.143480497666,689.4079837890192,1586.6990581905263,690.6300144335328,1590.291186834879,691.7406165454445,1593.8949030264441,692.8132796399519,1597.4923729421075,693.9066722543165,1601.0790558827039,695.034932850031,1604.6550509726953,696.1966419340164,1608.2259366493336,697.3739944293523,1611.7977024500933,698.5486739665691,1615.3709360159082,699.7188811121495,1618.9456601639622,700.8845268868995,1622.5218973755366,702.0455222096602,1626.0996697899047,703.2017778944389,1629.6789991970911,704.353204650999,1633.2599070305973,705.49971308564,1636.842416014881,706.6412085018134
1068,1465.116702099069,666.9301554104346,1468.670701657807,665.7027885412583,1472.241680201813,664.525950319389,1475.8316361846232,663.4081346872595,1479.4444344821973,662.3680654434139,1483.1340809379692,661.654251926818,1486.8757199830984,661.2917507213263,1490.6123841565252,660.8903576434626,1494.297920736048,660.1473395253017,1498.0446564920826,659.9225695413099,1501.798896954991,660.1269806332318,1505.5453281428638,660.4418080634239,1509.2679333717033,660.9670980581473,1512.9603910730204,661.6748120525817,1516.618211904639,662.5440259657804,1520.2370064499723,663.5638046521179,1523.8160781487559,664.7154322002687,1527.3558973305567,665.9827094921285,1530.8587812083779,667.3488789754144,1534.32935205347,668.7952703219111,1537.7743328479582,670.3016723901296,1541.201656064979,671.8478787202264,1544.620575153559,673.4126056261733,1548.0400901691214,674.9760284765796,1551.4708888036748,676.5144735120228,1554.9290894840246,677.9901623051524,1558.4205351167939,679.385350930364,1561.9380751762874,680.7135329100045,1565.4674435375155,682.0100360894853,1568.996936355343,683.3062025631472,1572.517303469161,684.6269170985373,1576.0232743092993,685.9853739288944,1579.5149655127593,687.3801462808019,1582.9977718865107,688.7969828422451,1586.4784527123204,690.2190391271913,1589.9644132476756,691.6280862748157,1593.4650261635595,693.0002448086929,1596.9921901390808,694.3024976888355,1600.5505213000265,695.5169518060904,1604.1359846064938,696.6489284994062,1607.739218280109,697.7231395889307,1611.3499218590691,698.7720426163573,1614.9571891482994,699.8326719912519,1618.5554591795003,700.9234324017509,1622.1449865920524,702.0426334848194,1625.7263330826543,703.1877478711136,1629.3001143284164,704.3562630346206,1632.8669941259295,705.5456821888091,1636.4276787048384,706.7535244698564,1639.9829089053326,707.977331257726
1070,1469.8829573103644,663.0133035221135,1473.524579809543,662.0777635374448,1477.1901975645121,661.2413174919067,1480.8801224741937,660.5198331418593,1484.593351061605,659.9302167928048,1488.3272102410463,659.4902458397218,1492.076981823747,659.2182215065703,1495.83555570001,659.1323948617481,1499.593190617827,659.2501402450772,1503.3380425295065,659.5816170716419,1507.061219621587,660.1038700029515,1510.7565095187151,660.7965801649663,1514.4177343472747,661.6513763471979,1518.040145070217,662.6581474163119,1521.6193324760789,663.8092358007341,1525.1523686910934,665.0951177159507,1528.6396005658269,666.500627509053,1532.0860344666012,668.0035465020853,1535.5000722960094,669.578783772384,1538.891293402265,671.2026248561091,1542.2691429010501,672.8541343108568,1545.642661228107,674.5144831522605,1549.020923664508,676.1651463598618,1552.4138356359272,677.7854412880583,1555.8338268922905,679.34763755775,1559.2940959411621,680.8183368107453,1562.793848802795,682.1925128248427,1566.316343421996,683.5075565752883,1569.842074462708,684.8139268415956,1573.3640774001306,686.130311004686,1576.883267635739,687.4542006057422,1580.4028891489056,688.7769424569559,1583.9265344541338,690.0889195812669,1587.4580661910106,691.3795019721891,1591.0007769359054,692.6390532538979,1594.5568297852,693.8604125646268,1598.127227006239,695.0391713524522,1601.7120089794532,696.1734301603717,1605.3103257719692,697.2639982747713,1608.9203707582665,698.3151132375905,1612.5389220850955,699.3365965738068,1616.161840337089,700.3424968678389,1619.7879128716836,701.3369676638652,1623.4168193471837,702.3210479001057,1627.0482484808742,703.2957787864644,1630.6818970698719,704.2622038096602,1634.3174691174256,705.2213683555138,1637.954674946696,706.1743193747084,1641.59323030419,707.1221050866654,1645.232856303942,708.0657714376318
1071,1472.041036757639,663.4829947081661,1475.5666699857306,662.1771756973064,1479.1517139261455,661.0450685250788,1482.7922060107276,660.1065611560248,1486.4785361451582,659.3688189815065,1490.21437969818,658.965354817828,1493.9737537646427,658.9639862202766,1497.7334267012075,659.0102954350336,1501.4901825098534,659.1547179399078,1505.2349115711074,659.4895520043724,1508.9620485052067,659.9830741086703,1512.6612829937533,660.6539368606425,1516.319916818022,661.5189789601965,1519.9239064247968,662.5889008059522,1523.4596464168094,663.8664311569922,1526.9200150248303,665.3362262451396,1530.3159462294884,666.9498370762884,1533.6741804017558,668.6408320923035,1537.0241043414974,670.3482839610961,1540.3821513142714,672.039684849304,1543.755029377586,673.7012992963175,1547.145611387423,675.3264712365764,1550.5551645722,676.91145305363,1553.9830178892328,678.4564637734735,1557.4270912625882,679.9649819111243,1560.8856314642787,681.4400347616938,1564.3585285195484,682.8809514408515,1567.8478679002494,684.2815609884982,1571.3564468145576,685.6332247783401,1574.885102769756,686.9315722254677,1578.4320521382074,688.1791014503211,1581.99362445848,689.3842830278496,1585.5653227335338,690.5591469801732,1589.1421563497595,691.7183018973365,1592.7198707734392,692.8747378239004,1596.296589667017,694.0342487732638,1599.8728369904757,695.1952137861467,1603.4499995417368,696.353354683661,1607.029905751734,697.5029818306853,1610.6153576041406,698.6351773306967,1614.2110171751358,699.7344767618606,1617.8219770295914,700.7823424886012,1621.4506611184947,701.7670719920338,1625.0951288912972,702.6917058451272,1628.753192513983,703.5610229188737,1632.4228863162405,704.3798838260886,1636.102451957269,705.1532027280606,1639.790321079618,705.8859249580728,1643.485096245594,706.5830100178381,1647.1855321118953,707.2494122854463
1072,1475.4159193589903,660.6584547475619,1479.0990821673386,659.9031482824845,1482.806086858596,659.2755231681714,1486.5348644533872,658.7943151800878,1490.2812560488298,658.4790920964986,1494.0385804542386,658.3497212876563,1497.7972828522218,658.4255382951462,1501.544852630485,658.7235385531645,1505.2693348694002,659.2357438141149,1508.963905719745,659.932097023595,1512.6226043700485,660.7975570029603,1516.2416273992542,661.8164725527489,1519.819210639932,662.9726509375571,1523.3551781318047,664.2505886703375,1526.8518424820504,665.6325694639784,1530.3140511647096,667.0988433585635,1533.7476296961372,668.6310286195397,1537.158108514114,670.2140077693712,1540.5506965907364,671.8350038216577,1543.930957308459,673.4815710871391,1547.304724429451,675.1414128234376,1550.6779114091376,676.8024341038633,1554.0564739057602,678.452485516048,1557.4465452714135,680.0787407856851,1560.854654971375,681.6668087220138,1564.2880681613651,683.1993319931454,1567.7552460382142,684.6537200304119,1571.2653154550587,686.0011130478507,1574.8123779687148,687.2481810039978,1578.3744128457915,688.4520414677434,1581.9264507786338,689.6850021195513,1585.4639099067067,690.9592383825249,1589.0021655873948,692.2312393198272,1592.564868567034,693.4327464120994,1596.164480182808,694.5185562408334,1599.7885351505424,695.5202320754977,1603.4196276436223,696.4962178060515,1607.0469308712816,697.4861793776917,1610.669570607056,698.4930820699643,1614.2917296746805,699.5017158271926,1617.9183563620777,700.494143495436,1621.5515596252574,701.462224089764,1625.1889925742107,702.4143018443144,1628.8295713899993,703.3542800257086,1632.4729532140325,704.2833355923385,1636.118807380004,705.2026422786062,1639.7668126801477,706.1133763173302,1643.4166562554644,707.0167159909903,1647.0680324706445,707.9138412394898,1650.7206430381045,708.8059281422362
1073,1476.162873811848,659.527238250923,1479.8825958698071,658.9793854995105,1483.6171804819862,658.5446313788229,1487.3647241484098,658.2419229708318,1491.1213797980013,658.0910677216299,1494.8809271169373,658.1123074860036,1498.6343950633593,658.3256061649203,1502.3698494706668,658.7495809558121,1506.0746292647912,659.3886675360063,1509.7413923294532,660.2190074793253,1513.3662044940752,661.2169818325902,1516.948474460693,662.3585483581679,1520.490883779234,663.6185749296575,1523.9980302973302,664.9737992238395,1527.4755021198025,666.4035428313329,1530.9288746047057,667.890606855603,1534.3626953638407,669.4223048283999,1537.7797123116163,670.9911454676114,1541.1814947731482,672.5927584823187,1544.5696214120035,674.2230688981538,1547.9470779041972,675.8753835345866,1551.3194999540533,677.537957690297,1554.6945607218754,679.1951627919084,1558.081320225251,680.8282962957051,1561.4885152918052,682.4183092467297,1564.9248334027154,683.94422343611,1568.4078806084337,685.3598708391276,1571.9427216691709,686.640738052756,1575.5178359688791,687.8048439243389,1579.1143014419922,688.9014962529476,1582.7177625070346,689.9750186200448,1586.3169609722286,691.0627075052506,1589.9030356009164,692.1928453917182,1593.4714138776058,693.3776724845842,1597.0260410103926,694.6032053635043,1600.5752080475766,695.8444935001991,1604.1338166653811,697.0582960140274,1607.7248511835128,698.1719403220247,1611.362015548039,699.1235918507864,1615.0331204361491,699.9357231727722,1618.7155333571513,700.6954618852448,1622.391559081556,701.4853168834254,1626.047743321214,702.3620876645243,1629.6775637126702,703.3423493907525,1633.2804565959377,704.4174389291029,1636.8567288273557,705.5780701178061,1640.4073224817275,706.8150794440187,1643.933723213147,708.1194990792555,1647.4378721925011,709.4825998629201,1650.9220766422989,710.8959294631268
1074,1480.1408583914674,659.1939270539694,1483.7686564753494,658.2126917522168,1487.5058362296186,657.8623343164166,1491.2656018382186,657.8919750297553,1495.0254280721967,657.8877051877112,1498.777575607724,658.117101054436,1502.5115926928622,658.5557142094842,1506.2230637420182,659.1557342346019,1509.9043817201186,659.9193845422694,1513.5509187677008,660.8349194225208,1517.156531733463,661.9002496492765,1520.7146089668227,663.1149305014943,1524.220642051625,664.4726361360761,1527.6753208652704,665.9563259606255,1531.0867256497806,667.5371605477105,1534.4666914220122,669.184263280394,1537.8273039280473,670.8705571041942,1541.178716493147,672.5750831664992,1544.5293305168675,674.281180006518,1547.886315745819,675.9746961169396,1551.2560849715105,677.6426094567416,1554.6443180878848,679.2726625735886,1558.0549991690839,680.8551835410339,1561.490528438493,682.3829908822216,1564.9525851540122,683.8496683230499,1568.44209020603,685.2497803676896,1571.9566675603442,686.585744257445,1575.4888101078159,687.8746361634817,1579.0287513406315,689.1419928465924,1582.5689554126404,690.4086180366139,1586.1093364843189,691.6747473128776,1589.655650959339,692.9241326313228,1593.2149964060845,694.1358449478778,1596.7919921716823,695.294368348926,1600.3884703347894,696.3908832792572,1604.0050473707204,697.4191366538679,1607.6423236016433,698.3715176983412,1611.3003227063925,699.240911397629,1614.9753765847945,700.0352796726022,1618.6579314702312,700.7943354251785,1622.3382030227776,701.5643485361727,1626.010173736755,702.3729477125644,1629.6708671491758,703.2311304528924,1633.319586783483,704.1388934126132,1636.9567691173193,705.0918504572184,1640.5830259037632,706.0855882987908,1644.199114538257,707.1157259830295,1647.8059201287751,708.1779210251991,1651.4044381706865,709.2678722768762,1654.9957475695157,710.3813532179521
1076,1483.7594441673525,658.9666737871162,1487.4966723131445,658.5566914469913,1491.249189925392,658.3263555970952,1495.0085524118458,658.2932584157214,1498.7638107567902,658.4712915451178,1502.5040179143384,658.8522284573247,1506.2197115708448,659.4248683339165,1509.9010181618441,660.1879666329052,1513.5391101939183,661.1360145107259,1517.1271360778908,662.2589061146913,1520.661417455459,663.5411527230059,1524.142406543897,664.961911900657,1527.5746169950755,666.496935196681,1530.9661122632492,668.1200731617936,1534.3270661860975,669.8056332011581,1537.668100289442,671.5303905518707,1540.9990180541085,673.2746267916426,1544.3291245903038,675.0204129702186,1547.6674096155568,676.7504926581612,1551.02273617931,678.4472481971513,1554.4040801250933,680.0914800466079,1557.819958215505,681.6626165057666,1561.275437625684,683.1445680434805,1564.7700260513334,684.5318058544292,1568.2976321063686,685.8328801376122,1571.850063928765,687.0646621573804,1575.4192730556047,688.2470276656496,1578.9989422288675,689.397371016033,1582.5858859682828,690.5248377892747,1586.179261126421,691.6316350360638,1589.7792621521487,692.7166840183718,1593.386346288622,693.7779438808228,1597.001141522765,694.812626938392,1600.6244538217572,695.8170676501601,1604.2567785315834,696.788407209052,1607.8978332867537,697.7264992737842,1611.5463165726874,698.6352855887459,1615.2005078587488,699.5208568635082,1618.858614030805,700.3901265121651,1622.5189348040024,701.2500296092096,1626.1798662861004,702.107330726111,1629.8396264742623,702.9696156114965,1633.4994811139297,703.8314971466235,1637.1627596377584,704.6786996266624,1640.8296593033815,705.5100908416234,1644.499874215156,706.3267240147588,1648.1731112536725,707.1296557850776,1651.849089220506,707.9199456618979,1655.5275379659975,708.6986555334217,1659.2082000007254,709.4668372110223
1077,1488.5560653731916,657.331695624076,1492.3109878990376,657.1450893600329,1496.0703789723952,657.165261761631,1499.8213171861562,657.4162453302106,1503.5470746431167,657.917024116066,1507.2329771596874,658.6567313728481,1510.8705312723569,659.6065924878043,1514.456927405656,660.7347878103604,1517.995965437303,662.0041123568935,1521.4945177917361,663.3813140038345,1524.9572460360191,664.8463066538875,1528.382639659323,666.3965595944243,1531.7643089348462,668.0399603496951,1535.0998373120506,669.7751372197479,1538.3948604351506,671.5861546414728,1541.662815470499,673.4456514190567,1544.9201829360375,675.3236660751204,1548.1866144921792,677.1858362389361,1551.4837991270547,678.9928581951408,1554.8306434407202,680.7059897632092,1558.2341362273826,682.3035384790101,1561.6895576616546,683.7855194850131,1565.1864275148328,685.1670086013773,1568.7138829630876,686.4685368605544,1572.2637653024674,687.7076643115072,1575.831181925385,688.8953998359449,1579.4132575793485,690.0381835127048,1583.00797060371,691.1405855228812,1586.6137182836173,692.2063517900935,1590.2294392073877,693.237781021224,1593.8545898067994,694.2355617018999,1597.489002149615,695.1990577602619,1601.132632172554,696.1270829274591,1604.7853886790717,697.0185062233077,1608.4466123319394,697.874501850774,1612.1147251434818,698.7005024977153,1615.7872626766366,699.506626061879,1619.4615892609797,700.304566091579,1623.1351124931537,701.1061918221097,1626.8053378808545,701.9227671132766,1630.469960988461,702.7641052084945,1634.1271576182085,703.6371434830241,1637.776156133658,704.5438417880648,1641.417260258712,705.4817475200019,1645.0509034308343,706.4481619924177,1648.6775818455887,707.4403995209477,1652.297847901388,708.4557891482625,1655.9123037982986,709.4916754937332,1659.5215953147028,710.5454188274623,1663.1264005266437,711.6144120649926
1078,1486.5911848452397,657.1767564743293,1490.3427483236057,656.930682305084,1494.1018417354114,656.8729778654504,1497.858210137279,657.0249429395689,1501.5984014123464,657.4042773006188,1505.308674514549,658.0101743813036,1508.9770642352617,658.8326241701823,1512.5932892588778,659.8606328194904,1516.1501248693942,661.0785337131445,1519.6435660081754,662.4680488652696,1523.0734555314068,664.0079655445131,1526.44424966157,665.6734536669966,1529.7652000682801,667.4363891821112,1533.0486751483727,669.2682869829223,1536.3087509035222,671.1415738028066,1539.5602450723427,673.029739280499,1542.8183164007194,674.906515168835,1546.0981996149014,676.7448446917099,1549.413423298662,678.5185554565459,1552.772484514736,680.2077216138936,1556.1748146701245,681.8079580644363,1559.6151945013248,683.3247172379024,1563.087416922823,684.7671409694664,1566.585948212352,686.1445730251041,1570.105892007277,687.4663625121136,1573.6441953682706,688.7382027715196,1577.1994728670356,689.9617912687564,1580.771264189458,691.1362988233059,1584.3590669570654,692.2609442397177,1587.9623948442575,693.3348050606576,1591.580706359585,694.357041085603,1595.213424972233,695.3268305409838,1598.8600442980903,696.2429621755729,1602.5197126653402,697.1054981098166,1606.1908375412336,697.9179249097632,1609.871256400427,698.6871898276447,1613.5589188262586,699.4209776881474,1617.2520393202994,700.1268075948115,1620.9488394519863,700.8131274521073,1624.647341904649,701.490226562048,1628.3453442167697,702.1700481220231,1632.0408419122966,702.8633405237782,1635.733048469366,703.5739555674268,1639.423618809839,704.2930339311588,1643.1168434084243,704.9983276956981,1646.8139092722192,705.6832039343409,1650.5144576896653,706.3490097807778,1654.2181448202991,706.9971315838036,1657.9246468296221,707.6289598605043,1661.6336606683935,708.2458747016658
1079,1492.269858222354,656.0592145465004,1496.0233009074886,656.2755818541954,1499.7626434653569,656.6653737743075,1503.4771355143264,657.2455574590509,1507.1548490623213,658.0256275981384,1510.7879080265957,658.9927913106866,1514.3688214499564,660.1380517942728,1517.8893259659837,661.4573930697607,1521.3426920957954,662.943713949251,1524.7275900659515,664.5801401427349,1528.0502598273524,666.3396949623384,1531.3227678763005,668.1910301339238,1534.5598950377796,670.1036592040455,1537.7777845772632,672.0485329910587,1540.99350811743,673.9969919711456,1544.224203776926,675.9204829333937,1547.4848501391327,677.7926894421532,1550.78411814009,679.5959115579303,1554.1245252091946,681.3217176344931,1557.5057256370228,682.9661512019799,1560.9271301024773,684.5251932298122,1564.3883852275835,685.9936025209176,1567.891014413757,687.3602963502954,1571.4356912927667,688.6138442213958,1575.0193320387523,689.7512871016559,1578.634135403236,690.7855946877389,1582.2717109581688,691.7368957690427,1585.9246366538941,692.6275724812672,1589.5870861909532,693.4783128186241,1593.2554405048083,694.303251853055,1596.9278218955749,695.1100841942314,1600.6031568267697,695.9033599597988,1604.2805338349312,696.6871189507076,1607.9590900580308,697.4653270067217,1611.6379276996836,698.242204280727,1615.3166076178045,699.0198280857052,1618.9959485896402,699.794313354665,1622.6788336520685,700.5517334409133,1626.3687780883324,701.2739045389711,1630.0665129737981,701.9551030383655,1633.768983792914,702.6101430337767,1637.4713857474496,703.2655720685841,1641.1691251072398,703.9467430502232,1644.8594960288149,704.6667530684052,1648.5421397583661,705.425305059719,1652.2173023316036,706.2193243222559,1655.8854007098603,707.0453748382429,1659.5469410698117,707.9000350285819,1663.2025084357053,708.7799008086922,1666.8527500289376,709.6816131965596
1080,1494.0779807744993,655.8273086734426,1497.8270998293126,656.1049974039547,1501.5524260725326,656.6100689088727,1505.241174763315,657.33570628478,1508.8824261216607,658.2711417764987,1512.4674486657516,659.4032858591427,1515.990385321923,660.7161223517999,1519.448719683749,662.1909333101379,1522.843240803023,663.8073711226441,1526.1775170692445,665.544813565499,1529.4579385645945,667.382030251414,1532.6941715083021,669.2961151493098,1535.8995376676978,671.2615281605591,1539.0899792741989,673.2511143330397,1542.2820442127506,675.2380911463805,1545.4913228306868,677.1971048553984,1548.7316597119925,679.104235659795,1552.015626374141,680.9351108929226,1555.3532455100608,682.666120272284,1558.7490499096932,684.2799414619365,1562.2001785619254,685.7718125434791,1565.6991361469459,687.1478633810206,1569.2372142827412,688.420073347371,1572.8063099646347,689.6025775887836,1576.3999545682695,690.7083056627466,1580.014168288477,691.7448629197015,1583.6463485806948,692.7166133037874,1587.2943755320598,693.6270957855405,1590.9560905683722,694.480896675314,1594.6292217017829,695.2842053239383,1598.3110958187099,696.0464921196703,1601.9987409612327,696.7803990138902,1605.6891557426795,697.5002732684106,1609.379652152873,698.219729622186,1613.0676596484714,698.9518193514502,1616.7520398795732,699.7019575485504,1620.4354462145334,700.4568657173426,1624.1261145592928,701.1752209204152,1627.8321008746038,701.8093260602267,1631.5540711607503,702.3419357259797,1635.2852567205427,702.8060964028681,1639.019653124156,703.2438906078271,1642.752550525031,703.694208908886,1646.4811152881816,704.1790638050679,1650.2050311832222,704.6984296156594,1653.924260851048,705.2503639497819,1657.6388175948566,705.8329262404253,1661.3487621100721,706.4441802836191,1665.0541991958346,707.0821962592305,1668.755268006617,707.7450880052927
1081,1499.855725583928,655.7521155674343,1503.5648329933945,656.3637027124005,1507.2225369760758,657.2315918219277,1510.8158372753471,658.3365961797678,1514.3374797096226,659.6525713601632,1517.7859495085772,661.1501451782709,1521.1648602758646,662.7989215157297,1524.4820176629746,664.5688513540149,1527.7482597523901,666.4312080183079,1530.976370099676,668.3589996148157,1534.1802058817434,670.3269252839164,1537.374023753774,672.3110897667048,1540.571680079056,674.2890553365431,1543.7848056833673,676.2417662136327,1547.021937481131,678.1543889273562,1550.28898785302,680.01541430909,1553.5905257367356,681.8145111337511,1556.9307669769262,683.5406412011072,1560.3138152043875,685.1812207876374,1563.7437237766428,686.7213298899752,1567.2236788396433,688.1446526182463,1570.752536618743,689.4419678805463,1574.3236971161652,690.6179820988191,1577.9276174867125,691.6895953266543,1581.5552261725743,692.6782150631219,1585.1997501172107,693.6026352297525,1588.8571390555435,694.4748078705826,1592.525273473185,695.3006427694031,1596.2027795531687,696.0837077744327,1599.8882651468457,696.8283345018175,1603.5804267058654,697.5391389074686,1607.2781021281003,698.2206954476327,1610.9802521868355,698.8775261499908,1614.6859639326256,699.5139670536656,1618.3943904582322,700.1344034582376,1622.1048308861941,700.7426853225652,1625.8165461621852,701.3431463248257,1629.5275755103273,701.9478228207378,1633.2351161343445,702.5734831965016,1636.9371357213809,703.2310188517769,1640.6342346889435,703.9157131862559,1644.3290229576035,704.6127946039206,1648.0240566542498,705.3085724054756,1651.7207091139103,705.9956952710033,1655.419111802607,706.6733341788876,1659.1192742728522,707.341296993962,1662.821204607388,707.9993912972056,1666.524909386723,708.6474243984658,1670.2303936563221,709.2852033519719,1673.9376634485266,709.9125197998593
1082,1501.3762398709641,655.6104871370417,1505.069307722938,656.3133770663989,1508.7106092045028,657.2480553849815,1512.2851747947989,658.4121735615333,1515.779498702639,659.7987458867642,1519.18412501523,661.3931191799946,1522.4970018314705,663.1705502469122,1525.7252157381345,665.0977450348345,1528.8837885085745,667.1373017313316,1531.9933241200733,669.2510192168971,1535.07719231419,671.4020868181333,1538.1590752960906,673.5560036226826,1541.2606656923854,675.6813960772294,1544.4003836567038,677.7499652273484,1547.592995741689,679.7358091524013,1550.8498232274667,681.6143528224941,1554.1756987705999,683.3676666732393,1557.5690140660502,684.9865975942618,1561.023672663611,686.470162762859,1564.5319470934865,687.8221373339878,1568.0853683317694,689.0506711613862,1571.6755584530576,690.1673268250804,1575.2948775248612,691.1857458575986,1578.936742822601,692.1204603659198,1582.5955956004293,692.9864020534118,1586.266770812426,693.7986042182242,1589.9463429207499,694.5719397598309,1593.630979409958,695.3208137773528,1597.3178188893696,696.0587822937896,1601.004285542306,696.7986083969038,1604.688291166349,697.5505853487393,1608.369381421688,698.316709879729,1612.0496153125252,699.0869444056743,1615.733233903269,699.8407765302377,1619.4258497627316,700.5490314308722,1623.1332199876542,701.1751155155273,1626.856720573943,701.696578014691,1630.5919674904676,702.1266125847505,1634.3318513900078,702.5147187775426,1638.0711273204358,702.9086070998101,1641.8066307298761,703.3366841594676,1645.5373911092893,703.8043515578044,1649.2642641964815,704.3020849323359,1652.987525292226,704.8261633734064,1656.7073180989423,705.3743256881747,1660.4238301019102,705.9443144518449,1664.1372882791911,706.5338773343558,1667.8479548405178,707.140767951231,1671.5561230145238,707.7627462647754,1675.2621105377013,708.3975922794313
1084,1509.0408137684428,656.2360846932829,1512.5854820079444,657.4876089228704,1516.026383073891,659.0011893031876,1519.3436589796675,660.7694349726087,1522.5265479829334,662.7697558998823,1525.5828413921504,664.959084391885,1528.539539376142,667.2815626061889,1531.4362317749637,669.678694248747,1534.314807009273,672.0976159426663,1537.2169243844137,674.4881595898496,1540.1841553562115,676.7971206068063,1543.252031742393,678.9702510043392,1546.4333025631256,680.9735815166231,1549.7111045468287,682.815067075143,1553.0605403820339,684.5230325916178,1556.4654252212003,686.1176903222256,1559.9197508517054,687.6022194480773,1563.4199472071975,688.975101449269,1566.962498875251,690.2346692514811,1570.5435529935492,691.3802079214215,1574.1589935659838,692.4121141490072,1577.8048392655683,693.3308534066401,1581.4766155917323,694.1398471604683,1585.1689042994165,694.8495632417772,1588.8754917357205,695.4806026178371,1592.5911495248606,696.0560222698844,1596.3118399188363,696.5980583051387,1600.034359809591,697.1274252164253,1603.7559411882862,697.6633358115481,1607.4749593963893,698.2167377789485,1611.1913871425545,698.7872950037619,1614.9066626076676,699.3653196731491,1618.6226557400278,699.938702863827,1622.3415922489198,700.4926286782488,1626.065155680747,701.0144991107244,1629.793815985312,701.4986082705325,1633.5268539694753,701.9477437332392,1637.2634213867377,702.3665318804652,1641.0027797959401,702.7596448881145,1644.7442827562486,703.1318173672976,1648.487320472054,703.4882421383475,1652.2313984633759,703.8335809550847,1655.975555000852,704.1780684589198,1659.7186049612976,704.5343641948801,1663.460377897916,704.9038317648889,1667.2008898761985,705.2858558607529,1670.9401631443152,705.679821479884,1674.678225821592,706.0851140342917,1678.4151115872814,706.5011194394594,1682.1508584799772,706.9272319139751
1085,1510.9554695609008,656.3724602138849,1514.4237094713296,657.8219941187973,1517.7659271354987,659.542444352204,1520.9729011717754,661.5038603543194,1524.0532493015942,663.6592099678859,1527.0349888305498,665.9494393611478,1529.955362959839,668.3176516269756,1532.851491842919,670.7155277066588,1535.7562368243814,673.1029383587046,1538.6957230254304,675.4473767025307,1541.6863159073619,677.7261936563622,1544.7378680436734,679.9226475091375,1547.8574788508413,682.0212337085303,1551.0520237512067,684.0037666219193,1554.3287322737249,685.8471461757717,1557.6945363585457,687.5220390327283,1561.1494584368802,689.004277807224,1564.6828101694828,690.2885800888349,1568.2756170080652,691.3961742796946,1571.909757106342,692.3600293362541,1575.571726159056,693.2123983997958,1579.2529749566238,693.9774225749104,1582.9483799806435,694.6709733838892,1586.654154474247,695.3068990225373,1590.367222590796,695.8988392337903,1594.0851118569524,696.4597578265106,1597.8060701401596,696.9999712180831,1601.5291564901268,697.5253267087313,1605.2539854610475,698.0381829341225,1608.9804438152141,698.5390632913151,1612.7084637469043,699.0281856886913,1616.4379908568444,699.5056802901145,1620.1689660996135,699.971725120323,1623.9013122218464,700.4266617660354,1627.634923124585,700.8711006287575,1631.3696500319206,701.3060640199042,1635.1052930182614,701.7330911409498,1638.8415779801862,702.1544674805634,1642.5781261524542,702.5735050134809,1646.3145485516452,702.993661881151,1650.050638740865,703.4167624731864,1653.7866530526876,703.8405323172464,1657.523466343194,704.2571895609985,1661.2613304738209,704.6643128127686,1665.0001618352421,705.0624566411803,1668.739879138222,705.4521921316635,1672.480404953412,705.8340908505987,1676.2216654537897,706.2087247600646,1679.9635901554861,706.5766661441444,1683.7061125485852,706.9384782739863
1086,1515.2503592472628,658.0757384322135,1518.4517472005273,660.0466298425773,1521.545019455115,662.1835808495058,1524.549421787349,664.444010934547,1527.485996882685,666.7920353874936,1530.3761979509136,669.1970019751491,1533.241041714585,671.6321631219699,1536.1011806244007,674.0728562498615,1538.97733810375,676.4946242821875,1541.8908781603711,678.8712155807665,1544.8637970108111,681.17296368433,1547.919292655855,683.3636640499801,1551.078824808702,685.4011068205706,1554.355581013577,687.2437848921747,1557.7460344902843,688.8676907768813,1561.2339630938482,690.2702932484358,1564.797846823179,691.4672385092618,1568.4175019231582,692.4835993130259,1572.0771638287497,693.3452899035345,1575.7650844259372,694.0770230103826,1579.4726497288389,694.7019776454688,1583.1935847444531,695.2419410361451,1586.9233307175857,695.7174741565781,1590.6585310818841,696.1482402425668,1594.3966396118403,696.5530925680647,1598.1356476838712,696.9495810414269,1601.874035388979,697.351862856242,1605.61079943141,697.7689401357574,1609.345450887506,698.2045249992666,1613.0779479294495,698.6582055629568,1616.8085103582675,699.1275369883792,1620.537478109611,699.6093817277228,1624.2652563382183,700.1003498589934,1627.9923271217783,700.5966635245901,1631.7193164460996,701.0935889789475,1635.4470265072946,701.5850722264215,1639.176364474265,702.0640303915136,1642.9082209663038,702.5229246473788,1646.6433766275945,702.9541047123951,1650.38216942006,703.3524961598063,1654.1242955751252,703.7182866545531,1657.8685746972537,704.0614293953506,1661.6124344066866,704.4090992875737,1665.3545772774203,704.7747837603016,1669.094993208385,705.1577330694249,1672.8337184144507,705.5568549311943,1676.5708032408832,705.9710579595601,1680.3063111796585,706.3992519736375,1684.04031788848,706.8403482241085,1687.772909543461,707.2932650180209
1087,1517.4984921300224,658.8276616855336,1520.5737107047137,660.9903457549541,1523.5457538460932,663.2930562422454,1526.4362935413342,665.6974601402529,1529.2673720278488,668.1717145562633,1532.0617357819401,670.687425093162,1534.8431643681888,673.2174523463204,1537.6362734812258,675.7345572850252,1540.4659879787746,678.2103686899901,1543.3567824177626,680.6144522268442,1546.3319175259492,682.9131360613178,1549.413856988186,685.0661693359397,1552.6220643855954,687.0255977650279,1555.9661610987603,688.7423988316297,1559.4324340943162,690.1969305853399,1562.9919366966678,691.4063564958587,1566.6137487606243,692.4148580862586,1570.2752040052155,693.2690087683686,1573.9623697551408,694.0047231082647,1577.6669907023047,694.6470399209933,1581.3838958412794,695.2141612793671,1585.1092637891898,695.7228912035041,1588.8402189168048,696.1889977927021,1592.5746742190809,696.6262446655207,1596.3111678736307,697.0457506480153,1600.0487029364924,697.4558888760045,1603.786623430618,697.8625029100549,1607.5245525778548,698.26903747488,1611.2623051763817,698.6771916597495,1614.9997594267095,699.0880682801309,1618.7368044967573,699.5026492943089,1622.4733257295304,699.9219243341731,1626.2091984586052,700.3469377333454,1629.9442821505972,700.7788287653942,1633.6784186562147,701.2188323428727,1637.4115817862905,701.6670207963829,1641.1440312078382,702.1211187484132,1644.8764036079212,702.5758498379462,1648.609543837284,703.0242247041779,1652.344390591432,703.4581312551899,1656.0818466512058,703.8689162223508,1659.8227143861845,704.2472954919609,1663.5678714502417,704.5804137852031,1667.3171538553177,704.8633825491428,1671.0696684472136,705.0997167894615,1674.8246373306667,705.2932514686204,1678.5814144987448,705.4478385705085,1682.339474433514,705.5673364921906,1686.0984002461585,705.6556020442267,1689.857872041445,705.7164530311678
1088,1521.9710133329627,662.0753560228893,1524.799650956082,664.5520678487457,1527.5415980734142,667.1246690985691,1530.2332464825552,669.7499760377744,1532.9108628456027,672.3896254808278,1535.61042491326,675.0067762174136,1538.3679479139103,677.5626339508802,1541.218207294748,680.0144046763439,1544.18592793776,682.3223427070875,1547.278185956728,684.4604522968639,1550.4877125895014,686.4181521127797,1553.8014603836857,688.1938111993675,1557.2059025453077,689.7887803554794,1560.6881768632654,691.2058818231949,1564.2369302194372,692.4472015184438,1567.84243496343,693.5125567964478,1571.4944774440287,694.4055835241768,1575.1818423118225,695.1396348312992,1578.8938186346018,695.7374166407354,1582.6218314591745,696.2258026536744,1586.360080233188,696.6288176596728,1590.104785653793,696.966913025576,1593.853467551191,697.257848460066,1597.6044354629194,697.5178081468142,1601.3565054760065,697.7614213889193,1605.1088890534477,698.0001725682692,1608.861069856762,698.2420835261368,1612.6126868754482,698.4925719346636,1616.3633880716843,698.7563993835123,1620.1127691749305,699.0383411522236,1623.8603643287265,699.3430765351936,1627.6056936185425,699.6744811522912,1631.3484092810922,700.0341982964592,1635.0883236244006,700.4219647421099,1638.825366937152,700.8364952488298,1642.5595174644461,701.276329755288,1646.2907916673207,701.7399385728418,1650.0191933819158,702.2261122557823,1653.7449079143926,702.732480706974,1657.4686345177042,703.2532845272231,1661.1918714958908,703.7775832550311,1664.9173010108686,704.2860077193096,1668.6467931015002,704.7637031610129,1672.3799938401187,705.2115068188166,1676.116400506468,705.6317351762867,1679.855561971327,706.0267137215758,1683.597074594251,706.398773858878,1687.340577991212,706.7502504408942,1691.08575071268,707.0834798686464,1694.8323060607875,707.4007963252715
1089,1523.5320766901064,663.8182727572953,1526.243972194639,666.4225259969779,1528.9014572011963,669.0823987624752,1531.5381894388113,671.7628879374014,1534.1870021419431,674.4314159364662,1536.8801449654045,677.0551070055652,1539.6476781097022,679.6000512433237,1542.51577712232,682.030877629673,1545.505378504247,684.3103267388705,1548.6301838581105,686.4002644062582,1551.888633814334,688.2749783909593,1555.2643398185742,689.9294329931622,1558.734796376448,691.3749129463565,1562.279128981619,692.6287141948787,1565.8800473308156,693.7096266565729,1569.524011784412,694.6353715512752,1573.2007584477979,695.4211259152121,1576.9019801122884,696.0823270360154,1580.6210478327232,696.6346499084669,1584.3528219437346,697.0935971026337,1588.0934087774867,697.4743576456116,1591.8399360321162,697.791620678246,1595.5903076190903,698.0598611313388,1599.3430477101947,698.2927897067711,1603.097197412784,698.5018706725816,1606.8521657279468,698.695743782885,1610.6075431991437,698.8815471502178,1614.362993018728,699.0658867400589,1618.1181955222849,699.2551837826967,1621.872808511506,699.4558044797031,1625.6264365853383,699.6740371629068,1629.3785771051182,699.9164465757456,1633.1285512095878,700.1902687576201,1636.875572920777,700.5018433032085,1640.6190287504808,700.8536827452082,1644.3587101010673,701.2436346632766,1648.0948416946528,701.6662832443228,1651.8278622214814,702.115611370424,1655.55834019772,702.5856035062433,1659.2868893972206,703.0706727939013,1663.014038422189,703.5663923804509,1666.7401454794283,704.0698886216209,1670.4668880316724,704.5686414054491,1674.196218686201,705.0476411753694,1677.9280996367913,705.5063537949145,1681.6622542701946,705.9461791310769,1685.3984272989442,706.3685206692564,1689.1363832498735,706.7747845903001,1692.8759049223745,707.1663789974315,1696.6167923824273,707.5447078047503
1090,1526.2441839298842,666.2460829938215,1528.5999487937142,669.1765400582066,1530.9642250173408,672.10010352069,1533.4056778562413,674.9593548665174,1535.9595676842637,677.7184674062079,1538.6434125440635,680.351192474527,1541.4694875348914,682.8304163126716,1544.4473314781799,685.1248666369082,1547.580120734665,687.2025592337977,1550.8575099406955,689.0436892679079,1554.2577602116673,690.6468835413998,1557.755080064546,692.025929314561,1561.326166096176,693.2012240728867,1564.9524762754722,694.1935044079684,1568.6194981919414,695.0231559319288,1572.3159463218926,695.710294813379,1576.0331690835555,696.274706452984,1579.7647399031687,696.7351534436821,1583.5059872917413,697.1092501127299,1587.253589494665,697.4134589428165,1591.005236430815,697.6631503219611,1594.759348900961,697.8727541109898,1598.5148473829302,698.0560130540185,1602.2709687761778,698.2261096374541,1606.027133617804,698.3952510839268,1609.782899398246,698.573001298301,1613.537926224631,698.7657023376797,1617.291920879665,698.9775344356988,1621.0445710535041,699.2119542382677,1624.7955023073605,699.4724065418235,1628.5442414749448,699.7626749177097,1632.2902500355171,700.0862560186736,1636.0330607106541,700.4449392117476,1639.7725704622874,700.8365670431883,1643.5091283080096,701.2554628764022,1647.2434376191322,701.6939813095861,1650.9763766124975,702.1440328106877,1654.708860699819,702.5978468988213,1658.4416910336865,703.048800959395,1662.1755367542048,703.491260661645,1665.9110741538911,703.9191805403464,1669.64915652566,704.3242395856649,1673.3895202977112,704.7076926745091,1677.131557538475,705.074464067,1680.8750548279895,705.4260249698655,1684.6198412740903,705.7635813575531,1688.3657595403117,706.0883408959736,1692.1126647029846,706.4015124882103,1695.8604230965527,706.7043059042311,1699.6089112903414,706.9979296742621
1091,1528.459693978437,668.5743026962223,1530.6570778318605,671.6252508009102,1532.9594396111218,674.5975166346025,1535.3976465276673,677.459268546401,1537.9833905487499,680.1883193166183,1540.7247745426482,682.7608136244779,1543.6283302670638,685.1485383442617,1546.6966289561246,687.3202500861178,1549.922960218888,689.2492335916702,1553.2885348628747,690.9236775538699,1556.765447191733,692.3530627199314,1560.325878816556,693.559978201358,1563.9483311208721,694.5659474739771,1567.6166868521693,695.389316278901,1571.318227892312,696.0480595207831,1575.042665771965,696.5622913497912,1578.782223573768,696.9521658688948,1582.531276849316,697.237176408503,1586.2859193496906,697.4360568959069,1590.043583893336,697.5666270371817,1593.8026989694165,697.6459128664994,1597.5624004572871,697.6902922538359,1601.3222848228552,697.7156640387404,1605.0821914241483,697.7376889639672,1608.8420004334398,697.7721352737366,1612.6014342783408,697.8348547388699,1616.3598949103011,697.9405099285686,1620.1164813926493,698.0991961281281,1623.8702373069605,698.3146775444541,1627.6203495135835,698.5863264078735,1631.3662013525757,698.9115253540047,1635.1073401268698,699.2871156438939,1638.843469791196,699.7096669729809,1642.5744387772743,700.1756181678549,1646.3002702986691,700.6810377476919,1650.0213034061524,701.2206829754728,1653.7384090340488,701.7867837048593,1657.452984530563,702.3692815613948,1661.1668134697454,702.9565285102967,1664.8818246266048,703.5362363876797,1668.5997746751214,704.0967538099833,1672.32230115763,704.6259615576287,1676.0504138001209,705.1142410977392,1679.783555965674,705.5624706686631,1683.5209787435408,705.97350496704,1687.2620190511893,706.3502174218621,1691.006093648056,706.6954933880879,1694.7526927905706,707.0122247207422,1698.5013736499275,707.3033055442055,1702.2517546124625,707.5716146543369
1092,1529.4704706915797,671.5127398231938,1531.5139889639106,674.6679187555501,1533.7911361946087,677.658819470503,1536.281159787594,680.4750275971779,1538.9693914032503,683.1026860865801,1541.8436324224867,685.5254363986968,1544.890023035757,687.727803941463,1548.0905465005033,689.6995888930994,1551.4221279545104,691.4409997951698,1554.8610923056997,692.959631443411,1558.387278931609,694.2631502829939,1561.9843232033372,695.35619966092,1565.6375048382602,696.2439671307039,1569.3324585794487,696.938055388111,1573.056007925728,697.458027369183,1576.7973133216608,697.830244646493,1580.5485840540425,698.0841181905281,1584.3049914665592,698.2461877469892,1588.0637684982944,698.3394566026761,1591.823458141851,698.3840762968896,1595.5833972559913,698.3983635757213,1599.3433681376523,698.3996496699822,1603.1033345940325,698.4046468660079,1606.8632185735541,698.4291085097567,1610.6227360267626,698.48649997277,1614.381392191714,698.585137690008,1618.1386349370189,698.7278056177134,1621.8940057940565,698.9133592183671,1625.6471542134707,699.1394888467117,1629.3978429642075,699.4033270118721,1633.1459609516282,699.7015028917217,1636.8915326211168,700.0301529185953,1640.6347179139254,700.3849783550229,1644.3758001589824,700.7613529322413,1648.1151710579497,701.1543839160867,1651.8532977980144,701.5590888355987,1655.59067901189,701.9706282876682,1659.3278210118956,702.3843363891024,1663.0650464048122,702.7972902880917,1666.8022454560796,703.2104817432452,1670.538683768996,703.6304851857539,1674.2732501654416,704.0667888239434,1678.0047777576042,704.5283248411083,1681.731927444532,705.0239150672767,1685.453061343299,705.5627828634803,1689.167699618856,706.1447645911683,1692.875905969221,706.7664304517497,1696.577854039443,707.4243543871173,1700.2738167849163,708.1151231774256,1703.9641531915042,708.8353566149649
1093,1531.337812746018,673.8519155870928,1533.4411623055364,676.9678129906245,1535.7500150488008,679.9343937069281,1538.2746916381357,682.7194055898146,1541.0161476135215,685.2911272267912,1543.9643051856312,687.6229324600437,1547.098255432413,689.698445329934,1550.3897001210046,691.5141111877131,1553.8087471479128,693.076608946877,1557.3277579390963,694.399068132732,1560.9222442323571,695.5004774774885,1564.5715297864042,696.4044103012327,1568.2595878799705,697.1347273365006,1571.9745785585333,697.7131180724546,1575.7078525907064,698.158960961215,1579.453097222478,698.4900084174222,1583.205734013641,698.7233366548418,1586.9625714079593,698.8753737960839,1590.721509052965,698.9619662015378,1594.4812832728815,698.9984837554146,1598.2412459843156,698.9999519135869,1602.0011685487323,698.981160946237,1605.7610622595562,698.9570086768891,1609.5210015307814,698.9421849891502,1613.2809574552346,698.9495669645927,1617.0407253911812,698.9874835735861,1620.7999821099445,699.0600754658533,1624.558367236684,699.1687780086428,1628.3155078778261,699.3142637527799,1632.0710252661124,699.4969085532076,1635.824529347884,699.7170772367172,1639.5756029874312,699.9753569679161,1643.3237752423017,700.2727762094931,1647.0684947844647,700.6108854548768,1650.8092550224133,700.9903031797346,1654.5457875540176,701.4093399132294,1658.278235166992,701.8633582885946,1662.0070095568697,702.3466474138584,1665.7326658487154,702.8534352799729,1669.4558398083216,703.3781648198157,1673.1772450661372,703.915305112255,1676.8976250054723,704.459507509271,1680.6179122622218,705.0043437843506,1684.3389207000835,705.5442311204524,1688.0607097545194,706.0787109371366,1691.7832230180468,706.6081235677509,1695.506405472117,707.1328095835147,1699.230203397624,707.6531097494907,1702.9545642823973,708.1693650006961,1706.6794368882797,708.6819152548484
1094,1533.8903930291644,677.4473881724753,1536.1381663974892,680.4605858506778,1538.5905858149267,683.3097225507302,1541.2283892000778,685.9881919372108,1544.0418809448292,688.4813797658942,1547.0317942722718,690.7596806179924,1550.2019276230355,692.7791485363618,1553.5476138740835,694.4917430097356,1557.0420553165484,695.8759307009612,1560.6436428618288,696.9523417744392,1564.3133778610768,697.7682092907953,1568.0242227699391,698.3714247400654,1571.7596104039299,698.7981738316245,1575.5089350847727,699.0783332183252,1579.2653863611654,699.2379721873832,1583.0247620869343,699.300076703616,1586.7846546935714,699.285261179754,1590.5438785942142,699.2116966507521,1594.3020415636192,699.0955321531742,1598.0592606044331,698.9518074874277,1601.816000033185,698.7959492131929,1605.5729094287249,698.6442813626965,1609.3305927461222,698.5133938350112,1613.089360296421,698.4190909538421,1616.8490410249058,698.3752872236868,1620.6089151972822,698.3940184877314,1624.3677483412787,698.4840520351587,1628.1240062317042,698.6496824210558,1631.8761573994207,698.8910926676248,1635.622807369793,699.2066220697325,1639.3629111488065,699.5921580584535,1643.0960687311124,700.040092531409,1646.8227102016963,700.5394471849816,1650.5439181130555,701.0778766218814,1654.2611933470637,701.6428670839364,1657.976210460111,702.2225439670871,1661.6905863831048,702.8063213939596,1665.4057697240996,703.3849316182108,1669.1230464644939,703.9499200316177,1672.8435166509744,704.4934584463242,1676.5679938108774,705.0087950923519,1680.2970640383855,705.4897367460708,1684.0306918812428,705.9339227418468,1687.7682598891338,706.3436526686951,1691.5091836461486,706.7215371597525,1695.2529458290087,707.070198627468,1698.9990910319489,707.3922667929062,1702.747220393596,707.6903751285723,1706.4969860912915,707.9671581375896,1710.2480869699523,708.2252312442407
1095,1536.3088924814485,682.3374272629022,1538.704167520967,685.2344212592036,1541.3336769186965,687.9203406069458,1544.1936642109613,690.3591941092117,1547.2696951540975,692.5190079253291,1550.5404506461218,694.3705844465129,1553.9770484373078,695.892417806688,1557.542741699329,697.0813586741883,1561.197454820796,697.9606257231103,1564.9064898238091,698.5733709451493,1568.6454583679795,698.966133950551,1572.3989226958442,699.1826617663465,1576.1578907069309,699.2626066566482,1579.9177253876517,699.24152965388,1583.6766008366515,699.1520370861266,1587.434367140952,699.0234994335316,1591.1916088549845,698.8802634910461,1594.9488963055162,698.7382377899064,1598.7065837666653,698.6072732645059,1602.4648636890424,698.4946816123794,1606.2238197167899,698.4077116693034,1609.9833880803883,698.3536747645041,1613.7433134150497,698.3400172167726,1617.5031131275152,698.3730681212643,1621.2621305049997,698.4564999220427,1625.0196953126106,698.5902482396419,1628.775231015126,698.7723307249764,1632.528277315791,699.0000723297818,1636.2784754783693,699.2707303849027,1640.025560675136,699.5815560218624,1643.769353646457,699.9298244058849,1647.5097552575103,700.3128230243333,1651.246743093705,700.7278272673667,1654.9803692799032,701.1720744121043,1658.710755650049,701.6427652515131,1662.4380820574784,702.1371143423288,1666.1625682847089,702.6524341731013,1669.8844462208415,703.1862730262735,1673.6039225000916,703.7366006420687,1677.3211473337483,704.3019382716825,1681.0361648143794,704.8816039530255,1684.7488746811637,705.4758702065161,1688.4593303726472,706.0840546916368,1692.1676871743787,706.7049107931596,1695.8741137810234,707.3371897488822,1699.578790384855,707.9796446257185,1703.2819073896305,708.6310303293302,1706.9836641352638,709.2901035415317,1710.6842676331926,709.9556225945053,1714.3839306580992,710.6263508940328
1096,1537.5988159219337,685.6896257561777,1540.2249667197475,688.3789407560582,1543.0807564289873,690.822579057634,1546.167617982255,692.9662729902998,1549.4731463419657,694.7540485924858,1552.9516546213256,696.1771870343775,1556.5455812875045,697.278909995205,1560.2075214116333,698.1293631884819,1563.9103206895402,698.780462631534,1567.6387170947473,699.2646564854582,1571.38310809866,699.604389640426,1575.1367922846275,699.8191948124072,1578.8950863373038,699.9279914503736,1582.6549325394142,699.9483460271888,1586.4145016494847,699.8965426780637,1590.1728722807834,699.7877721389127,1593.9297763497643,699.6362773626854,1597.6854018274573,699.4556664652177,1601.440235328307,699.259190633345,1605.194931919157,699.0601012656922,1608.9501847039435,698.8718554166469,1612.7065205209803,698.7067568398554,1616.4641507423325,698.5745107489407,1620.2229682141387,698.4821819925111,1623.9826243353548,698.4355178948992,1627.7425610744049,698.4400694525377,1631.5019936047843,698.5013888980544,1635.2598847894897,698.6250394560639,1639.0149190296079,698.8165878415658,1642.7654769557985,699.0815773218818,1646.509577885926,699.4258599791051,1650.2449804954322,699.8542828108626,1653.9697084452487,700.3673348602512,1657.6831881882272,700.9564418736232,1661.3869613820268,701.6039460868859,1665.0847979125658,702.2846511603163,1668.7820968598046,702.968280749619,1672.484599677862,703.6230309345513,1676.1955341031207,704.2280890936612,1679.9145702812432,704.7812470216522,1683.6384657695505,705.3008186138658,1687.3625378885165,705.8191377381357,1691.0844128960098,706.3530019356828,1694.8041218933186,706.9017574337304,1698.5217909433918,707.464169446163,1702.2375596639815,708.0390049148052,1705.9515799653477,708.6250326546493,1709.664014797626,709.2210234125232,1713.375036908576,709.825749848783,1717.0848271085563,710.4379895109216
1097,1540.2379783929264,688.451856379145,1543.099222220627,690.889268935216,1546.176917853553,693.0466939575927,1549.447732297113,694.8982976263846,1552.877471752709,696.4360286033465,1556.4281108157982,697.6698990644242,1560.0638613705303,698.6252179426888,1563.7555031991428,699.3356685327833,1567.4819160614934,699.8336320923676,1571.2284414050102,700.1474786775332,1574.9849858552802,700.3023333964888,1578.7447389135918,700.322245972994,1582.5034998088818,700.2311751376532,1586.2591769338994,700.0528435243086,1590.0112957595559,699.8104397796744,1593.76053884932,699.5267395446634,1597.5083166939205,699.2241831064543,1601.256374766337,698.9251400515942,1605.0064180626578,698.6523015094816,1608.7596805473759,698.4284272846282,1612.5162368973756,698.2694982268534,1616.2751356592253,698.182048382149,1620.035015340591,698.1648300199582,1623.7945965609704,698.2155056493056,1627.552728572245,698.3316458595366,1631.30838758511,698.5107982706528,1635.060676053132,698.750436736903,1638.8088231407128,699.0479487872875,1642.5521822388778,699.4006620748728,1646.2902217995536,699.8059108979318,1650.0225261901796,700.2609860206215,1653.7488142553987,700.762970256431,1657.4688491455768,701.3093839311878,1661.1825625069548,701.8972496825293,1664.8903718272495,702.5213079727165,1668.593618518397,703.1719316694557,1672.2942588052274,703.8372435594116,1675.994325684378,704.5057414127338,1679.6954765662144,705.1682059087556,1683.3988372341153,705.8181934810507,1687.105478467331,706.4491867592279,1690.8166149172348,707.0531451383454,1694.5333731206974,707.6214458011473,1698.256169340818,708.1487266162638,1701.9844753472582,708.6355454880273,1705.7174598330046,709.0851069961986,1709.454386048228,709.5006546219033,1713.194606608158,709.8854459529482,1716.9375553891052,710.2427464516444,1720.682741684779,710.5757954994408
1098,1541.5434205281122,690.8660976127367,1544.5402025493984,693.1348429458031,1547.7333630098817,695.1174368399495,1551.1031725771313,696.7819687440501,1554.6173604560354,698.1152085983356,1558.236875638032,699.129249122813,1561.9249610718632,699.8567716144162,1565.6535999535752,700.3366669452275,1569.4033374843407,700.6085446534346,1573.1616773625317,700.7103537126626,1576.921345000947,700.6769824912677,1580.6786893917872,700.5389254695949,1584.4322424866093,700.3202524229434,1588.1817410191038,700.0402273739073,1591.9276740414032,699.7157841861952,1595.6711493891034,699.3640064741666,1599.4136682877865,699.0021550220824,1603.1568894531565,698.6476723038857,1606.902389223787,698.3182488020175,1610.6514068335582,698.0318433026607,1614.4045429548564,697.8060989261235,1618.1614217093208,697.6553993250067,1621.9207273131638,697.5892378907187,1625.6805320947067,697.6128131938017,1629.4385507354714,697.7307710519003,1633.1922418793683,697.9461609979409,1636.9391599187425,698.2580348489771,1640.677610556094,698.6590206511139,1644.4071000675035,699.1364035980162,1648.1283369258801,699.6745030661335,1651.8431411361503,700.255469987557,1655.5542806229603,700.8594669678887,1659.2645359147164,701.4688846977652,1662.9754869924739,702.0740490619082,1666.6871963162055,702.6745473461787,1670.3986823142466,703.276422824378,1674.108653043212,703.8875587801542,1677.815920866876,704.5148701052,1681.5199187837934,705.1612116676222,1685.2212523324326,705.8226518628346,1688.921402923242,706.4906862328335,1692.623210161326,707.1494537217583,1696.329162678471,707.7844721954999,1700.0391686586297,708.3953683496925,1703.7528393174255,708.9835811748983,1707.469812417537,709.5505558735177,1711.1897507270603,710.0977424891464,1714.9123404256593,710.6265947121447,1718.6372894650426,711.1385688773564,1722.3643288458563,711.6351007806009
1099,1542.494540025221,693.3737263090867,1545.641329831333,695.4289600456973,1548.9814556282981,697.1516389962463,1552.4870176317525,698.5064004009135,1556.1126784584,699.4969720060666,1559.8114861244394,700.1670161772676,1563.5485848844053,700.5757450812163,1567.3024881847139,700.7834351237731,1571.0618002957722,700.8440403045038,1574.8213899213856,700.7973032390131,1578.5791090480361,700.668864354816,1582.334059034096,700.4753241542835,1586.0860262851622,700.2304564332501,1589.835283283938,699.9469613811978,1593.5824538882164,699.6370220006636,1597.328431157946,699.3129327430379,1601.0743138650755,698.9877490184798,1604.8212928835699,698.6755005555785,1608.5704582497694,698.390821757054,1612.322624192294,698.1491201712169,1616.078115174945,697.9666403009699,1619.8364708931745,697.8589172004832,1623.5962851388172,697.8349650672695,1627.355660392951,697.8972285858921,1631.1126625199283,698.0446435390207,1634.865439916978,698.2759022442417,1638.6123910627,698.5877280798271,1642.3523396155535,698.9746915171171,1646.084586816269,699.4300632020397,1649.8088228834663,699.9469460304227,1653.525075164694,700.5184642015266,1657.233697860972,701.1376077485826,1660.9355060150629,701.7963193678708,1664.632224173122,702.4830659389445,1668.326542845283,703.182631750514,1672.0216802302377,703.8778508652773,1675.7208865295772,704.5510324059194,1679.4272364365195,705.1836080318053,1683.1424654580082,705.7616730154709,1686.8664203959163,706.2805855373417,1690.5972465024258,706.7476605052431,1694.3321137667879,707.1813776574111,1698.0678933992042,707.6072088287315,1701.8027355961726,708.0411826562192,1705.5367973987754,708.4818235550318,1709.2702366270203,708.9277096699371,1713.0031771310353,709.3777528300374,1716.735746395459,709.8308652835411,1720.4680745867015,710.2859596052308,1724.2002936445087,710.7419482407175
1100,1546.1854034852272,695.3602723167389,1549.4849503155037,697.160757864873,1552.9254516774542,698.6747125611826,1556.4811776705826,699.893707705986,1560.1269616030468,700.808789954396,1563.8366504090113,701.4150015100253,1567.583591241307,701.7156134311549,1571.3427893755234,701.7319330784559,1575.0965046441643,701.5222311556453,1578.8386889707544,701.1584979565013,1582.5717950334795,700.7101037963091,1586.3015559408095,700.2344307712128,1590.0331729968693,699.7736263829528,1593.7691725931147,699.3499074211385,1597.5099881135334,698.9710807771472,1601.2551784922402,698.6382771888015,1605.0041576800236,698.3512784395871,1608.7563199484425,698.1094156922237,1612.511103229902,697.9123873220922,1616.2680300648526,697.7617563990009,1620.02668140808,697.6634684206762,1623.7864336814225,697.6280372586604,1627.5461359363728,697.6668612781357,1631.3040858336321,697.787795600763,1635.0584481897606,697.9917361154638,1638.8076194305822,698.275636767392,1642.5502921975794,698.6352673053889,1646.2853537593332,699.0668769177585,1650.0118133322533,699.5673817694397,1653.7289364251064,700.1331086316379,1657.436678317345,700.757440377528,1661.1361092179147,701.4293453375741,1664.829487067428,702.133826222692,1668.519778873821,702.8543299963989,1672.2097813501982,703.5763166008518,1675.9013845938882,704.2900674706657,1679.5952881750593,704.9918133433981,1683.2915059338216,705.6812676170241,1686.989732824502,706.3598649560513,1690.6897809145141,707.0284594497231,1694.3924537411363,707.6823377205158,1698.1013339983567,708.2999007518549,1701.8183489826934,708.8664442713963,1705.5424495926154,709.3843970527568,1709.2725577910508,709.8571758392168,1713.0077212362096,710.2882274174033,1716.7471049015369,710.6810169452767,1720.4899819935506,711.0390185670799,1724.2357243994002,711.3657081517549,1727.9837959295542,711.6645180983356
1101,1548.6355481119547,697.9448251222174,1552.1743734484946,699.2107934927927,1555.8162281745244,700.1410787439844,1559.5206886769804,700.7801840522382,1563.2588387587996,701.1798694150898,1567.0128333758591,701.3858705508412,1570.7722461666722,701.4375617449937,1574.5314579250523,701.3683556721738,1578.2877801079458,701.2045241325028,1582.0400646839269,700.9650116586814,1585.7880131403276,700.6649572812896,1589.532056156279,700.319402485384,1593.2732310469337,699.9439630079066,1597.0129842674023,699.5545694000355,1600.7529749061393,699.1674708656935,1604.4948529641351,698.7991337727337,1608.2400526331257,698.4664151957234,1611.989506990285,698.1859098024875,1615.743291306557,697.9712698801502,1619.5005573044448,697.8303405992745,1623.2599208483111,697.7665304451103,1627.0197962119928,697.7811024775767,1630.7785385171849,697.8745442202428,1634.5345402969438,698.0458560838181,1638.286338957685,698.2927147054534,1642.0326688918221,698.6120579162517,1645.7724354010259,699.0008352475726,1649.5046962364472,699.4560944912985,1653.2286363949695,699.9750628905355,1656.9435639006713,700.5550623484471,1660.6490368897782,701.1927139815606,1664.345565111636,701.8803861467527,1668.0351614500541,702.6044027019774,1671.7214257705164,703.34523775641,1675.4089433404006,704.0797904477605,1679.1027930196783,704.7816981620186,1682.8074753792573,705.4237730678648,1686.5246742326362,705.9888905211956,1690.2509865969757,706.4906632968313,1693.9808715039517,706.9653620732844,1697.709329436557,707.4510857060022,1701.43292703006,707.9726782508835,1705.150039132433,708.5386180033721,1708.8601887365705,709.1485549751396,1712.5634154540178,709.7992216922524,1716.2598695851102,710.4873369052673,1719.9497999047812,711.2096308680241,1723.633544159638,711.9628502731166,1727.3115196793833,712.743761525325,1730.9842099184184,713.5491717796797
1102,1551.868113271371,699.9593899273505,1555.4714648346373,701.0275878614958,1559.160860910225,701.7463101804135,1562.89678584697,702.1633720679838,1566.652462506287,702.3312038155359,1570.4119499835265,702.29918403019,1574.1668758339376,702.1086480180422,1577.9135954218282,701.7947603122146,1581.6514452764768,701.3881310009498,1585.381641415564,700.9161239931497,1589.1065988702221,700.4042509710566,1592.8295625380078,699.8780141091279,1596.553953945025,699.362017814575,1600.2826355742839,698.8781002515441,1604.0173623102053,698.4434397386789,1607.7589719126013,698.0728696280269,1611.5074561340336,697.7801954675474,1615.2619020151055,697.5783271702583,1619.0204091261207,697.477782447878,1622.7802588591849,697.4820820426069,1626.538716730975,697.5853805832782,1630.2938655729488,697.774418753989,1634.044787360981,698.0344796600995,1637.7912776658166,698.3522463506655,1641.5336228674205,698.7157077019743,1645.2723901688553,699.1143611279457,1649.0081482059256,699.5403268741551,1652.7412328634061,699.9891318318006,1656.4718515781572,700.4580016276674,1660.1999892911917,700.9462007560041,1663.9249222303097,701.4582437071914,1667.6444347614538,702.008176942275,1671.3551072066675,702.6147416527184,1675.0527045006354,703.2963396721042,1678.7333573502865,704.0641750469617,1682.3982242178645,704.9043161885263,1686.0553887153721,705.777543086528,1689.7158159552548,706.6369481192595,1693.3857988611144,707.4545013333114,1697.0671899627766,708.2190123145416,1700.7601541416095,708.925476316836,1704.4645459552228,709.5692974930547,1708.1799216534926,710.14635327096,1711.9047119678553,710.6591914790952,1715.6371730833969,711.1129005053546,1719.3758054637526,711.5126419316059,1723.1193364912217,711.8636169576505,1726.8667002682507,712.1710429337338,1730.617016011051,712.4401359814348,1734.3695662185323,712.6760904065276
1103,1554.9515664303751,700.7866885577911,1558.6034073595558,701.6762712546195,1562.3233315406953,702.2133052249424,1566.0778321504743,702.3885851902734,1569.8338342843633,702.2361462116695,1573.5747889318884,701.8614775898093,1577.30255699149,701.3708423929932,1581.0244285547512,700.8369786570541,1584.7447866922125,700.29262624133,1588.4654525419423,699.750384157999,1592.187839181123,699.220103930145,1595.9135022992282,698.713405671897,1599.644000042039,698.2437167595882,1603.3806352652346,697.8258080998752,1607.12417034946,697.4752971636118,1610.8745792367506,697.2086278409148,1614.6307082697344,697.0413907060835,1618.3900917015194,696.9829540735136,1622.1496246746979,697.0320149866036,1625.9066199986266,697.179246705288,1629.6593355125788,697.4116298837716,1633.4069258914374,697.7159291934628,1637.1493085636914,698.0788788365215,1640.8871008107194,698.4865278885694,1644.621346424925,698.9255443257355,1648.3526899737524,699.3885920128658,1652.0803327404676,699.8804918385852,1655.8022780300178,700.4136986977825,1659.5162787987254,700.999645762803,1663.2215158920342,701.6386987165807,1666.918960090666,702.3214684100864,1670.6108022996038,703.033959164235,1674.299640447165,703.7618677280193,1677.9878836165622,704.4927893936378,1681.677418700323,705.2171553183671,1685.3695424730356,705.9282006351384,1689.0650040686726,706.6216831948901,1692.764140553747,707.2952828510693,1696.4672865035732,707.9464713722938,1700.174894377598,708.5717408593724,1703.8877447748484,709.1650460628225,1707.6070145449803,709.7166356210492,1711.3324146817629,710.2251966024235,1715.0630541779472,710.6938015190957,1718.7981384227767,711.1255732402044,1722.5369661364239,711.5236514897788,1726.2789219912997,711.8911858036322,1730.0234688837443,712.2313300092325,1733.7701399804425,712.5472380942763,1737.5185306381313,712.8420613045311
1104,1556.4651803649856,701.6767891077002,1560.1891636574683,702.1876844842285,1563.9414556926636,702.416835349202,1567.7009785508662,702.4200149474311,1571.4563153147055,702.2396196290417,1575.2014323568417,701.9080510075702,1578.933761608316,701.4540354474079,1582.6538355539208,700.9081852268584,1586.3648378643459,700.3034566122635,1590.0717884031485,699.6742531691951,1593.7806802256605,699.0566520591768,1597.4969550169653,698.4853781698127,1601.2236669100107,697.9869278691452,1604.9608802967925,697.5746658528915,1608.706922035217,697.2523735057382,1612.4597285153345,697.0219010600324,1616.2171197566595,696.8853276743791,1619.9767705383092,696.844928039974,1623.736190805932,696.9027447257216,1627.4928332856653,697.058464413947,1631.244424632124,697.3080137895311,1634.989337723301,697.6433759258337,1638.7267283851234,698.0543324889117,1642.4564494098145,698.5300138492995,1646.1789864702857,699.0590820678143,1649.8953323097307,699.6300855232614,1653.6066115472559,700.2331808632746,1657.313527658986,700.8625509953039,1661.0162534606527,701.516123231409,1664.7145642615535,702.1942300579866,1668.4081046238973,702.8978541490848,1672.0965681127864,703.6276236828195,1675.780283600139,704.3810084940234,1679.460744852549,705.1501516846087,1683.14060634643,705.922163725172,1686.82259615922,706.6839461023728,1690.5089151046632,707.424473266396,1694.201099769419,708.1351490918145,1697.9002946835494,708.8083476846301,1701.6074766843585,709.4360239643182,1705.3233321253526,710.010065950236,1709.0483954228246,710.5208229864902,1712.7831888629337,710.9545961447452,1716.5262231782285,711.3104231356533,1720.2754025078032,711.59440991676,1724.0289824736872,711.8128144978789,1727.7855504751321,711.9719439435625,1731.5439954056528,712.0781150458529,1735.303475076608,712.1376257697787,1739.0633828101456,712.1567285622428
1105,1559.4397555744147,702.9454788234391,1563.1941175556199,703.1345623494841,1566.9530090132434,703.0720559773209,1570.7031941219586,702.8060853695583,1574.4382168052803,702.3757422836983,1578.155809725453,701.8138308870339,1581.8570221975262,701.1521402183291,1585.546445038548,700.4273036125843,1589.2319551329772,699.6827251695304,1592.9221220491188,698.9616957457547,1596.6234258082436,698.3004257211904,1600.3388093225967,697.7237439693736,1604.0685776616326,697.2491878310325,1607.8113674082872,696.8919449758761,1611.564174286823,696.6630062351211,1615.3226824194433,696.5648015603538,1619.0824175800467,696.5900151935225,1622.839851345828,696.7250184665734,1626.592836425577,696.9528503021954,1630.3405657740288,697.2554272124847,1634.0833379376663,697.6143946431163,1637.8223964953133,698.0103300461416,1641.5594727767116,698.4246206153143,1645.2959651590847,698.8441541737444,1649.0318241458874,699.2692839882455,1652.7657167582327,699.7112999969539,1656.4954937245318,700.1866970322219,1660.218526226872,700.7121763576451,1663.9316747388275,701.3033440968602,1667.632435104229,701.9676433025841,1671.3202281324748,702.7006115356015,1674.997291263216,703.4857515975975,1678.6681893034918,704.2993064869072,1682.3391249215222,705.1126910992069,1686.0166375033289,705.8957042225013,1689.7055948100044,706.622780712804,1693.406859649697,707.2843316720288,1697.1186622950663,707.8840246240004,1700.8383065770129,708.4330867808526,1704.5630543112115,708.9464876583017,1708.2898578261515,709.444803246951,1712.0146322567784,709.9579867916312,1715.7344312067535,710.5060530672093,1719.4490840338237,711.087989274034,1723.1587034189588,711.7012044274928,1726.8634670847025,712.3431135569369,1730.5636119960943,713.0111405210561,1734.2594286080268,713.7027199430229,1737.951255196099,714.4152983596854,1741.6394683007538,715.1463546521921
